1.0 0.9695854067999999
2.0 0.9643328366999999
3.0 0.9609383524
4.0 0.9583606779
5.0 0.9562681556999999
6.0 0.9544779123
7.0 0.9528800546000001
8.0 0.9514285207999998
9.0 0.9500888048
10.0 0.9488110363000001
11.0 0.9475783648
12.0 0.9463950097
13.0 0.9452150941999999
14.0 0.9440597117999999
15.0 0.9429287137000001
16.0 0.9417912898999999
17.0 0.9406301082
18.0 0.9394656956
19.0 0.9382639231000001
20.0 0.9370687723
21.0 0.9358514667
22.0 0.9345818163
23.0 0.9333104313000001
24.0 0.9320141077
25.0 0.9306762693999999
26.0 0.9293394983000001
27.0 0.9279806315
28.0 0.9265802562
29.0 0.9251741825999998
30.0 0.9237452983999999
31.0 0.9222845436000002
32.0 0.9207784176999999
33.0 0.9192580224000002
34.0 0.9177124499
35.0 0.9161385537000001
36.0 0.9145293535000001
37.0 0.9129160881999999
38.0 0.911281103
39.0 0.9096128703999999
40.0 0.9079165041000001
41.0 0.9062125443
42.0 0.9044594167000002
43.0 0.9026962101
44.0 0.9008995234
45.0 0.8990893543
46.0 0.8972625791999999
47.0 0.8954078613
48.0 0.8935326694999999
49.0 0.8916320323999999
50.0 0.8897267459
51.0 0.8878081025
52.0 0.8858553231
53.0 0.8838973283999998
54.0 0.8819314362
55.0 0.8799366831000001
56.0 0.8779390573000001
57.0 0.8759047448
58.0 0.8738566399
59.0 0.8717986287
60.0 0.8697118342
61.0 0.8676080047000001
62.0 0.8655064523
63.0 0.8633744597999999
64.0 0.8612282276000002
65.0 0.8590733349
66.0 0.8569231391999999
67.0 0.8547385157999999
68.0 0.8525350270999998
69.0 0.8503162920000001
70.0 0.8480922758
71.0 0.8458621980000001
72.0 0.8436105011
73.0 0.8413597942
74.0 0.8390983581
75.0 0.8367967544999999
76.0 0.8345012367000001
77.0 0.8321911991000001
78.0 0.8298835338
79.0 0.8275226650999998
80.0 0.8251905204
81.0 0.8228496432
82.0 0.8204796673000001
83.0 0.8181058644999999
84.0 0.8157215536000001
85.0 0.8133377076
86.0 0.8109489975999999
87.0 0.8085404574000001
88.0 0.8061411857999999
89.0 0.8037185728999999
90.0 0.8013049902
91.0 0.7988861798
92.0 0.7964491725999999
93.0 0.7940229297
94.0 0.7915816843
95.0 0.7891526461
96.0 0.7867049336
97.0 0.7842697798999999
98.0 0.7818320096000001
99.0 0.7793704509
100.0 0.7769246458000001
101.0 0.774465418
102.0 0.7720118820999999
103.0 0.7695506751
104.0 0.7670845090999999
105.0 0.7646091938
106.0 0.7621110916000001
107.0 0.7595988631000001
108.0 0.7571043073
109.0 0.7545974254
110.0 0.7521068035999999
111.0 0.7496288595999999
112.0 0.7471313357
113.0 0.7446245908
114.0 0.7421129943
115.0 0.7396032394000001
116.0 0.7370980858
117.0 0.7345909
118.0 0.7320767999
119.0 0.7295670450000001
120.0 0.7270536483
121.0 0.7245220778999999
122.0 0.7219976306999999
123.0 0.7194756806
124.0 0.7169711707999998
125.0 0.7144443216
126.0 0.7119254529999999
127.0 0.7094013395000001
128.0 0.7068637431
129.0 0.7043569088
130.0 0.7018190979
131.0 0.6993013738999999
132.0 0.6967999757
133.0 0.6942994415
134.0 0.6917968511
135.0 0.6893018961000001
136.0 0.6867893994000001
137.0 0.6842724561000002
138.0 0.6817594470000001
139.0 0.6792372465
140.0 0.6767280398000002
141.0 0.6742045761
142.0 0.6716976583
143.0 0.669193548
144.0 0.6666885733
145.0 0.6641818702
146.0 0.6616779089000001
147.0 0.6591565252
148.0 0.6566500485000001
149.0 0.6541303039
150.0 0.6516341210000001
151.0 0.6491622507000001
152.0 0.6466735302
153.0 0.6441965937999999
154.0 0.6417131841
155.0 0.6392264127
156.0 0.6367420735
157.0 0.6342475713
158.0 0.6317678332
159.0 0.6292852582000001
160.0 0.6268228469999999
161.0 0.6243619621999998
162.0 0.6218995809999999
163.0 0.6194326162
164.0 0.6169735013000001
165.0 0.6145290314999998
166.0 0.6120857774
167.0 0.6096552015000001
168.0 0.6072125076
169.0 0.6047748148000001
170.0 0.6023274422
171.0 0.5998882592000001
172.0 0.5974401533
173.0 0.5950054408000001
174.0 0.5925844967
175.0 0.5901717364000001
176.0 0.5877595543
177.0 0.5853505075000001
178.0 0.5829408407
179.0 0.5805384339
180.0 0.5781320662
181.0 0.5757277311
182.0 0.5733236372999999
183.0 0.5709349481999999
184.0 0.5685371666
185.0 0.5661426007000001
186.0 0.5637505441000001
187.0 0.5613596230999999
188.0 0.5589736373
189.0 0.5565902203
190.0 0.5542031437999999
191.0 0.5518294336
192.0 0.5494713543
193.0 0.5470987289
194.0 0.5447356761
195.0 0.5423647701000001
196.0 0.5400134682
197.0 0.5376563728000001
198.0 0.5353016435
199.0 0.5329566777
200.0 0.530611372
201.0 0.5282639115
202.0 0.5259345918999999
203.0 0.5235977143999999
204.0 0.5212580413
205.0 0.5189344494999999
206.0 0.5166135759
207.0 0.5142901151999999
208.0 0.5119784950999999
209.0 0.5096602172
210.0 0.5073430658
211.0 0.5050385655
212.0 0.5027399123
213.0 0.5004536450999999
214.0 0.4981562405
215.0 0.4958493829
216.0 0.49355219009999984
217.0 0.4912419886
218.0 0.4889429687999999
219.0 0.48664617549999994
220.0 0.48435985159999995
221.0 0.482076785
222.0 0.47980820840000005
223.0 0.47753363570000007
224.0 0.47526111009999994
225.0 0.47299961449999994
226.0 0.47074071770000003
227.0 0.46848224400000005
228.0 0.4662436307
229.0 0.4640058548
230.0 0.46177106500000004
231.0 0.4595277755999999
232.0 0.45729587669999994
233.0 0.45506869550000006
234.0 0.45284405349999995
235.0 0.4506377549999999
236.0 0.4484145343
237.0 0.44619349540000003
238.0 0.4439768762
239.0 0.44176169629999995
240.0 0.43954256779999995
241.0 0.43733437959999993
242.0 0.4351178109000001
243.0 0.43291369390000006
244.0 0.43069135540000003
245.0 0.4284944058
246.0 0.42631362069999995
247.0 0.4241254747
248.0 0.42194210590000003
249.0 0.41974799639999993
250.0 0.4175692827
251.0 0.41540030530000005
252.0 0.41323472260000005
253.0 0.4110749334
254.0 0.40891218780000005
255.0 0.40675407640000005
256.0 0.40459639119999996
257.0 0.40244551589999994
258.0 0.40027852939999997
259.0 0.39811960160000004
260.0 0.39597076490000005
261.0 0.39382170159999996
262.0 0.39168595970000003
263.0 0.3895559966
264.0 0.3874318779
265.0 0.38530836690000003
266.0 0.3831892042000001
267.0 0.3810657799
268.0 0.37894050160000003
269.0 0.37683027969999994
270.0 0.3747213484
271.0 0.3726258338
272.0 0.3705234376999999
273.0 0.36843676279999993
274.0 0.36634714020000003
275.0 0.36424142119999997
276.0 0.36215030550000005
277.0 0.3600572556
278.0 0.3579740763
279.0 0.3559035987
280.0 0.3538202375
281.0 0.35174126769999997
282.0 0.3496702092
283.0 0.34760429559999995
284.0 0.3455334098000001
285.0 0.34347152389999996
286.0 0.34142077410000005
287.0 0.33937137289999997
288.0 0.33732793180000004
289.0 0.3352854607
290.0 0.3332429052
291.0 0.3312042712
292.0 0.32915938040000003
293.0 0.327126509
294.0 0.32507994619999997
295.0 0.3230495301
296.0 0.32102738610000003
297.0 0.3190230593
298.0 0.3170051543
299.0 0.31500125830000003
300.0 0.312999873
301.0 0.3109861181
302.0 0.3089806945
303.0 0.3069811003
304.0 0.3049960717
305.0 0.3029869736
306.0 0.3010015204
307.0 0.2990223274
308.0 0.2970386432
309.0 0.2950481355
310.0 0.29307169749999995
311.0 0.2910984085
312.0 0.28911899030000004
313.0 0.2871511027
314.0 0.28517981179999996
315.0 0.283213137
316.0 0.2812553436
317.0 0.2792910814
318.0 0.2773315459
319.0 0.27537612619999996
320.0 0.2734165014
321.0 0.2714762760999999
322.0 0.2695392876
323.0 0.267615947
324.0 0.26569973979999995
325.0 0.2637802394
326.0 0.26185557410000004
327.0 0.2599372269
328.0 0.258029169
329.0 0.2561153769
330.0 0.2542134731
331.0 0.25231232200000003
332.0 0.2504036009
333.0 0.2484917476
334.0 0.2465866612
335.0 0.2446840763
336.0 0.24279315760000003
337.0 0.24090150600000002
338.0 0.23899780810000001
339.0 0.23712242089999994
340.0 0.2352517335
341.0 0.2333833523
342.0 0.23152077580000002
343.0 0.2296625711
344.0 0.2277950547
345.0 0.22592919250000004
346.0 0.2240774229
347.0 0.2222073794
348.0 0.22032993070000004
349.0 0.21846060679999998
350.0 0.2166043855
351.0 0.21475233749999995
352.0 0.21290038530000005
353.0 0.211061742
354.0 0.20921977460000002
355.0 0.20738306177000002
356.0 0.20554178128000006
357.0 0.20371336931
358.0 0.20186972158
359.0 0.2000288651
360.0 0.19820880739000002
361.0 0.19638154281
362.0 0.19457993755
363.0 0.19275793750999998
364.0 0.19093219334
365.0 0.18911138855
366.0 0.18730055621000002
367.0 0.18548056103
368.0 0.18366536942
369.0 0.1818554974
370.0 0.18004335003000002
371.0 0.17824468905000002
372.0 0.17643517927999997
373.0 0.17466817935999998
374.0 0.17288243249
375.0 0.17111000125000003
376.0 0.16931535669999997
377.0 0.16753092566000002
378.0 0.16575024646
379.0 0.16397214127999998
380.0 0.16219474307999998
381.0 0.16041598503
382.0 0.15864013405000002
383.0 0.15687798710000003
384.0 0.15510196020000003
385.0 0.15332707844000001
386.0 0.15155299304999997
387.0 0.14979162113000002
388.0 0.14803349844
389.0 0.14627161884
390.0 0.14453646027
391.0 0.1427793932
392.0 0.14103105439000002
393.0 0.13928920621000002
394.0 0.13754312616
395.0 0.13579790587
396.0 0.13406000705999999
397.0 0.1323250731
398.0 0.13058071627999998
399.0 0.12886063149
400.0 0.12713656187000003
401.0 0.12542064795000002
402.0 0.12369475576000002
403.0 0.1219767768
404.0 0.12025814913000002
405.0 0.118559948469
406.0 0.11684542065299999
407.0 0.115142279308
408.0 0.11343957763099999
409.0 0.11172756193660001
410.0 0.11003632046299998
411.0 0.10834992961800001
412.0 0.10666215024099998
413.0 0.104993891742
414.0 0.10332615938600001
415.0 0.10165406893700002
416.0 0.10000350166590002
417.0 0.09833798280400001
418.0 0.096682562519
419.0 0.095025421909
420.0 0.0933587828103
421.0 0.09170088845
422.0 0.09003484244200001
423.0 0.0883791084627
424.0 0.08672213742989998
425.0 0.085082624337
426.0 0.08342875925699998
427.0 0.081774925862
428.0 0.08013914675
429.0 0.078484899075
430.0 0.07683716731
431.0 0.07519780244
432.0 0.07356111960999999
433.0 0.07193080286999999
434.0 0.07031243591
435.0 0.06870637203999999
436.0 0.06709528292
437.0 0.06548850517
438.0 0.06389026186999999
439.0 0.06228848884
440.0 0.06069006580999999
441.0 0.05909496381
442.0 0.057486346349999995
443.0 0.05589322186999999
444.0 0.054302262469999994
445.0 0.052707581690000005
446.0 0.051119562650000006
447.0 0.04952472664
448.0 0.04794009696
449.0 0.04635477181
450.0 0.044768428010000014
451.0 0.04318741117
452.0 0.04161152649
453.0 0.04004487176
454.0 0.03848826813
455.0 0.03692915347
456.0 0.03536445897
457.0 0.03380514276
458.0 0.032242736200000004
459.0 0.030715503170000002
460.0 0.029171700680000003
461.0 0.02761273804
462.0 0.026065804950000004
463.0 0.02451992594
464.0 0.02298701778
465.0 0.02144482621999999
466.0 0.019907423230000006
467.0 0.018367456600000002
468.0 0.016838903590000003
469.0 0.015319442059000002
470.0 0.0138061937
471.0 0.012296391164000003
472.0 0.010792289649
473.0 0.009290202300000001
474.0 0.007784258051999995
475.0 0.006290645668299999
476.0 0.004795167137000001
477.0 0.003309834034999995
478.0 0.0018283931989999964
479.0 0.00034823562900000054
480.0 -0.0011494393810000006
481.0 -0.0026229832110000006
482.0 -0.004079012219000003
483.0 -0.005542802840000006
484.0 -0.007011244320200008
485.0 -0.008466736321999999
486.0 -0.009914348197000003
487.0 -0.011367723480000001
488.0 -0.012827843065999999
489.0 -0.014276891881999997
490.0 -0.015735870941
491.0 -0.0172022506
492.0 -0.018653256859999995
493.0 -0.020112286022
494.0 -0.021555181034600003
495.0 -0.022996199755399994
496.0 -0.024449230231999998
497.0 -0.025884714282
498.0 -0.027322295344000002
499.0 -0.028755227271000005
500.0 -0.030176549986
501.0 -0.03159513822099999
502.0 -0.033003497818
503.0 -0.03441537709
504.0 -0.03583084566
505.0 -0.03722600138
506.0 -0.038625314419999994
507.0 -0.04002037540000001
508.0 -0.041414034899999994
509.0 -0.0428172542
510.0 -0.044215520390000006
511.0 -0.04560215011
512.0 -0.04700142323
513.0 -0.04839573845
514.0 -0.049777617239999995
515.0 -0.05116898448
516.0 -0.05254774933999999
517.0 -0.05391854078
518.0 -0.055294744820000005
519.0 -0.056675010580000004
520.0 -0.05804475946
521.0 -0.0593887917
522.0 -0.06073528936
523.0 -0.06207737806
524.0 -0.0634118094
525.0 -0.06474490466
526.0 -0.06608906044
527.0 -0.06743912911
528.0 -0.06876604262
529.0 -0.07011221757
530.0 -0.07144983925000001
531.0 -0.07279270787
532.0 -0.07412708069
533.0 -0.0754669097
534.0 -0.07678816842
535.0 -0.07810501709
536.0 -0.0794349495
537.0 -0.08075247820999999
538.0 -0.08206754592000001
539.0 -0.08337012264999999
540.0 -0.08464811672
541.0 -0.08593462481
542.0 -0.08721905198999999
543.0 -0.08850545623000002
544.0 -0.08978852885000001
545.0 -0.09106195266999999
546.0 -0.0923450578
547.0 -0.09361053998
548.0 -0.09489223228999999
549.0 -0.09616976269000001
550.0 -0.09744308778
551.0 -0.09871758190999999
552.0 -0.0999957549
553.0 -0.10126515511
554.0 -0.10252497145000002
555.0 -0.10378206396
556.0 -0.10503203791
557.0 -0.10628510722
558.0 -0.1075272016
559.0 -0.10877076957999998
560.0 -0.11001025991999999
561.0 -0.11125290279000002
562.0 -0.1124915666
563.0 -0.11372860457999998
564.0 -0.11496501093999997
565.0 -0.11620252222
566.0 -0.11741363181
567.0 -0.11862231927
568.0 -0.11983110963000002
569.0 -0.12103363166
570.0 -0.12222685695999999
571.0 -0.12341299831000001
572.0 -0.12459093011000003
573.0 -0.12578123388
574.0 -0.12697496619999998
575.0 -0.1281605207
576.0 -0.12934774192
577.0 -0.13053504977
578.0 -0.13170576161999997
579.0 -0.13287986109
580.0 -0.13404455769
581.0 -0.1352012669
582.0 -0.13637175736899998
583.0 -0.13753261605999997
584.0 -0.138683816487
585.0 -0.139830773829
586.0 -0.140994394608
587.0 -0.14214175413
588.0 -0.143288208438
589.0 -0.14443276500899999
590.0 -0.1455869810233
591.0 -0.14672216239749997
592.0 -0.147859905999
593.0 -0.14899315884608003
594.0 -0.150113302193
595.0 -0.151246355688
596.0 -0.152382004662
597.0 -0.153494098861
598.0 -0.154603685007
599.0 -0.15571176071600001
600.0 -0.15681522184299998
601.0 -0.15791910976200002
602.0 -0.15901629901
603.0 -0.160110052
604.0 -0.16120611044
605.0 -0.16229809154
606.0 -0.16338399808999998
607.0 -0.16447838244000001
608.0 -0.16556241866
609.0 -0.16666174606999998
610.0 -0.16773661723999997
611.0 -0.16880206961000002
612.0 -0.16988810991
613.0 -0.17096490811999998
614.0 -0.17202014381999997
615.0 -0.17308332555000003
616.0 -0.17413945848
617.0 -0.17519601637
618.0 -0.17624690928
619.0 -0.17728671804999996
620.0 -0.17832858221999998
621.0 -0.17938539106
622.0 -0.18043423381
623.0 -0.18146722115999997
624.0 -0.18249671076
625.0 -0.18353791527000002
626.0 -0.18457694969
627.0 -0.18559184086
628.0 -0.18659911557
629.0 -0.18761050614000002
630.0 -0.18862447530999998
631.0 -0.18962985413
632.0 -0.19064298018999998
633.0 -0.19164594799999998
634.0 -0.19264170855999999
635.0 -0.19363491615
636.0 -0.19462272547
637.0 -0.195615026525
638.0 -0.19658129636399999
639.0 -0.19753844674899998
640.0 -0.19851297014500002
641.0 -0.199482804539
642.0 -0.20044945912999998
643.0 -0.20139545043399995
644.0 -0.20234591311199995
645.0 -0.20329592541000002
646.0 -0.20423472907
647.0 -0.20516709298309999
648.0 -0.20609783436580004
649.0 -0.207036071218
650.0 -0.20797186945800003
651.0 -0.20889446193300004
652.0 -0.209803719739
653.0 -0.21070807298699998
654.0 -0.21161573128
655.0 -0.21251031683899999
656.0 -0.21341035822999999
657.0 -0.2143096207
658.0 -0.21520150437000002
659.0 -0.21609146557300002
660.0 -0.21697621629000002
661.0 -0.21785906896
662.0 -0.21874186289000003
663.0 -0.2196213782
664.0 -0.22049145464
665.0 -0.22136059242000003
666.0 -0.22222872597999999
667.0 -0.22308655723999998
668.0 -0.2239265594
669.0 -0.22474817668
670.0 -0.22559449613
671.0 -0.22643735338999998
672.0 -0.22727214314
673.0 -0.22809350995999997
674.0 -0.22894178789000005
675.0 -0.22977426806000004
676.0 -0.23059718362999998
677.0 -0.23141791317
678.0 -0.23221958413000002
679.0 -0.23302304194999998
680.0 -0.23381124677999998
681.0 -0.23460669005000004
682.0 -0.23540384067
683.0 -0.23618514833
684.0 -0.23697152918000003
685.0 -0.23775548269
686.0 -0.23852227849000002
687.0 -0.23929026950999996
688.0 -0.24004291669999994
689.0 -0.24080028914999999
690.0 -0.24156098628999997
691.0 -0.24231670274
692.0 -0.24306017059000004
693.0 -0.24381224329
694.0 -0.244550961
695.0 -0.24529506329
696.0 -0.24602298710999998
697.0 -0.24674998423
698.0 -0.24746718183
699.0 -0.24819953990999996
700.0 -0.24889855541999997
701.0 -0.24960648829999998
702.0 -0.25030966544
703.0 -0.25100410886
704.0 -0.25171089879999997
705.0 -0.25238934380999994
706.0 -0.25305523711
707.0 -0.25371089126
708.0 -0.25436867223000004
709.0 -0.2550260967300001
710.0 -0.25566789132
711.0 -0.25631187130999994
712.0 -0.25694577952
713.0 -0.2575858812
714.0 -0.25820883066000005
715.0 -0.25883662333
716.0 -0.25946322934
717.0 -0.26008564459
718.0 -0.26070203933
719.0 -0.26131597439
720.0 -0.26191524441
721.0 -0.26250746502
722.0 -0.26309885153999996
723.0 -0.26367648810000005
724.0 -0.26425139389
725.0 -0.26482104947999996
726.0 -0.26538809697
727.0 -0.2659530930400001
728.0 -0.26649881614000004
729.0 -0.2670365579499999
730.0 -0.26756270378
731.0 -0.26809979738
732.0 -0.26863462998000004
733.0 -0.2691602252
734.0 -0.26967414993
735.0 -0.27019142818999997
736.0 -0.27069896845999997
737.0 -0.27121203407
738.0 -0.27170832523999994
739.0 -0.27219951467
740.0 -0.27268009782
741.0 -0.27314820675999996
742.0 -0.27361439457
743.0 -0.27407608115
744.0 -0.27452189017000006
745.0 -0.2749775662
746.0 -0.27542272888
747.0 -0.27586917795
748.0 -0.27631348213
749.0 -0.27674357363
750.0 -0.2771545172
751.0 -0.27757450196
752.0 -0.27797872108999994
753.0 -0.27838359323999995
754.0 -0.27878011402
755.0 -0.27917230496
756.0 -0.27956244127
757.0 -0.27992237889000005
758.0 -0.28030281885
759.0 -0.28066451336
760.0 -0.28102702205999996
761.0 -0.28138501199
762.0 -0.28174610664
763.0 -0.28209267474
764.0 -0.28243040894
765.0 -0.28275648642
766.0 -0.28308120225
767.0 -0.28339864611
768.0 -0.2837117732
769.0 -0.28401383020000004
770.0 -0.28430465070000005
771.0 -0.2845877213
772.0 -0.2848737149999999
773.0 -0.28514545480000003
774.0 -0.2854174337
775.0 -0.28568729989999997
776.0 -0.2859378361
777.0 -0.2861795671
778.0 -0.2864249601
779.0 -0.2866503283
780.0 -0.2868919507
781.0 -0.28711219639999996
782.0 -0.2873197235
783.0 -0.28753360879999995
784.0 -0.2877354979000001
785.0 -0.28792376889999993
786.0 -0.28811876329999997
787.0 -0.28831130349999995
788.0 -0.2884869255
789.0 -0.28864946210000003
790.0 -0.2888008461
791.0 -0.2889598452
792.0 -0.2891077072
793.0 -0.2892508814
794.0 -0.28938608169999996
795.0 -0.2895161152
796.0 -0.2896553233
797.0 -0.289785871
798.0 -0.2899034678
799.0 -0.29001638279999997
800.0 -0.29011940360000005
801.0 -0.2902145892
802.0 -0.2903011874
803.0 -0.29037725639999995
804.0 -0.290443054
805.0 -0.29049313359999995
806.0 -0.2905546591
807.0 -0.2906152426
808.0 -0.29067045150000004
809.0 -0.2907177195
810.0 -0.2907591893
811.0 -0.2907968566
812.0 -0.29082795689999996
813.0 -0.290848644
814.0 -0.29086821379999994
815.0 -0.29088922889999996
816.0 -0.2908980921
817.0 -0.2909170524
818.0 -0.2909368142
819.0 -0.29093263
820.0 -0.2909186677
821.0 -0.2908876047
822.0 -0.2908510313
823.0 -0.2908262552
824.0 -0.2907923116000001
825.0 -0.290745273
826.0 -0.29069189409999996
827.0 -0.2906291784
828.0 -0.2905643239
829.0 -0.29050313400000005
830.0 -0.29043104799999997
831.0 -0.2903550475000001
832.0 -0.2902557046
833.0 -0.2901636809
834.0 -0.29007187180000005
835.0 -0.2899729221999999
836.0 -0.289862965
837.0 -0.2897485778
838.0 -0.28962504869999994
839.0 -0.2895002946
840.0 -0.28937979639999994
841.0 -0.2892511503
842.0 -0.289114994
843.0 -0.2889700681
844.0 -0.2888061583
845.0 -0.2886584251
846.0 -0.2885029779
847.0 -0.28834409120000004
848.0 -0.28817494520000003
849.0 -0.2880049586
850.0 -0.28783860959999996
851.0 -0.28765574099999996
852.0 -0.28746070420000003
853.0 -0.2872561066
854.0 -0.287055631
855.0 -0.2868579371
856.0 -0.28664299410000005
857.0 -0.2864281595
858.0 -0.2862040847
859.0 -0.2859867437
860.0 -0.2857646153
861.0 -0.28554350139999995
862.0 -0.2853096962
863.0 -0.28507144289999997
864.0 -0.28483514639999996
865.0 -0.28461048310000003
866.0 -0.2843647657
867.0 -0.2841230945
868.0 -0.2838855224
869.0 -0.2836351067
870.0 -0.2833643855
871.0 -0.28309510339999994
872.0 -0.2828149319
873.0 -0.2825411574
874.0 -0.28227335969999995
875.0 -0.2819944039
876.0 -0.281711699
877.0 -0.2814349606
878.0 -0.28115371759999996
879.0 -0.2808669389
880.0 -0.28057928990000003
881.0 -0.2802728458
882.0 -0.27995854629999994
883.0 -0.2796349199
884.0 -0.27931359120000004
885.0 -0.27898911090000006
886.0 -0.2786732213
887.0 -0.27835181359999994
888.0 -0.27802780559999996
889.0 -0.277699767
890.0 -0.2773680076
891.0 -0.27702206090000003
892.0 -0.27667254659999996
893.0 -0.27631856200000005
894.0 -0.275968717
895.0 -0.2756267308
896.0 -0.2752502367
897.0 -0.27488989540000003
898.0 -0.2745155497
899.0 -0.274154745
900.0 -0.2737762048
901.0 -0.2734004886
902.0 -0.27301570619999993
903.0 -0.2726318433
904.0 -0.2722370341
905.0 -0.2718396074
906.0 -0.2714325436
907.0 -0.2710408627
908.0 -0.2706431716
909.0 -0.27023142559999996
910.0 -0.26980542839999994
911.0 -0.2693919324
912.0 -0.26898524910000005
913.0 -0.2685590975
914.0 -0.26814485709999997
915.0 -0.2677233158
916.0 -0.26729846209999997
917.0 -0.26688133999999997
918.0 -0.2664648279
919.0 -0.26602887649999996
920.0 -0.2655976399
921.0 -0.26516710000000004
922.0 -0.2647133292
923.0 -0.26426157510000003
924.0 -0.2638075828
925.0 -0.26335271450000003
926.0 -0.2629058114
927.0 -0.2624504858
928.0 -0.26201229909999996
929.0 -0.26156042830000004
930.0 -0.26108682819999995
931.0 -0.2606256582
932.0 -0.26015807085
933.0 -0.25969522522000005
934.0 -0.25922175566999994
935.0 -0.25875265521
936.0 -0.25827365525
937.0 -0.25779296077999997
938.0 -0.25729854407
939.0 -0.25681976751999996
940.0 -0.25633229773000005
941.0 -0.25584778620000004
942.0 -0.25535887023
943.0 -0.25487143174
944.0 -0.25438111570999994
945.0 -0.25388937671
946.0 -0.25339013809
947.0 -0.25290132323
948.0 -0.25241238096
949.0 -0.25190343799000003
950.0 -0.25140274558
951.0 -0.25089590332
952.0 -0.2503798508
953.0 -0.24985876825000003
954.0 -0.24933447905999997
955.0 -0.24881692016999998
956.0 -0.24828223518999998
957.0 -0.24774532161999993
958.0 -0.24720712608
959.0 -0.24665453732000003
960.0 -0.24611195335999997
961.0 -0.24557220485999998
962.0 -0.2450380793
963.0 -0.24448665089999996
964.0 -0.24394477590000002
965.0 -0.24339416827
966.0 -0.24284298115000005
967.0 -0.24228568740000003
968.0 -0.24173073842999998
969.0 -0.24118027026999997
970.0 -0.24063489206000002
971.0 -0.24007318461000002
972.0 -0.23951967509000002
973.0 -0.23896170342
974.0 -0.23840887519999998
975.0 -0.23785677436000002
976.0 -0.23729272934
977.0 -0.23674027918
978.0 -0.23618147464
979.0 -0.23561408402
980.0 -0.23505024133000002
981.0 -0.23448223255
982.0 -0.23391668749000005
983.0 -0.23334950089999995
984.0 -0.23279182423
985.0 -0.23221568358000005
986.0 -0.23162454962
987.0 -0.23105629698
988.0 -0.23047656528
989.0 -0.2299005004
990.0 -0.22931938579
991.0 -0.22872825974000005
992.0 -0.22813127198
993.0 -0.22754757228
994.0 -0.22694558197
995.0 -0.22635043674
996.0 -0.22575223385000004
997.0 -0.22516849174
998.0 -0.22457565256999995
999.0 -0.22399128600999996
1000.0 -0.22340536525000002
1001.0 -0.22282713341
1002.0 -0.22223489554000003
1003.0 -0.22165298207
1004.0 -0.22105541901000003
1005.0 -0.22045694839000002
1006.0 -0.21985565041
1007.0 -0.2192500527800001
1008.0 -0.21864996594
1009.0 -0.21803477758
1010.0 -0.21742319559000003
1011.0 -0.21680623616
1012.0 -0.21620462034999996
1013.0 -0.21559119661
1014.0 -0.21498688051
1015.0 -0.21438662952
1016.0 -0.21378082751000002
1017.0 -0.21317286392000004
1018.0 -0.21255735047000007
1019.0 -0.21194555638000004
1020.0 -0.21133716148
1021.0 -0.21071697669999995
1022.0 -0.21008445711
1023.0 -0.20945700171000006
1024.0 -0.20883516001999997
1025.0 -0.20821194876000004
1026.0 -0.20758984321
1027.0 -0.20697476012
1028.0 -0.20634697576
1029.0 -0.20571617729000002
1030.0 -0.20509668747999998
1031.0 -0.204467348412
1032.0 -0.20384521292899999
1033.0 -0.203211829751
1034.0 -0.20257514754500003
1035.0 -0.20193698922900002
1036.0 -0.20131768709999998
1037.0 -0.20068984104000004
1038.0 -0.200056092273
1039.0 -0.199428115267
1040.0 -0.19878648828299997
1041.0 -0.19814311123290002
1042.0 -0.19750897944499995
1043.0 -0.19685818013600004
1044.0 -0.196207075599
1045.0 -0.195571608903
1046.0 -0.194921827354
1047.0 -0.19428676744200002
1048.0 -0.193650885299
1049.0 -0.19302026339439998
1050.0 -0.19237676857629996
1051.0 -0.191729636457
1052.0 -0.19109118495799998
1053.0 -0.19045753842899998
1054.0 -0.189830034098
1055.0 -0.18920070773299996
1056.0 -0.18857500951900003
1057.0 -0.18796379327978002
1058.0 -0.18733510456199998
1059.0 -0.186717196837
1060.0 -0.18610185923699996
1061.0 -0.185474735708
1062.0 -0.1848595302896
1063.0 -0.18423225382699998
1064.0 -0.18361414548100002
1065.0 -0.18298171298999996
1066.0 -0.182350530724
1067.0 -0.181713170872
1068.0 -0.181076724891
1069.0 -0.18042779727000005
1070.0 -0.17978895199
1071.0 -0.17914935691
1072.0 -0.17850987600999998
1073.0 -0.17787113378000002
1074.0 -0.17723110684
1075.0 -0.17658318135999998
1076.0 -0.17594198982
1077.0 -0.17529225108
1078.0 -0.17464552898
1079.0 -0.17399291750999998
1080.0 -0.17335439378
1081.0 -0.17270247082999998
1082.0 -0.17205061794999998
1083.0 -0.17140019579000004
1084.0 -0.1707542014
1085.0 -0.17011326323
1086.0 -0.16946511414
1087.0 -0.16882052827
1088.0 -0.1681730354
1089.0 -0.16753689069000002
1090.0 -0.16689318203
1091.0 -0.16624805738999998
1092.0 -0.16560279088000002
1093.0 -0.16495166274
1094.0 -0.16430170248
1095.0 -0.16365537307
1096.0 -0.16302514967999998
1097.0 -0.16238461581000002
1098.0 -0.16174678289
1099.0 -0.16110189669999997
1100.0 -0.16045457051
1101.0 -0.15980238095
1102.0 -0.15915322835
1103.0 -0.15848944813000002
1104.0 -0.15783102882000002
1105.0 -0.15716846588999997
1106.0 -0.1565058205
1107.0 -0.15585687309999996
1108.0 -0.15520277680999997
1109.0 -0.15457118563
1110.0 -0.15392314345000002
1111.0 -0.15329102417999999
1112.0 -0.15265808491000002
1113.0 -0.15203237445
1114.0 -0.15141089178
1115.0 -0.15079813373
1116.0 -0.15016655774
1117.0 -0.14953868615
1118.0 -0.14892064182999998
1119.0 -0.14829345417
1120.0 -0.14765919266
1121.0 -0.14702775168999999
1122.0 -0.14639445435
1123.0 -0.14575402441
1124.0 -0.14510640276000003
1125.0 -0.14447335126
1126.0 -0.14384034122999997
1127.0 -0.14318967252999998
1128.0 -0.14255189109
1129.0 -0.14191937371
1130.0 -0.14128332477999997
1131.0 -0.14065246575
1132.0 -0.14001604617999996
1133.0 -0.13939164141000002
1134.0 -0.13876228107
1135.0 -0.13813831745
1136.0 -0.13750519227
1137.0 -0.13687317525999998
1138.0 -0.13622217024
1139.0 -0.1355879851
1140.0 -0.13496355666
1141.0 -0.13432903896
1142.0 -0.13369739656000001
1143.0 -0.13306916719
1144.0 -0.13245432148999997
1145.0 -0.13183791706999998
1146.0 -0.13120885194999996
1147.0 -0.13059556033000003
1148.0 -0.12996736174999998
1149.0 -0.12935655936999998
1150.0 -0.12873820815000003
1151.0 -0.12811564069999998
1152.0 -0.12750044092
1153.0 -0.12688473094000002
1154.0 -0.12625965324000002
1155.0 -0.12562718393
1156.0 -0.12501301986
1157.0 -0.12439520926
1158.0 -0.12376637567
1159.0 -0.12315326819999999
1160.0 -0.12253730745
1161.0 -0.12192025102
1162.0 -0.12130757934000003
1163.0 -0.12070363368999999
1164.0 -0.12009526237999997
1165.0 -0.11947202011
1166.0 -0.11885612245000002
1167.0 -0.11824386608
1168.0 -0.11762943449
1169.0 -0.11702356882
1170.0 -0.11640345192000001
1171.0 -0.11579060214999999
1172.0 -0.11517561001000001
1173.0 -0.11456690051999996
1174.0 -0.11396138589
1175.0 -0.11334290985999998
1176.0 -0.11272980658799998
1177.0 -0.11210500602900002
1178.0 -0.11149122118000002
1179.0 -0.110884005212
1180.0 -0.11026577225420002
1181.0 -0.10966173471599998
1182.0 -0.109060356422
1183.0 -0.10844657689100001
1184.0 -0.10782537413999997
1185.0 -0.10721895974000002
1186.0 -0.10660830427000004
1187.0 -0.10599069916
1188.0 -0.10539129104000003
1189.0 -0.10478541446
1190.0 -0.10418836351999998
1191.0 -0.10358600537
1192.0 -0.10298703746999997
1193.0 -0.10238919075
1194.0 -0.10178648356
1195.0 -0.10117427896
1196.0 -0.10056799803000001
1197.0 -0.09997026476
1198.0 -0.09935897769999999
1199.0 -0.09875667741000001
1200.0 -0.09816976256000001
1201.0 -0.09756657282000003
1202.0 -0.09697458151000002
1203.0 -0.09638065206000002
1204.0 -0.09577979067999999
1205.0 -0.09517641142000002
1206.0 -0.09458141392
1207.0 -0.09397782615999999
1208.0 -0.09339231606
1209.0 -0.09278845636
1210.0 -0.09219324669999998
1211.0 -0.09159365520000003
1212.0 -0.09099880902000002
1213.0 -0.09039777360999998
1214.0 -0.08979137252999998
1215.0 -0.08919555532999998
1216.0 -0.08859204881
1217.0 -0.08799731058999999
1218.0 -0.08739087437000001
1219.0 -0.08679568457
1220.0 -0.08618350030000002
1221.0 -0.08559098379999999
1222.0 -0.0850021074
1223.0 -0.08441541799999999
1224.0 -0.08382134819999998
1225.0 -0.0832220048
1226.0 -0.08263265039999998
1227.0 -0.08203432930000001
1228.0 -0.08143668480000002
1229.0 -0.08084281610000002
1230.0 -0.08023447099999999
1231.0 -0.07963218250000001
1232.0 -0.07904283170000001
1233.0 -0.0784498254
1234.0 -0.07785697269999999
1235.0 -0.0772416182
1236.0 -0.0766643844
1237.0 -0.0760731406
1238.0 -0.07548802869999996
1239.0 -0.0748969271
1240.0 -0.0743031143
1241.0 -0.0737152918
1242.0 -0.07313881739999999
1243.0 -0.07255056130000001
1244.0 -0.07196829769999999
1245.0 -0.07139302210000001
1246.0 -0.07081155193000001
1247.0 -0.07022365097999998
1248.0 -0.06964412492000001
1249.0 -0.06906746029999998
1250.0 -0.06849281932000001
1251.0 -0.0679177411
1252.0 -0.06733874306000001
1253.0 -0.06675635066
1254.0 -0.06617364961999998
1255.0 -0.06559152527999998
1256.0 -0.0650140672
1257.0 -0.06443190791999998
1258.0 -0.06384909952999998
1259.0 -0.06328559369
1260.0 -0.06271677984
1261.0 -0.06215151764
1262.0 -0.06158030326999999
1263.0 -0.06100626231000002
1264.0 -0.06044645465
1265.0 -0.05988099656999999
1266.0 -0.059322648599999986
1267.0 -0.058741626189999986
1268.0 -0.0581797369
1269.0 -0.05761172177
1270.0 -0.05704386068999999
1271.0 -0.056470886510000005
1272.0 -0.055919735859999986
1273.0 -0.05536568456
1274.0 -0.05481225851
1275.0 -0.054257301869999996
1276.0 -0.053731427229999996
1277.0 -0.05317334457
1278.0 -0.05263357640000001
1279.0 -0.052097924459999986
1280.0 -0.05155133302999998
1281.0 -0.05102303749
1282.0 -0.05049437249000001
1283.0 -0.04996937102999999
1284.0 -0.049446774410000005
1285.0 -0.04890528963000001
1286.0 -0.04838351346000001
1287.0 -0.04786538415
1288.0 -0.04733980325
1289.0 -0.046817968540000005
1290.0 -0.04630675734000002
1291.0 -0.04580642357999999
1292.0 -0.04529545557999999
1293.0 -0.044788593239999994
1294.0 -0.04426578592999998
1295.0 -0.043754907229999994
1296.0 -0.04323357515999998
1297.0 -0.04271853596999999
1298.0 -0.04220826023
1299.0 -0.04169709117999999
1300.0 -0.041191116700000016
1301.0 -0.040682727540000005
1302.0 -0.040176423969999986
1303.0 -0.039670357100000005
1304.0 -0.03916912970999999
1305.0 -0.03866162308
1306.0 -0.03817051709999999
1307.0 -0.03769295160999999
1308.0 -0.037206198860000005
1309.0 -0.03671764097
1310.0 -0.03623338213000001
1311.0 -0.03575099385999999
1312.0 -0.035260299489999994
1313.0 -0.03474491804
1314.0 -0.034269599809999995
1315.0 -0.033785083009999994
1316.0 -0.03329718059
1317.0 -0.032806219979999995
1318.0 -0.03231688013000001
1319.0 -0.03181795124
1320.0 -0.03134270751199999
1321.0 -0.030877162093999988
1322.0 -0.030414279204000007
1323.0 -0.02996070675499999
1324.0 -0.029489944045000015
1325.0 -0.029036980477000006
1326.0 -0.028577820497999985
1327.0 -0.028113324168999997
1328.0 -0.027652704892299994
1329.0 -0.027193501737000005
1330.0 -0.02672630263000001
1331.0 -0.026253147312000014
1332.0 -0.02579788569399999
1333.0 -0.025346731250000004
1334.0 -0.024883963665000005
1335.0 -0.024424259463000014
1336.0 -0.023967265767
1337.0 -0.023525365370000002
1338.0 -0.02306633375
1339.0 -0.022610285279999993
1340.0 -0.02215356923000001
1341.0 -0.021701601899999996
1342.0 -0.021260839700000006
1343.0 -0.020830348889999996
1344.0 -0.020395116259999995
1345.0 -0.019966473980000003
1346.0 -0.01954195121000001
1347.0 -0.019101476109999994
1348.0 -0.018671539029999993
1349.0 -0.01823482242
1350.0 -0.01780492208
1351.0 -0.017384425780000004
1352.0 -0.016963843400000008
1353.0 -0.016546916319999994
1354.0 -0.016119439079999985
1355.0 -0.015712819829999995
1356.0 -0.015291860979999999
1357.0 -0.014886064530000003
1358.0 -0.014479768600000002
1359.0 -0.014067482710000004
1360.0 -0.013657278140000003
1361.0 -0.013250468890000014
1362.0 -0.012842451949999991
1363.0 -0.012442141649999997
1364.0 -0.012043918109999992
1365.0 -0.011630735180000004
1366.0 -0.011231580339999997
1367.0 -0.010836702629999992
1368.0 -0.010436224570000003
1369.0 -0.010051625789999987
1370.0 -0.009672698759999996
1371.0 -0.00927517113
1372.0 -0.008901430679999999
1373.0 -0.008516762739999994
1374.0 -0.008123971830000012
1375.0 -0.0077362310500000055
1376.0 -0.007352034689999992
1377.0 -0.006964120579999999
1378.0 -0.006592613199999995
1379.0 -0.0062096852199999995
1380.0 -0.005835502550000008
1381.0 -0.005448553040000001
1382.0 -0.005077267120000004
1383.0 -0.004703696449999989
1384.0 -0.004328049370000001
1385.0 -0.003953307149999993
1386.0 -0.003576037950000005
1387.0 -0.003182858960000001
1388.0 -0.002801273050000003
1389.0 -0.002419016419999995
1390.0 -0.0020374142600000033
1391.0 -0.0016874388399999996
1392.0 -0.0013327017500000065
1393.0 -0.0009692252200000029
1394.0 -0.00061691098000001
1395.0 -0.0002691754700000104
1396.0 8.56534799999975e-05
1397.0 0.00043143853999999396
1398.0 0.0007923328200000219
1399.0 0.0011590064000000135
1400.0 0.001515773169999997
1401.0 0.0018649086299999964
1402.0 0.002208785079999993
1403.0 0.002555931499999996
1404.0 0.0028874881000000006
1405.0 0.0032227606599999985
1406.0 0.003564180459999991
1407.0 0.003909648249999993
1408.0 0.004243597389999997
1409.0 0.004584106209999998
1410.0 0.004920065659999993
1411.0 0.005253820229999993
1412.0 0.0055715523600000025
1413.0 0.0058921408600000015
1414.0 0.006217133270000003
1415.0 0.006536344550000003
1416.0 0.006857402589999997
1417.0 0.007161503720000002
1418.0 0.007472088019999999
1419.0 0.007790133929999996
1420.0 0.008093451339999986
1421.0 0.008405743880000004
1422.0 0.008723370190000013
1423.0 0.009020426429999997
1424.0 0.009327754829999993
1425.0 0.009638506050000006
1426.0 0.009932102549999999
1427.0 0.010223474779999995
1428.0 0.010514618679999994
1429.0 0.010802940179999993
1430.0 0.011095235209999998
1431.0 0.011379978020000002
1432.0 0.011670586739999999
1433.0 0.011960237379999992
1434.0 0.012252618000000003
1435.0 0.012520812130000007
1436.0 0.012807381930000005
1437.0 0.013087518440000005
1438.0 0.01337156819000001
1439.0 0.013639305559999995
1440.0 0.013904500769999995
1441.0 0.014174490980000004
1442.0 0.014439508289999996
1443.0 0.014688286159999989
1444.0 0.014961214479999995
1445.0 0.015237404019999994
1446.0 0.015491696770000004
1447.0 0.015754793479999998
1448.0 0.016013290349999997
1449.0 0.016272954969999993
1450.0 0.016538683930000003
1451.0 0.016788322030000007
1452.0 0.017030532370000004
1453.0 0.017278087929999998
1454.0 0.017526243900000005
1455.0 0.017777301409999995
1456.0 0.018024195159999996
1457.0 0.01825743731
1458.0 0.018493275700000006
1459.0 0.018733554790000002
1460.0 0.01896379867000001
1461.0 0.019190021389999996
1462.0 0.019428718350000002
1463.0 0.019661145769999996
1464.0 0.019898954640000004
1465.0 0.02012535221
1466.0 0.020354273180000004
1467.0 0.020583337769999988
1468.0 0.020822207660000015
1469.0 0.021042606450000004
1470.0 0.021273077129999988
1471.0 0.02149278673999999
1472.0 0.021719060589999985
1473.0 0.021938020940000004
1474.0 0.022156494840000006
1475.0 0.022361765140000007
1476.0 0.022576478679999994
1477.0 0.022771110250000014
1478.0 0.02298823561999999
1479.0 0.023191745171000006
1480.0 0.023392484903999994
1481.0 0.023585208279000007
1482.0 0.02376541669400001
1483.0 0.023934898444000006
1484.0 0.024119822690000008
1485.0 0.02431859510499999
1486.0 0.024502206759
1487.0 0.024694362595999997
1488.0 0.024865576474000006
1489.0 0.025042426286999996
1490.0 0.025218578065499996
1491.0 0.02540485977145
1492.0 0.025587319566600004
1493.0 0.025759675123999997
1494.0 0.025923705033
1495.0 0.026097404331000003
1496.0 0.026249828315
1497.0 0.026395088914999996
1498.0 0.026545074965
1499.0 0.026700150622000002
1500.0 0.026850794153999998
1501.0 0.026999945444000008
1502.0 0.027148511960000003
1503.0 0.027292971086000005
1504.0 0.027443189370000003
1505.0 0.027582666900000007
1506.0 0.027733470240000002
1507.0 0.02787055655
1508.0 0.0280037842
1509.0 0.028138164240000003
1510.0 0.028272663479999998
1511.0 0.028392176719999995
1512.0 0.028533883530000005
1513.0 0.028658345800000005
1514.0 0.028779558959999996
1515.0 0.028909064409999997
1516.0 0.02903157577
1517.0 0.02915414691999999
1518.0 0.02927577587
1519.0 0.029382544850000004
1520.0 0.029489112470000002
1521.0 0.02959222922
1522.0 0.02968742656
1523.0 0.029785314349999998
1524.0 0.029884376290000004
1525.0 0.02997813289000001
1526.0 0.030080879690000006
1527.0 0.03018916547
1528.0 0.03027458901
1529.0 0.030375228330000004
1530.0 0.03048347955999999
1531.0 0.030578204809999992
1532.0 0.030684096350000006
1533.0 0.0307737415
1534.0 0.030867518050000004
1535.0 0.030957204250000002
1536.0 0.031042513199999993
1537.0 0.031126764109999993
1538.0 0.031207528450000004
1539.0 0.03128587703
1540.0 0.03136725024999999
1541.0 0.03144885977999999
1542.0 0.03153633012
1543.0 0.031631397189999994
1544.0 0.03170941301
1545.0 0.031787013184
1546.0 0.031874281115
1547.0 0.031936816121
1548.0 0.031999906
1549.0 0.03206881075
1550.0 0.032143733649
1551.0 0.03221741935300001
1552.0 0.03228367364700001
1553.0 0.032344500161900006
1554.0 0.03241992619369999
1555.0 0.032483355176
1556.0 0.032543074457
1557.0 0.03261035897500001
1558.0 0.032680051390000006
1559.0 0.032761714248000014
1560.0 0.03282691843099999
1561.0 0.03290004873
1562.0 0.032979861487999994
1563.0 0.03305630206000001
1564.0 0.03312802066000001
1565.0 0.03320659777
1566.0 0.03327204772
1567.0 0.033345091599999994
1568.0 0.03341919985
1569.0 0.03348069939000001
1570.0 0.033549279779999996
1571.0 0.03362881203000001
1572.0 0.033700121470000004
1573.0 0.03377850714
1574.0 0.03384077093
1575.0 0.033917061840000005
1576.0 0.03399678076
1577.0 0.034070912009999996
1578.0 0.03412949120000001
1579.0 0.03419271561500001
1580.0 0.034258441360999994
1581.0 0.034311688277000006
1582.0 0.034371954240999994
1583.0 0.03444861179900001
1584.0 0.03451533007700001
1585.0 0.034582229273
1586.0 0.03464995156499999
1587.0 0.034722497623000004
1588.0 0.034801336108
1589.0 0.034873917931999995
1590.0 0.034953280087
1591.0 0.035021323160000006
1592.0 0.035081465421000005
1593.0 0.03515265295
1594.0 0.035222050132
1595.0 0.0353010080912
1596.0 0.0353708051029
1597.0 0.0354575639466
1598.0 0.035523155390000005
1599.0 0.03560900500600001
1600.0 0.035690308296
1601.0 0.035779209088999994
1602.0 0.035874857011
1603.0 0.035972794561
1604.0 0.036042329788000003
1605.0 0.036111543644999994
1606.0 0.03619246547859999
1607.0 0.036266515194799995
1608.0 0.0363406501994
1609.0 0.036409260518
1610.0 0.03648407687199999
1611.0 0.03656243535999999
1612.0 0.036648634404000006
1613.0 0.0367440182
1614.0 0.036830356950999996
1615.0 0.036902419825
1616.0 0.03698637653300001
1617.0 0.037069713043
1618.0 0.037139739282
1619.0 0.03722564067800001
1620.0 0.037303167138000005
1621.0 0.037392485339999997
1622.0 0.03747986459
1623.0 0.03757012611
1624.0 0.03766582992999999
1625.0 0.037769515069999995
1626.0 0.03786013329
1627.0 0.03797134161
1628.0 0.038074693160000006
1629.0 0.03818156091
1630.0 0.03830231837
1631.0 0.03842176866
1632.0 0.038541623129999994
1633.0 0.03864424469999999
1634.0 0.038747284189999995
1635.0 0.03885096586
1636.0 0.038962789979999995
1637.0 0.039061732579999994
1638.0 0.039157378419999986
1639.0 0.03925475344
1640.0 0.039366432570000005
1641.0 0.039488383519999996
1642.0 0.03960006413000001
1643.0 0.039728828570000006
1644.0 0.03985122895
1645.0 0.039970393769999994
1646.0 0.04008616432
1647.0 0.040218377019999994
1648.0 0.04034179542
1649.0 0.040461254829999994
1650.0 0.04058859647
1651.0 0.04072365408999999
1652.0 0.04084015988000001
1653.0 0.040962067670000005
1654.0 0.04109924982
1655.0 0.04122449137000001
1656.0 0.041348372450000004
1657.0 0.04148253877000001
1658.0 0.041597519002
1659.0 0.04174268354899999
1660.0 0.04187529589099999
1661.0 0.042012126916000016
1662.0 0.042138773533999994
1663.0 0.042269149056
1664.0 0.042407226255000006
1665.0 0.042564389799
1666.0 0.04271972406500001
1667.0 0.042866591015999995
1668.0 0.04301514795900001
1669.0 0.04316519299600001
1670.0 0.0433255620266
1671.0 0.043475495451
1672.0 0.0436227963285
1673.0 0.04376337603669999
1674.0 0.043901146603
1675.0 0.04404546516799999
1676.0 0.04418964579700001
1677.0 0.044322412032000005
1678.0 0.044472296960999996
1679.0 0.044625585950000005
1680.0 0.04477425108199999
1681.0 0.044926444093
1682.0 0.045071261092000006
1683.0 0.045212154516000004
1684.0 0.04536481615600001
1685.0 0.045511188875999996
1686.0 0.045644905575000005
1687.0 0.04580721636
1688.0 0.045953921499999995
1689.0 0.046114232180000006
1690.0 0.04626685243
1691.0 0.04642135577
1692.0 0.04656571818000001
1693.0 0.04672779336999999
1694.0 0.04688322251
1695.0 0.04704657834
1696.0 0.04720602913000001
1697.0 0.047354075370000005
1698.0 0.047507226269999994
1699.0 0.04765245011
1700.0 0.047831494929999996
1701.0 0.047973970330000004
1702.0 0.04812835222000001
1703.0 0.04827551229
1704.0 0.04842519772
1705.0 0.0485787081
1706.0 0.04873770719000001
1707.0 0.04889498816
1708.0 0.04902135972
1709.0 0.04916979837999999
1710.0 0.04932273250000001
1711.0 0.04946759781
1712.0 0.049597118520000004
1713.0 0.04973421676999999
1714.0 0.04986689679000001
1715.0 0.05000957554
1716.0 0.05014133685000001
1717.0 0.050268414149999996
1718.0 0.050402844159999995
1719.0 0.050521132979999994
1720.0 0.05063994078
1721.0 0.05076745118
1722.0 0.05088869
1723.0 0.05101673934999999
1724.0 0.05114712907
1725.0 0.05127192658
1726.0 0.05140501094000001
1727.0 0.051542651540000005
1728.0 0.05167614382
1729.0 0.05181193261
1730.0 0.051942390959999994
1731.0 0.052077431549999983
1732.0 0.05222526073999999
1733.0 0.052360444919999985
1734.0 0.05249028744999999
1735.0 0.05262499362999999
1736.0 0.05275415530000001
1737.0 0.052882728833000006
1738.0 0.05301293258100002
1739.0 0.05313257153300001
1740.0 0.053273116396000006
1741.0 0.053406546997999994
1742.0 0.053529856502000005
1743.0 0.05365415510900001
1744.0 0.053785090793
1745.0 0.05392685767099999
1746.0 0.054058747375000014
1747.0 0.054184412815000006
1748.0 0.05430669605999999
1749.0 0.054422126487
1750.0 0.054552321397
1751.0 0.05467563092000001
1752.0 0.054794184832000006
1753.0 0.054910498097999985
1754.0 0.055011732384
1755.0 0.055125417579000004
1756.0 0.055235306927000016
1757.0 0.055349097131
1758.0 0.05546264890000001
1759.0 0.05556957327099998
1760.0 0.055684693591
1761.0 0.05579136535099999
1762.0 0.055897126203000004
1763.0 0.056004737589
1764.0 0.056118631593
1765.0 0.056222494418
1766.0 0.056337539992999994
1767.0 0.056449246223
1768.0 0.05655922479599999
1769.0 0.056677134333
1770.0 0.05679390709150001
1771.0 0.056905129559800004
1772.0 0.0570162035475
1773.0 0.05711183581510001
1774.0 0.0572230993471
1775.0 0.057331036372199995
1776.0 0.0574197712007
1777.0 0.05751481232890001
1778.0 0.057599045352800006
1779.0 0.05768970301049999
1780.0 0.057764588529
1781.0 0.05784536892100002
1782.0 0.057926859245000004
1783.0 0.05801485835100002
1784.0 0.05809845470399999
1785.0 0.05817423453299999
1786.0 0.058256207232000014
1787.0 0.058321718466000004
1788.0 0.05839936795499999
1789.0 0.058472094153
1790.0 0.058556808547
1791.0 0.058631008057
1792.0 0.058712542862000006
1793.0 0.058798182106000005
1794.0 0.058864882863
1795.0 0.058925451921
1796.0 0.05900286524099998
1797.0 0.05907178923100002
1798.0 0.059150118882999994
1799.0 0.059225316065
1800.0 0.059291744982
1801.0 0.059370197071
1802.0 0.059427681943
1803.0 0.059484269288000005
1804.0 0.05954757713499999
1805.0 0.05961977415200002
1806.0 0.059684967926
1807.0 0.059744378558999986
1808.0 0.05978886602700001
1809.0 0.059856345814
1810.0 0.059914235806000006
1811.0 0.05997240855699999
1812.0 0.06002100612800001
1813.0 0.060078615564
1814.0 0.060138795983
1815.0 0.060195214530000006
1816.0 0.06025650933200001
1817.0 0.060306794562
1818.0 0.06036571001300001
1819.0 0.060410948196000014
1820.0 0.060463909011999994
1821.0 0.06052056362999999
1822.0 0.060575138344
1823.0 0.06063755890900001
1824.0 0.060699531959
1825.0 0.060756896947999996
1826.0 0.060812216293999986
1827.0 0.060873749437
1828.0 0.060922846106999995
1829.0 0.06096894420900001
1830.0 0.061026135325999986
1831.0 0.061078811672
1832.0 0.061123439584999995
1833.0 0.06118307806500001
1834.0 0.061223607576000004
1835.0 0.061270537009
1836.0 0.061314408645000006
1837.0 0.061362936541
1838.0 0.06141617349800001
1839.0 0.06147645813499999
1840.0 0.061528525438000005
1841.0 0.061593198477
1842.0 0.061662033236
1843.0 0.06172495765
1844.0 0.061801118216999996
1845.0 0.061866460756
1846.0 0.061937873616000005
1847.0 0.06200102731699999
1848.0 0.062061605000000006
1849.0 0.062117668055000005
1850.0 0.062181561998
1851.0 0.062253373101
1852.0 0.062311437405
1853.0 0.062373401422000006
1854.0 0.06242217413000001
1855.0 0.062486156659000015
1856.0 0.06254009045299999
1857.0 0.062587101556
1858.0 0.06264265236699998
1859.0 0.062692483314
1860.0 0.062740790479
1861.0 0.062794863945
1862.0 0.06284710051699999
1863.0 0.062889876294
1864.0 0.062932780503
1865.0 0.062979589905
1866.0 0.0630286380179
1867.0 0.06307360094020001
1868.0 0.063125425261
1869.0 0.063172601152
1870.0 0.063215695768
1871.0 0.06325686226999999
1872.0 0.063297276043
1873.0 0.063342400963
1874.0 0.063384377661
1875.0 0.06343452783199999
1876.0 0.063479360323
1877.0 0.063522403797
1878.0 0.06357499326100001
1879.0 0.063620284952
1880.0 0.06365549553800001
1881.0 0.06368238042799998
1882.0 0.063724887809
1883.0 0.06376066134
1884.0 0.063813476315
1885.0 0.063859299348
1886.0 0.063909558379
1887.0 0.063946516499
1888.0 0.06400210266600001
1889.0 0.064070933781
1890.0 0.064139475516
1891.0 0.064206503967
1892.0 0.064271027305
1893.0 0.064335766405
1894.0 0.0644084266
1895.0 0.06447218894600001
1896.0 0.06453751120699999
1897.0 0.064597498769
1898.0 0.064662184321
1899.0 0.06472414412399999
1900.0 0.06479844297000001
1901.0 0.064854331616
1902.0 0.06492820551100001
1903.0 0.064985447627
1904.0 0.065053380666
1905.0 0.065118508965
1906.0 0.065181352359
1907.0 0.065242703117
1908.0 0.06530795166200001
1909.0 0.06538555905000001
1910.0 0.06544919051499999
1911.0 0.06553314215500002
1912.0 0.065608120982
1913.0 0.06567801387699998
1914.0 0.06574934096900001
1915.0 0.06581948127000001
1916.0 0.065894456114
1917.0 0.065956598001
1918.0 0.066021261072
1919.0 0.06609804115299998
1920.0 0.066168868114
1921.0 0.06625119072
1922.0 0.06633990776399999
1923.0 0.066421016906
1924.0 0.066506860004
1925.0 0.066588724678
1926.0 0.06667890763699999
1927.0 0.066771559006
1928.0 0.066865846844
1929.0 0.066959819489
1930.0 0.067024677645
1931.0 0.067109640216
1932.0 0.06718800973700001
1933.0 0.067262692197
1934.0 0.06734418701299999
1935.0 0.06741843648499998
1936.0 0.067509451523
1937.0 0.06758780386740001
1938.0 0.06767387883130001
1939.0 0.067758197566
1940.0 0.067863168856
1941.0 0.06797302001399999
1942.0 0.068077544731
1943.0 0.068186105522
1944.0 0.068286260529
1945.0 0.06838518703600001
1946.0 0.068489627475
1947.0 0.06858404813300001
1948.0 0.06870132170000001
1949.0 0.068815883719
1950.0 0.068936480655
1951.0 0.069052211827
1952.0 0.069163281428
1953.0 0.069269925445
1954.0 0.069383642404
1955.0 0.069496980407
1956.0 0.069614713001
1957.0 0.069729682786
1958.0 0.069865456917
1959.0 0.069988271419
1960.0 0.07011924325999999
1961.0 0.070246361113
1962.0 0.070369311362
1963.0 0.070481657682
1964.0 0.07059898781799999
1965.0 0.070713149821
1966.0 0.07083365710500002
1967.0 0.07095057847700001
1968.0 0.07106879346600001
1969.0 0.07118766189600001
1970.0 0.07132626959999998
1971.0 0.07145646119099999
1972.0 0.071586406798
1973.0 0.071726213825
1974.0 0.07186198702900001
1975.0 0.07199331261700001
1976.0 0.072126844723
1977.0 0.072260861638
1978.0 0.07239174919299998
1979.0 0.0725183785257
1980.0 0.07265821702719999
1981.0 0.0728024274348
1982.0 0.072949123354
1983.0 0.073091661888
1984.0 0.07322354374999998
1985.0 0.073377021034
1986.0 0.073514633529
1987.0 0.073649753401
1988.0 0.073793614005
1989.0 0.07392137134
1990.0 0.074061515643
1991.0 0.07419957287600001
1992.0 0.074328973511
1993.0 0.07447015900000001
1994.0 0.074615506099
1995.0 0.074744962217
1996.0 0.074875532489
1997.0 0.075021179273
1998.0 0.07517006759500001
1999.0 0.07531079163900001
2000.0 0.075443897608
2001.0 0.07559451906800002
2002.0 0.07572970639200002
2003.0 0.075874292813
2004.0 0.076006205347
2005.0 0.076164611163
2006.0 0.07631181591599998
2007.0 0.07645965713700001
2008.0 0.076604513544
2009.0 0.07674682551300002
2010.0 0.076887056434
2011.0 0.077043206126
2012.0 0.077186544217
2013.0 0.077323144806
2014.0 0.077469490962
2015.0 0.077611132502
2016.0 0.07774322178099999
2017.0 0.07789127352200001
2018.0 0.078021415876
2019.0 0.078175126843
2020.0 0.078306653039
2021.0 0.07844700272
2022.0 0.07859182607
2023.0 0.07873337138
2024.0 0.07889395358
2025.0 0.07904702370999998
2026.0 0.07918939582
2027.0 0.07932961667
2028.0 0.0794801439
2029.0 0.07963568547000001
2030.0 0.07976206554
2031.0 0.07989630916999999
2032.0 0.08003678951
2033.0 0.08017959777000001
2034.0 0.08031675545999999
2035.0 0.08045429361999999
2036.0 0.08059180229000001
2037.0 0.08074700173999999
2038.0 0.08088331728
2039.0 0.08101631602
2040.0 0.08114292261000002
2041.0 0.08127885507000002
2042.0 0.08141159257000001
2043.0 0.08154209300000001
2044.0 0.08166598693999999
2045.0 0.08179194388000001
2046.0 0.08192797894
2047.0 0.08206434614
2048.0 0.08219753692000001
2049.0 0.08233350840999999
2050.0 0.08247316214
2051.0 0.08260583948
2052.0 0.08275512682
2053.0 0.08288203671
2054.0 0.08300862040000001
2055.0 0.08310070919000001
2056.0 0.08323477808999999
2057.0 0.08334490884
2058.0 0.08345843829
2059.0 0.08357744335
2060.0 0.08370413667
2061.0 0.0838111208
2062.0 0.08393271022000001
2063.0 0.08403782195000001
2064.0 0.08414250855
2065.0 0.08424702884
2066.0 0.08436210109
2067.0 0.08447144383
2068.0 0.08457146285999999
2069.0 0.08467975645999999
2070.0 0.08477952990000001
2071.0 0.08488085498
2072.0 0.08498438522
2073.0 0.08507501742999998
2074.0 0.0851782982
2075.0 0.08528653506999999
2076.0 0.08538898104999999
2077.0 0.08547188742
2078.0 0.08555560570000001
2079.0 0.08563278255
2080.0 0.08570795705999998
2081.0 0.08577960319
2082.0 0.08584576740000002
2083.0 0.08591858482999999
2084.0 0.08600382335
2085.0 0.08608344270000001
2086.0 0.08616133204000001
2087.0 0.08624265082
2088.0 0.08630974694
2089.0 0.08638002027
2090.0 0.0864440618
2091.0 0.08650702411000002
2092.0 0.0865689067
2093.0 0.08662830873000002
2094.0 0.08669192301999999
2095.0 0.08675123056
2096.0 0.08681373348000002
2097.0 0.08687785547
2098.0 0.08694351182
2099.0 0.08699155455
2100.0 0.08704996844999999
2101.0 0.08709699463000001
2102.0 0.08715051857600001
2103.0 0.087193264272
2104.0 0.087246392905
2105.0 0.087273918041
2106.0 0.087308607465
2107.0 0.08734256836899999
2108.0 0.087365202827
2109.0 0.08739288896799999
2110.0 0.08742410054500002
2111.0 0.08746530192799999
2112.0 0.087482766874
2113.0 0.087502236717
2114.0 0.087524731488
2115.0 0.08755189660900001
2116.0 0.08756134037499999
2117.0 0.08757907948400001
2118.0 0.0876004281
2119.0 0.087605140778
2120.0 0.087610567417
2121.0 0.0876190889
2122.0 0.08762144314499999
2123.0 0.087630952831
2124.0 0.08763470718000002
2125.0 0.08763442145839999
2126.0 0.0876335543983
2127.0 0.087633039609
2128.0 0.0876373423523
2129.0 0.0876389355635
2130.0 0.087637501961
2131.0 0.08763202863
2132.0 0.08762581587300002
2133.0 0.087607714856
2134.0 0.08760956842999999
2135.0 0.08759418366499999
2136.0 0.087599257378
2137.0 0.087583955555
2138.0 0.087561106303
2139.0 0.08753287809999999
2140.0 0.087517946855
2141.0 0.087497659157
2142.0 0.087456181408
2143.0 0.087436492038
2144.0 0.087402626609
2145.0 0.087386309212
2146.0 0.08735786559900001
2147.0 0.08732373307399999
2148.0 0.087285767375
2149.0 0.087232707002
2150.0 0.08717342854799999
2151.0 0.08711007396800001
2152.0 0.08705253326899999
2153.0 0.08699978153699998
2154.0 0.086948419983
2155.0 0.08689593391500001
2156.0 0.086836868635
2157.0 0.08677090807000001
2158.0 0.08670328381
2159.0 0.08665746277
2160.0 0.08658482922000002
2161.0 0.08650165644
2162.0 0.08642361647000002
2163.0 0.08634043395999999
2164.0 0.0862477327
2165.0 0.08617064053000001
2166.0 0.08609157562999999
2167.0 0.08599513224
2168.0 0.08589768805999998
2169.0 0.08579431974000003
2170.0 0.08570381010000001
2171.0 0.0856030941
2172.0 0.08549764435
2173.0 0.08541592867999999
2174.0 0.08532302873
2175.0 0.08523785735
2176.0 0.085149683665
2177.0 0.085052720618
2178.0 0.084967333679
2179.0 0.084869187692
2180.0 0.08477294456899999
2181.0 0.08466792930699998
2182.0 0.08456503741999999
2183.0 0.08445242582430001
2184.0 0.0843436679275
2185.0 0.08422341561
2186.0 0.08410655383900001
2187.0 0.08398540126500001
2188.0 0.083853811154
2189.0 0.083728510234
2190.0 0.083600835974
2191.0 0.083472778241
2192.0 0.08334379587
2193.0 0.08320414196
2194.0 0.08305823534999998
2195.0 0.08292003809000001
2196.0 0.08277330599000002
2197.0 0.08263027301
2198.0 0.08247975693
2199.0 0.08234494804999999
2200.0 0.08219497935999998
2201.0 0.08205478702999999
2202.0 0.08191150003999999
2203.0 0.08176923648000001
2204.0 0.08161546071
2205.0 0.08147579431
2206.0 0.08133227928
2207.0 0.08117495926
2208.0 0.0810139392
2209.0 0.08083490554000002
2210.0 0.08065751566
2211.0 0.08048758484000001
2212.0 0.08030669544999999
2213.0 0.08012982442000001
2214.0 0.07995667396999999
2215.0 0.07977157742999999
2216.0 0.07960839095
2217.0 0.07943617633
2218.0 0.07927827687999997
2219.0 0.07909599443000001
2220.0 0.0789307384
2221.0 0.07875832140000001
2222.0 0.07858474733999998
2223.0 0.07841101582
2224.0 0.07824856862999999
2225.0 0.07807711700000002
2226.0 0.07790308212000001
2227.0 0.07774071931
2228.0 0.07757730162
2229.0 0.07740538704
2230.0 0.07722502422
2231.0 0.07704744089
2232.0 0.07686717732000001
2233.0 0.07668180759000001
2234.0 0.07649406942
2235.0 0.07631262305
2236.0 0.07613956639
2237.0 0.07597100033000001
2238.0 0.07579592734999999
2239.0 0.07562054067000003
2240.0 0.07544781673
2241.0 0.07527559243000001
2242.0 0.07509645551000002
2243.0 0.07491293667999999
2244.0 0.07471883939999999
2245.0 0.07455097816
2246.0 0.07438219484
2247.0 0.07421440924
2248.0 0.07405304602
2249.0 0.07388063621000002
2250.0 0.07371136697
2251.0 0.07353277506999999
2252.0 0.07336691665999999
2253.0 0.07319024802999999
2254.0 0.07301932323
2255.0 0.07284870187
2256.0 0.07266952874
2257.0 0.07249524575
2258.0 0.07232647648000001
2259.0 0.07216607514
2260.0 0.07199812533
2261.0 0.0718381393
2262.0 0.07168068556
2263.0 0.07152755105000001
2264.0 0.07136929855999999
2265.0 0.07121662523
2266.0 0.07105708355
2267.0 0.07090249612999999
2268.0 0.07074486243
2269.0 0.07058013112000001
2270.0 0.07042342304000002
2271.0 0.07025735271
2272.0 0.07008648342
2273.0 0.06990992018
2274.0 0.06973940573000001
2275.0 0.06957872997
2276.0 0.06940760504
2277.0 0.06924475529
2278.0 0.06907438555
2279.0 0.06890583298
2280.0 0.06875099922
2281.0 0.06858468542
2282.0 0.06842154078
2283.0 0.06825288730999998
2284.0 0.06808174541
2285.0 0.06791677891
2286.0 0.06773252025000001
2287.0 0.06755791903
2288.0 0.06738102204999999
2289.0 0.06720615736
2290.0 0.06703932475
2291.0 0.06687982380999999
2292.0 0.06673118324
2293.0 0.06657520645000001
2294.0 0.06641317551999999
2295.0 0.06625242708000001
2296.0 0.06609098941
2297.0 0.06593425439
2298.0 0.06577541413
2299.0 0.06561493786
2300.0 0.06545372683999999
2301.0 0.06529898941000001
2302.0 0.06513456361
2303.0 0.06497270758
2304.0 0.06480729275000001
2305.0 0.06464736279000001
2306.0 0.06447366613000001
2307.0 0.06431798576
2308.0 0.06414364276000002
2309.0 0.06398020334999999
2310.0 0.06381413829
2311.0 0.06366782535999999
2312.0 0.06350252075000003
2313.0 0.06333042565
2314.0 0.06318024442
2315.0 0.06301461276
2316.0 0.06285080721
2317.0 0.06268440305000002
2318.0 0.06254328786
2319.0 0.062393421979999995
2320.0 0.06224407030000001
2321.0 0.06209872072
2322.0 0.06193709270999999
2323.0 0.06177026178
2324.0 0.06160858053
2325.0 0.06146281893000002
2326.0 0.06131029949
2327.0 0.0611444552
2328.0 0.06099024968
2329.0 0.06082316175
2330.0 0.060656149000000006
2331.0 0.06048548852
2332.0 0.06032281515
2333.0 0.0601448432
2334.0 0.05998531279000001
2335.0 0.05982017583000001
2336.0 0.05965243123999999
2337.0 0.05950475577000001
2338.0 0.05934952991
2339.0 0.05920522585
2340.0 0.05905542341000001
2341.0 0.05892449877999999
2342.0 0.058787196119999996
2343.0 0.05863121285999999
2344.0 0.058489455559999994
2345.0 0.058351248879999984
2346.0 0.05818291768
2347.0 0.05802154488
2348.0 0.05785961516
2349.0 0.05771368185
2350.0 0.05756919049999999
2351.0 0.057411513049999995
2352.0 0.05725182214
2353.0 0.05708383340000002
2354.0 0.056922751989999985
2355.0 0.056759270550000004
2356.0 0.05659961156
2357.0 0.05643302594999999
2358.0 0.05628571445999999
2359.0 0.05612951382
2360.0 0.0559754017
2361.0 0.05582355496999999
2362.0 0.05567434772
2363.0 0.05553499301
2364.0 0.05540188448
2365.0 0.05526276411000001
2366.0 0.05513120643
2367.0 0.054984877259999995
2368.0 0.05484532467000001
2369.0 0.05469200181999998
2370.0 0.05454555031000001
2371.0 0.05439875400000001
2372.0 0.05424342120000001
2373.0 0.05408296365
2374.0 0.05393820216399999
2375.0 0.053787462075
2376.0 0.053643282976
2377.0 0.05349430934900001
2378.0 0.05333591680100001
2379.0 0.053191832901000005
2380.0 0.0530459954265
2381.0 0.05291793465000001
2382.0 0.052778980365000006
2383.0 0.052646190678999984
2384.0 0.05252103301100001
2385.0 0.05238241931200001
2386.0 0.05224865911300001
2387.0 0.05211433924000001
2388.0 0.051987879839999994
2389.0 0.051858639750000005
2390.0 0.05172910719999999
2391.0 0.05159545891999999
2392.0 0.05145072533
2393.0 0.05131457118999998
2394.0 0.05116408122999999
2395.0 0.05102630168
2396.0 0.05087037777000001
2397.0 0.050731987699999995
2398.0 0.050587870300000004
2399.0 0.050423673290000005
2400.0 0.050267557760000005
2401.0 0.050118087039999995
2402.0 0.04997511375000001
2403.0 0.04980910356000001
2404.0 0.04966939593000001
2405.0 0.049506471829999996
2406.0 0.04935999619999999
2407.0 0.04919158576999999
2408.0 0.04903515254
2409.0 0.04886964955999999
2410.0 0.048712895070000005
2411.0 0.04855355617999999
2412.0 0.04838435589999999
2413.0 0.04820940592999999
2414.0 0.048057051340000004
2415.0 0.04789927025000001
2416.0 0.047752614900000004
2417.0 0.04758861222000001
2418.0 0.04743929767999999
2419.0 0.047279041550000005
2420.0 0.047107092809999994
2421.0 0.04694625845
2422.0 0.046781700549999986
2423.0 0.046609630289999995
2424.0 0.04643965545999999
2425.0 0.046274363547
2426.0 0.04609926994899998
2427.0 0.045938934071000005
2428.0 0.04576345303499999
2429.0 0.04556845160300001
2430.0 0.045379972323
2431.0 0.045201176868
2432.0 0.045018840734999996
2433.0 0.044841503256
2434.0 0.044643855346
2435.0 0.04446919775800001
2436.0 0.044277625853000005
2437.0 0.044102135214
2438.0 0.043914262939000005
2439.0 0.043735974017
2440.0 0.043547511703999994
2441.0 0.043361578203999995
2442.0 0.043182175673
2443.0 0.042990514532
2444.0 0.04280196226169999
2445.0 0.042623799707
2446.0 0.04243776360200001
2447.0 0.04225099005010001
2448.0 0.04206834760099999
2449.0 0.04187415154099999
2450.0 0.04169951503999999
2451.0 0.041511626343
2452.0 0.041325966302
2453.0 0.04114664045699999
2454.0 0.04096548982
2455.0 0.040778021065999995
2456.0 0.040591467447
2457.0 0.04042486307299999
2458.0 0.040232730015999994
2459.0 0.04005814309900001
2460.0 0.039859367687000005
2461.0 0.039665304922
2462.0 0.039469314310999995
2463.0 0.039269959481
2464.0 0.039067056286
2465.0 0.038868549887
2466.0 0.038666016283
2467.0 0.038472264838
2468.0 0.038270428648
2469.0 0.038075266832
2470.0 0.037863330751
2471.0 0.03765246002599999
2472.0 0.037448529155
2473.0 0.037232866362
2474.0 0.037017627014
2475.0 0.03682149106100001
2476.0 0.036607615082
2477.0 0.036403767148999996
2478.0 0.036194015754400004
2479.0 0.035987130169140014
2480.0 0.0357809910354
2481.0 0.035585368033000005
2482.0 0.035377279756
2483.0 0.03518187029099999
2484.0 0.034979468559000006
2485.0 0.034756754247999996
2486.0 0.034551542660999995
2487.0 0.03434756326900001
2488.0 0.03414740414999999
2489.0 0.033929692925999996
2490.0 0.033737509858999995
2491.0 0.03353610044000001
2492.0 0.033334331277
2493.0 0.03313414923599999
2494.0 0.032934745887999994
2495.0 0.03273643494799999
2496.0 0.03254833052499999
2497.0 0.032349185943
2498.0 0.032166957043
2499.0 0.03195938776
2500.0 0.031761419517999996
2501.0 0.031558011967
2502.0 0.031370009883
2503.0 0.031184904939999997
2504.0 0.031001062153999993
2505.0 0.030799307182000003
2506.0 0.030609936042999997
2507.0 0.030417069354899996
2508.0 0.030228241324200007
2509.0 0.030046081500799997
2510.0 0.029848298660700007
2511.0 0.029644573113560002
2512.0 0.029432725298699995
2513.0 0.029214365343500005
2514.0 0.028998445509200006
2515.0 0.028795464702400003
2516.0 0.028591499774000002
2517.0 0.028395093576999996
2518.0 0.028199757139000005
2519.0 0.027986799015000008
2520.0 0.027774834698999995
2521.0 0.027558053174000008
2522.0 0.027370572278
2523.0 0.027154992992
2524.0 0.026954920247999992
2525.0 0.026730523719000004
2526.0 0.026539884586999997
2527.0 0.02633810792000001
2528.0 0.026141575634
2529.0 0.025952959322999996
2530.0 0.025752840623999997
2531.0 0.025559914962000004
2532.0 0.025364655470999992
2533.0 0.02517202001200001
2534.0 0.024978728518000006
2535.0 0.024780505516999993
2536.0 0.02456721174800001
2537.0 0.024371086464000002
2538.0 0.024167618962000002
2539.0 0.023974082709999994
2540.0 0.023763405300000005
2541.0 0.023576713164
2542.0 0.023373163359000006
2543.0 0.023179468173000005
2544.0 0.022982142397999998
2545.0 0.022803413831000006
2546.0 0.022624347580999998
2547.0 0.022432717504000006
2548.0 0.0222642628
2549.0 0.022072713774000004
2550.0 0.021884153531999996
2551.0 0.021682810421
2552.0 0.021500387213
2553.0 0.021287589994999998
2554.0 0.021099906463000005
2555.0 0.020916265053
2556.0 0.020733874616
2557.0 0.020532868529
2558.0 0.020348788481
2559.0 0.020164330717000002
2560.0 0.019973140975999996
2561.0 0.019790940757999993
2562.0 0.019596460400000005
2563.0 0.019399855350000002
2564.0 0.019208450296
2565.0 0.01901439257100001
2566.0 0.018838918414000004
2567.0 0.018666820532000007
2568.0 0.01849074872
2569.0 0.018303821256000004
2570.0 0.018110710849999996
2571.0 0.017914126529999998
2572.0 0.01773478654
2573.0 0.017547477689999997
2574.0 0.017362210320000005
2575.0 0.017201541370000007
2576.0 0.017008246570000007
2577.0 0.016818617709999994
2578.0 0.01662858287
2579.0 0.01643612117
2580.0 0.016225636809999996
2581.0 0.016052267840000002
2582.0 0.01587209857
2583.0 0.01568842662
2584.0 0.015497881269999996
2585.0 0.015325824400000002
2586.0 0.015129209709999994
2587.0 0.014941912240000004
2588.0 0.014742963370000006
2589.0 0.01454179622
2590.0 0.014325360229999995
2591.0 0.014130781810000003
2592.0 0.01394000962999999
2593.0 0.013742188790000002
2594.0 0.01353946914
2595.0 0.013351480340000004
2596.0 0.01316133359
2597.0 0.012959491240000004
2598.0 0.01275157103000001
2599.0 0.012560475539999994
2600.0 0.01236340513
2601.0 0.012173238929999991
2602.0 0.01199746325000001
2603.0 0.011806715709999992
2604.0 0.011614160959999991
2605.0 0.011422397689999999
2606.0 0.01122751162
2607.0 0.01103810723
2608.0 0.0108305792
2609.0 0.01062337298
2610.0 0.010433379919999996
2611.0 0.010235284199999995
2612.0 0.010039322709999998
2613.0 0.009839536069999997
2614.0 0.009631241070000001
2615.0 0.00942089211
2616.0 0.009204273670000002
2617.0 0.009009594300000003
2618.0 0.008794632279999996
2619.0 0.008588443619999997
2620.0 0.008389176140000005
2621.0 0.008179377750000003
2622.0 0.00797559035
2623.0 0.007772602309999996
2624.0 0.007569880889999997
2625.0 0.007366034779999994
2626.0 0.0071668427599999975
2627.0 0.006960440350000008
2628.0 0.006759420990000003
2629.0 0.00654856449
2630.0 0.006338721539999997
2631.0 0.006141817130000005
2632.0 0.005914220990000005
2633.0 0.005698675179999996
2634.0 0.005482568379999994
2635.0 0.005275174060000001
2636.0 0.005073191660000009
2637.0 0.004864847119999999
2638.0 0.004643477580000011
2639.0 0.0044321561400000094
2640.0 0.0042148651599999976
2641.0 0.003995993799999995
2642.0 0.0037604394400000017
2643.0 0.003552564279999998
2644.0 0.003329757089999996
2645.0 0.0031139019199999895
2646.0 0.002890509219999998
2647.0 0.0026629767299999967
2648.0 0.002437458680000004
2649.0 0.0022020052800000023
2650.0 0.001978160399999998
2651.0 0.0017563904200000064
2652.0 0.0015345912600000012
2653.0 0.0013143188700000031
2654.0 0.0010790071299999955
2655.0 0.0008507200000000048
2656.0 0.0006184588400000052
2657.0 0.00037345752000000063
2658.0 0.00014291128999999737
2659.0 -0.00011301401999999627
2660.0 -0.0003609595559999984
2661.0 -0.0005962780540000046
2662.0 -0.0008410216580000019
2663.0 -0.0010976620940999992
2664.0 -0.0013582991830000002
2665.0 -0.0015919848869999948
2666.0 -0.0018433935019999902
2667.0 -0.002087846588000003
2668.0 -0.0023460799789999987
2669.0 -0.002580367877999995
2670.0 -0.002826167355999995
2671.0 -0.003068176101000003
2672.0 -0.003291988149999997
2673.0 -0.003539567345000008
2674.0 -0.003770653260999998
2675.0 -0.004014733205199991
2676.0 -0.004255266026999993
2677.0 -0.004497638886999994
2678.0 -0.0047592563540000046
2679.0 -0.005015231099999998
2680.0 -0.0052662309470000055
2681.0 -0.005534446772000001
2682.0 -0.005789696614000001
2683.0 -0.006059102343999997
2684.0 -0.0063075192190000014
2685.0 -0.006567420390000006
2686.0 -0.006825196569999995
2687.0 -0.007087205780000003
2688.0 -0.007351700190000002
2689.0 -0.007613711469999995
2690.0 -0.007883230949999997
2691.0 -0.00815825022
2692.0 -0.008434149539999996
2693.0 -0.008716322460000009
2694.0 -0.009012292809999994
2695.0 -0.009297023060000006
2696.0 -0.009586680050000004
2697.0 -0.009863803789999995
2698.0 -0.010161341609999996
2699.0 -0.010456061380000001
2700.0 -0.010742407029999998
2701.0 -0.011031675469999997
2702.0 -0.011317773219999988
2703.0 -0.011615994340000008
2704.0 -0.011914309460000008
2705.0 -0.012217811850000001
2706.0 -0.012523326009999997
2707.0 -0.012816213400000002
2708.0 -0.013117500269999995
2709.0 -0.013415645899999995
2710.0 -0.013705757419999989
2711.0 -0.014007834789999988
2712.0 -0.014313445529999991
2713.0 -0.014620787190000007
2714.0 -0.014923387530000002
2715.0 -0.01523386363
2716.0 -0.015558110769999994
2717.0 -0.01586280785
2718.0 -0.016169519830000003
2719.0 -0.016468679439999995
2720.0 -0.016766086660000006
2721.0 -0.01706174586999999
2722.0 -0.017363797610000002
2723.0 -0.017682437900000004
2724.0 -0.017989276679999992
2725.0 -0.01830132828
2726.0 -0.0186140275
2727.0 -0.01892578084000001
2728.0 -0.01923462431
2729.0 -0.019522840149999998
2730.0 -0.01980675094999999
2731.0 -0.020104387280000004
2732.0 -0.020403387890000006
2733.0 -0.02069966184
2734.0 -0.020997702550000004
2735.0 -0.021297725179999998
2736.0 -0.02160427805999999
2737.0 -0.02191327062
2738.0 -0.02224193758
2739.0 -0.02254627573
2740.0 -0.022855025539999997
2741.0 -0.023169053359999997
2742.0 -0.02346596434
2743.0 -0.023771554849999998
2744.0 -0.024076933589999988
2745.0 -0.024387084880000003
2746.0 -0.024688074080000007
2747.0 -0.025005336810000008
2748.0 -0.025320060910000004
2749.0 -0.02562888110999999
2750.0 -0.025941432030000006
2751.0 -0.026246196450000002
2752.0 -0.026546392640000006
2753.0 -0.02683971515
2754.0 -0.027139018240000007
2755.0 -0.027438124189999996
2756.0 -0.027730229130000006
2757.0 -0.02803333025
2758.0 -0.02832837337
2759.0 -0.028636446389999997
2760.0 -0.02894671083
2761.0 -0.029252808389999996
2762.0 -0.029554646969999994
2763.0 -0.029864759409999997
2764.0 -0.03016415315
2765.0 -0.030466530389999996
2766.0 -0.030769405870000016
2767.0 -0.031056911220000004
2768.0 -0.03135792008
2769.0 -0.03164213794000001
2770.0 -0.03193733643
2771.0 -0.03222933678
2772.0 -0.03252807085
2773.0 -0.0328074256
2774.0 -0.033103929680000005
2775.0 -0.033402314319999994
2776.0 -0.03369529568
2777.0 -0.033983683480000006
2778.0 -0.03428388585000001
2779.0 -0.03456466753299999
2780.0 -0.034853672062000005
2781.0 -0.03512548231899999
2782.0 -0.035408384295999996
2783.0 -0.03568822660450001
2784.0 -0.035968658952999985
2785.0 -0.03625259336400001
2786.0 -0.03653822885100001
2787.0 -0.03681428715099999
2788.0 -0.037092437326999995
2789.0 -0.03736252348099999
2790.0 -0.0376261179
2791.0 -0.03789426442000001
2792.0 -0.03815340125
2793.0 -0.038430796959999985
2794.0 -0.038707194619999996
2795.0 -0.03897227248
2796.0 -0.039260729120000004
2797.0 -0.03953277712999999
2798.0 -0.039792795759999985
2799.0 -0.04007506496
2800.0 -0.04034801616000001
2801.0 -0.04062854273
2802.0 -0.04090181253999999
2803.0 -0.04116455636000001
2804.0 -0.041425483639999996
2805.0 -0.0416846906
2806.0 -0.041958358710000004
2807.0 -0.042221886709999996
2808.0 -0.042486032300000004
2809.0 -0.04275154289000001
2810.0 -0.04300754998
2811.0 -0.04325721478
2812.0 -0.043526193780000014
2813.0 -0.043773651760000004
2814.0 -0.04403057304
2815.0 -0.044283850160000006
2816.0 -0.044539449709999984
2817.0 -0.04480930391000001
2818.0 -0.045050711119999996
2819.0 -0.04529252462
2820.0 -0.04553772975999999
2821.0 -0.04578294089
2822.0 -0.046027946289999996
2823.0 -0.04626652872999999
2824.0 -0.04650073133
2825.0 -0.04673514156000001
2826.0 -0.04696764379
2827.0 -0.04719588064200001
2828.0 -0.047418077894
2829.0 -0.047655768149
2830.0 -0.04787470893899999
2831.0 -0.04809731585700001
2832.0 -0.04832543485299999
2833.0 -0.048546326186
2834.0 -0.04876836695578
2835.0 -0.04898728242099999
2836.0 -0.049204445081999997
2837.0 -0.04942704573799999
2838.0 -0.04965050225399999
2839.0 -0.049848699327
2840.0 -0.05006165002700001
2841.0 -0.050280078214000004
2842.0 -0.05049633375600001
2843.0 -0.05069318820000002
2844.0 -0.05091075717000001
2845.0 -0.05110725131000001
2846.0 -0.05129709339999999
2847.0 -0.05148975698
2848.0 -0.051682037749999986
2849.0 -0.05186743271000001
2850.0 -0.05206328065
2851.0 -0.05225945481000001
2852.0 -0.05245401730999999
2853.0 -0.05266177343
2854.0 -0.05285742193
2855.0 -0.05304570137999999
2856.0 -0.05321999328
2857.0 -0.05341953005000001
2858.0 -0.05358520404
2859.0 -0.05376226949
2860.0 -0.05392508757000001
2861.0 -0.05409922762999999
2862.0 -0.05427954167000002
2863.0 -0.05447425659000001
2864.0 -0.054656930990000005
2865.0 -0.05484065807000001
2866.0 -0.05501979412
2867.0 -0.05518237464
2868.0 -0.055335199150000014
2869.0 -0.05550104038
2870.0 -0.055652435359999995
2871.0 -0.05580210092
2872.0 -0.05594756823999999
2873.0 -0.05609856298999999
2874.0 -0.05624679045000001
2875.0 -0.056396683989999995
2876.0 -0.056553606310000004
2877.0 -0.05670577287999999
2878.0 -0.05683683945999999
2879.0 -0.056983014750000005
2880.0 -0.05713162135000001
2881.0 -0.057281363919999995
2882.0 -0.0574295368
2883.0 -0.05755671410999998
2884.0 -0.05768913567
2885.0 -0.05784062673999999
2886.0 -0.057986373189999996
2887.0 -0.058102714669999986
2888.0 -0.058232560190000004
2889.0 -0.05836783337
2890.0 -0.058504090200000004
2891.0 -0.05861708086999999
2892.0 -0.0587572144
2893.0 -0.05887435674
2894.0 -0.05899690337
2895.0 -0.05911558979000001
2896.0 -0.05924057719000001
2897.0 -0.05936049472999999
2898.0 -0.05948580232999999
2899.0 -0.059605299999999986
2900.0 -0.059730814070000006
2901.0 -0.059839627969999996
2902.0 -0.05995412285000001
2903.0 -0.06006020136999999
2904.0 -0.06014657914000001
2905.0 -0.06024493016000001
2906.0 -0.06034296172000001
2907.0 -0.06043910064999999
2908.0 -0.06053625849000001
2909.0 -0.06063981935999999
2910.0 -0.060742820120000006
2911.0 -0.060832387099999996
2912.0 -0.06094351192000001
2913.0 -0.061055137039999985
2914.0 -0.06115042262
2915.0 -0.06126031716
2916.0 -0.061369609650000025
2917.0 -0.06146591884
2918.0 -0.06157421933
2919.0 -0.061666566699999995
2920.0 -0.06175720943
2921.0 -0.061841261120000005
2922.0 -0.06192073211
2923.0 -0.062000973179999995
2924.0 -0.062093840399999975
2925.0 -0.06218676004999999
2926.0 -0.06226406394999999
2927.0 -0.06234167034
2928.0 -0.06241995062000001
2929.0 -0.06249109668999999
2930.0 -0.06256698733999999
2931.0 -0.06265872373
2932.0 -0.062720638
2933.0 -0.06278369031
2934.0 -0.06285807973999999
2935.0 -0.0629291627
2936.0 -0.06299474134000001
2937.0 -0.06305711174999999
2938.0 -0.06311605446
2939.0 -0.06318537949
2940.0 -0.06324118880000001
2941.0 -0.06329435795
2942.0 -0.06333515183
2943.0 -0.06338305461000002
2944.0 -0.06344175359000001
2945.0 -0.06349076968100001
2946.0 -0.063544220228
2947.0 -0.06360017309899998
2948.0 -0.063639730269
2949.0 -0.063695434267
2950.0 -0.06372875709
2951.0 -0.06376508388150001
2952.0 -0.06381117373699999
2953.0 -0.063850757234
2954.0 -0.06387083985700001
2955.0 -0.06390111026
2956.0 -0.06393478285099999
2957.0 -0.063965010035
2958.0 -0.06398876265900001
2959.0 -0.06400568475999999
2960.0 -0.0640476477
2961.0 -0.06408429389
2962.0 -0.06410335236
2963.0 -0.06413394363
2964.0 -0.06418862689
2965.0 -0.06420976839
2966.0 -0.06423823613999999
2967.0 -0.06426136212
2968.0 -0.06428232587
2969.0 -0.06428630349000002
2970.0 -0.06429756828
2971.0 -0.06429852092000002
2972.0 -0.06430938344
2973.0 -0.06430989859
2974.0 -0.06429748019999999
2975.0 -0.06430295259
2976.0 -0.06430652305
2977.0 -0.06430001844
2978.0 -0.064297153441
2979.0 -0.064295589215
2980.0 -0.06430457271200002
2981.0 -0.06430246367199999
2982.0 -0.064309385182
2983.0 -0.06430526194969999
2984.0 -0.064297831307
2985.0 -0.064288444988
2986.0 -0.06429629181100001
2987.0 -0.064288905438
2988.0 -0.064265792751
2989.0 -0.06425544770299998
2990.0 -0.06423527119999999
2991.0 -0.06423073560999999
2992.0 -0.06421198499
2993.0 -0.0641807623
2994.0 -0.0641596372
2995.0 -0.06413613639
2996.0 -0.0641077524
2997.0 -0.06406504962000001
2998.0 -0.06404401055999999
2999.0 -0.06400400759000001
3000.0 -0.06396176257000001
