1.0 0.8283953129999999
2.0 0.6980372370000001
3.0 0.5961800337999998
4.0 0.5153899133000001
5.0 0.45073532459999993
6.0 0.3986144097
7.0 0.35640774669999997
8.0 0.3220404476
9.0 0.2940563023
10.0 0.2711373477
11.0 0.25229341229999996
12.0 0.2367675304
13.0 0.22391493310000002
14.0 0.21326373369999999
15.0 0.2043749841
16.0 0.1968597455
17.0 0.1904888451
18.0 0.1851880313
19.0 0.1806837992
20.0 0.1768176749
21.0 0.1734926775
22.0 0.1705401733
23.0 0.1679588481
24.0 0.16565915960000002
25.0 0.1636462956
26.0 0.1618845344
27.0 0.16034677460000002
28.0 0.1589417264
29.0 0.1575705857
30.0 0.156397234
31.0 0.1553353205
32.0 0.15440590380000002
33.0 0.1535537465
34.0 0.1527066931
35.0 0.1518655182
36.0 0.15114009509999998
37.0 0.1504663365
38.0 0.1497595342
39.0 0.1490804
40.0 0.1484759152
41.0 0.14793994709999997
42.0 0.14743447010000005
43.0 0.1469428271
44.0 0.1464216233
45.0 0.14590910219999997
46.0 0.1454639629
47.0 0.1450567082
48.0 0.144682303
49.0 0.14427686909999998
50.0 0.14383363880000002
51.0 0.14335069629999997
52.0 0.1428628787
53.0 0.1423516631
54.0 0.1418911428
55.0 0.1414650844
56.0 0.14102958140000002
57.0 0.1406268521
58.0 0.14020435069999998
59.0 0.13971749090000002
60.0 0.1392327249
61.0 0.13878247900000001
62.0 0.1383283242
63.0 0.1379404469
64.0 0.13756053290000003
65.0 0.13716388349999997
66.0 0.1367911711
67.0 0.13638706650000001
68.0 0.13595321340000002
69.0 0.13554432519999998
70.0 0.13514610980000002
71.0 0.1347820521
72.0 0.1344908819
73.0 0.13413854550000004
74.0 0.1337823241
75.0 0.1333684043
76.0 0.13293155129999998
77.0 0.1324967726
78.0 0.13211781960000002
79.0 0.131715937
80.0 0.13126677439999998
81.0 0.130762887
82.0 0.1303345024
83.0 0.1299362927
84.0 0.1295260564
85.0 0.1291457192
86.0 0.1287516357
87.0 0.1283976153
88.0 0.12802975020000001
89.0 0.1275926137
90.0 0.1271183872
91.0 0.1266419769
92.0 0.12618876710000002
93.0 0.12574373409999998
94.0 0.12528242309999998
95.0 0.12489425330000001
96.0 0.12450982400000002
97.0 0.1241350457
98.0 0.1237525113
99.0 0.12326713799999997
100.0 0.122856564
101.0 0.12243473019999998
102.0 0.12201050449999999
103.0 0.12154663060000001
104.0 0.12106633630000001
105.0 0.1207154469
106.0 0.12037994639999998
107.0 0.12004559340000001
108.0 0.11966939559999998
109.0 0.1192998424
110.0 0.1189315833
111.0 0.1185703545
112.0 0.11823429910000001
113.0 0.11788808099999999
114.0 0.11755260679999999
115.0 0.11717550170000002
116.0 0.1168496862
117.0 0.11647342459999999
118.0 0.11609973609999999
119.0 0.1157217451
120.0 0.115311203
121.0 0.11490649499999998
122.0 0.11453511710000001
123.0 0.1141561813
124.0 0.11378456340000001
125.0 0.11346842939999999
126.0 0.11308978889999999
127.0 0.11275998200000001
128.0 0.11240721139999998
129.0 0.11203854819999999
130.0 0.1116769255
131.0 0.11130578890000001
132.0 0.11090385159999998
133.0 0.1105349042
134.0 0.1101528392
135.0 0.10978215629999999
136.0 0.1093386278
137.0 0.1088386535
138.0 0.1083804741
139.0 0.1079512641
140.0 0.1075713389
141.0 0.1071431696
142.0 0.1067595385
143.0 0.10634247
144.0 0.10591086369999998
145.0 0.10546574820000001
146.0 0.1051163732
147.0 0.10474513109999999
148.0 0.10437300050000002
149.0 0.1039636059
150.0 0.1035672366
151.0 0.103134302
152.0 0.10268444424
153.0 0.10226385371999999
154.0 0.10188005261
155.0 0.10151371358000001
156.0 0.10106480134999998
157.0 0.10063837689999999
158.0 0.10029177215
159.0 0.09992964271
160.0 0.09956501729
161.0 0.09919529778
162.0 0.09880101759
163.0 0.09843983281999999
164.0 0.09807025041
165.0 0.0977034211
166.0 0.09733458683999999
167.0 0.09699448868
168.0 0.09658227342
169.0 0.0961373977
170.0 0.09573575105000001
171.0 0.09530504719000002
172.0 0.09486149773
173.0 0.09447919877000001
174.0 0.09406723081000001
175.0 0.09371031075
176.0 0.09337419942
177.0 0.09302183615
178.0 0.09265597686000002
179.0 0.09230725764
180.0 0.09202945382000001
181.0 0.09169305115000001
182.0 0.09132683872999998
183.0 0.09092810302999998
184.0 0.09052382483000002
185.0 0.09011255352
186.0 0.08969518319
187.0 0.08927801623
188.0 0.08890417516
189.0 0.08852180392
190.0 0.08815442770000001
191.0 0.08781008050999999
192.0 0.08744293226999998
193.0 0.08708935081000001
194.0 0.08677094803
195.0 0.08642680495000002
196.0 0.08609818443999999
197.0 0.08572662175000001
198.0 0.08535014762999998
199.0 0.08500455617
200.0 0.08464863149999999
201.0 0.08438587114999999
202.0 0.08401016967
203.0 0.08367988692
204.0 0.08331521824
205.0 0.08285816609
206.0 0.08245187550999998
207.0 0.0820872724
208.0 0.08170184941
209.0 0.08137146904
210.0 0.08099563047
211.0 0.08067079781
212.0 0.08033646493999999
213.0 0.07998449505
214.0 0.07956545502000001
215.0 0.07913616597
216.0 0.07865877971
217.0 0.07817100434
218.0 0.07775296494999999
219.0 0.07740202396
220.0 0.07705462725000001
221.0 0.07675960735000001
222.0 0.07650840283000002
223.0 0.07622478899999999
224.0 0.07597823814
225.0 0.07571550681
226.0 0.07540253029
227.0 0.07501908093
228.0 0.07456651329
229.0 0.07414906919
230.0 0.07379590348000001
231.0 0.07344761713
232.0 0.07306523842999998
233.0 0.07273134812000001
234.0 0.07233320698
235.0 0.07194001453
236.0 0.07152259053000001
237.0 0.07114348785000002
238.0 0.07078354955
239.0 0.07042561993999999
240.0 0.07008295357000002
241.0 0.06973250656999999
242.0 0.06940881384999999
243.0 0.06907403991000001
244.0 0.06876263543000001
245.0 0.06838975771000001
246.0 0.06803888454
247.0 0.06768552587
248.0 0.06729548274
249.0 0.06690390408
250.0 0.06652520896
251.0 0.06615597605999998
252.0 0.06580999046
253.0 0.0654573314
254.0 0.06509976014999999
255.0 0.06478679813000002
256.0 0.06442002393999999
257.0 0.06402126513
258.0 0.06355690063
259.0 0.06323794052000001
260.0 0.06287969425
261.0 0.06254935042000001
262.0 0.062180268760000004
263.0 0.061819724750000006
264.0 0.061458763119999996
265.0 0.06109725050999999
266.0 0.06071495191
267.0 0.060350082830000006
268.0 0.05996945016000001
269.0 0.05961880758
270.0 0.05929909162
271.0 0.05894624404
272.0 0.05863181128
273.0 0.058333489300000006
274.0 0.057986785090000006
275.0 0.057655951000000004
276.0 0.05730391854
277.0 0.056956591460000004
278.0 0.05661778860000001
279.0 0.05623541551
280.0 0.05584243125999999
281.0 0.05550552941
282.0 0.05521699898
283.0 0.05492710060999999
284.0 0.05465551467
285.0 0.054373974729999996
286.0 0.05413465277
287.0 0.05388203450000001
288.0 0.05355052613000001
289.0 0.0531287968
290.0 0.0527451031
291.0 0.05241397169999999
292.0 0.052080003539999996
293.0 0.051692476870000004
294.0 0.05132162496999999
295.0 0.05094520188999999
296.0 0.0505775269
297.0 0.05025304629999999
298.0 0.04988169932000001
299.0 0.04948829448999999
300.0 0.04912824147
301.0 0.048799917469999995
302.0 0.04849980922
303.0 0.048197935149999996
304.0 0.04784356543
305.0 0.04751041494
306.0 0.04715239853
307.0 0.046840055650000004
308.0 0.04650855249
309.0 0.04615395368
310.0 0.04581970461
311.0 0.04551969543000001
312.0 0.04520682542
313.0 0.044892482830000004
314.0 0.04455142654
315.0 0.04417877457999999
316.0 0.043835675330000004
317.0 0.04353967794
318.0 0.04322135524000001
319.0 0.042892741410000004
320.0 0.042574128139999994
321.0 0.042278738680000004
322.0 0.042010540510000006
323.0 0.041668197879999994
324.0 0.041333654510000005
325.0 0.040968956800000005
326.0 0.04060042351
327.0 0.040254836530000004
328.0 0.03993666211000001
329.0 0.03969582653000001
330.0 0.03946252093
331.0 0.03911033943
332.0 0.03870732598
333.0 0.038306549200000005
334.0 0.03789369688000001
335.0 0.037500391900000006
336.0 0.03715993241
337.0 0.036768328030000005
338.0 0.036401261770000005
339.0 0.03608935662
340.0 0.03578322567
341.0 0.03543012962000001
342.0 0.03511860483
343.0 0.034851693370000006
344.0 0.034574162389999996
345.0 0.034253318240000004
346.0 0.03399468809
347.0 0.033659113569999996
348.0 0.03330503311000001
349.0 0.03299930021
350.0 0.03268115277
351.0 0.03232590222
352.0 0.031963354890000004
353.0 0.031642908059999995
354.0 0.03132809083
355.0 0.031026709460000003
356.0 0.030696574790000004
357.0 0.03032769357
358.0 0.029933463979999998
359.0 0.02958901506
360.0 0.02935960552
361.0 0.02904958258
362.0 0.028665448180000004
363.0 0.028299035140000005
364.0 0.027970959429999998
365.0 0.02764013428
366.0 0.02735817282
367.0 0.02707332243
368.0 0.026723284469999997
369.0 0.026427369749999995
370.0 0.026167943319999998
371.0 0.025847598739999998
372.0 0.025487678680000004
373.0 0.025135356180000002
374.0 0.02479040939
375.0 0.02449214758
376.0 0.024090968450000003
377.0 0.02371728682
378.0 0.023437075509999995
379.0 0.023183662440000002
380.0 0.02296873536
381.0 0.0227342449
382.0 0.02251777706
383.0 0.02221983169
384.0 0.0219295591
385.0 0.021720241199999997
386.0 0.021462147120000004
387.0 0.021169317709999996
388.0 0.02084381618
389.0 0.020490816050000003
390.0 0.02013257127
391.0 0.0198013134
392.0 0.0193900682
393.0 0.019030938490000003
394.0 0.01869268659
395.0 0.01834936804
396.0 0.017966632539999996
397.0 0.01763461296
398.0 0.01734666349
399.0 0.017073730380000002
400.0 0.01680537258
401.0 0.01659800932
402.0 0.01632994972
403.0 0.01603011982
404.0 0.01564348451
405.0 0.015305820389999999
406.0 0.015021718939999998
407.0 0.0147162279
408.0 0.014438732240000002
409.0 0.014062407150000001
410.0 0.01372385184
411.0 0.01344620743
412.0 0.013188443890000002
413.0 0.01293990994
414.0 0.012661953
415.0 0.012336234460000001
416.0 0.012039430803
417.0 0.011717347974999999
418.0 0.011373870732
419.0 0.011119863216999998
420.0 0.010893814355
421.0 0.010674094422
422.0 0.010431678114999999
423.0 0.010167225257999998
424.0 0.00994045175
425.0 0.00964738596
426.0 0.009326202887000002
427.0 0.009038031055000001
428.0 0.008761966275
429.0 0.008452357582000001
430.0 0.008063804821
431.0 0.007717545657999998
432.0 0.007392858946
433.0 0.007032600787
434.0 0.006648867671
435.0 0.006356631452
436.0 0.006118189590000001
437.0 0.0058892440269999995
438.0 0.005574007448
439.0 0.005323698301
440.0 0.005028277449
441.0 0.0046854476919999995
442.0 0.004351814324
443.0 0.004026391821
444.0 0.0036902935809999997
445.0 0.0033802109713000003
446.0 0.0030713050866
447.0 0.0028208651633
448.0 0.0025956965782
449.0 0.0023721177474099998
450.0 0.0021437625224
451.0 0.0019353694724
452.0 0.0016393511581000002
453.0 0.00133800381789
454.0 0.00098492907857
455.0 0.0006813509402100001
456.0 0.0004536528144
457.0 0.00018095074950000002
458.0 -6.253969740000015e-05
459.0 -0.0002585447337
460.0 -0.0005034823897800001
461.0 -0.0007818574953999998
462.0 -0.0010973226383000003
463.0 -0.0014081851445999999
464.0 -0.0017653280343
465.0 -0.00213898669871
466.0 -0.0024709311250899996
467.0 -0.0028165163289
468.0 -0.0031408675021000003
469.0 -0.0035008640793
470.0 -0.0037565759859999994
471.0 -0.003992221365
472.0 -0.004176287414
473.0 -0.004337170941
474.0 -0.004535989240999999
475.0 -0.0047873330079999995
476.0 -0.005063131800999999
477.0 -0.005339750067
478.0 -0.0056201670320000004
479.0 -0.005942527579000001
480.0 -0.006273125226000001
481.0 -0.006509936206
482.0 -0.006778260555
483.0 -0.0070938557399999975
484.0 -0.007365972084
485.0 -0.007629506450000001
486.0 -0.007869076216
487.0 -0.008122168475999999
488.0 -0.008393541483999997
489.0 -0.008642004702
490.0 -0.008906809202
491.0 -0.009183548113
492.0 -0.00948614608
493.0 -0.009778812848
494.0 -0.010106799146
495.0 -0.010427614482
496.0 -0.010711140554999998
497.0 -0.011005309783000001
498.0 -0.011297347062
499.0 -0.011604688541999999
500.0 -0.011846158603
501.0 -0.012071621097000001
502.0 -0.012297264904999999
503.0 -0.012564753846
504.0 -0.012787158890999998
505.0 -0.0130660993
506.0 -0.013292900485
507.0 -0.013481256276999998
508.0 -0.013725360677
509.0 -0.013954382768000002
510.0 -0.014183761185999996
511.0 -0.014453513186000003
512.0 -0.014722141629999996
513.0 -0.014881428330000002
514.0 -0.015041414740000003
515.0 -0.015245452619999999
516.0 -0.01554244803
517.0 -0.015882065980000002
518.0 -0.01624931702
519.0 -0.01658802303
520.0 -0.01689806152
521.0 -0.01713215411
522.0 -0.01734876437
523.0 -0.01755764438
524.0 -0.017775381450000002
525.0 -0.01804416748
526.0 -0.018298355670000002
527.0 -0.01852967479
528.0 -0.018761028169999996
529.0 -0.019017300009999998
530.0 -0.01930727176
531.0 -0.01958187884
532.0 -0.01986917806
533.0 -0.020188141059999998
534.0 -0.02047480698
535.0 -0.02074693477
536.0 -0.02098693586
537.0 -0.02121355403
538.0 -0.02147449088
539.0 -0.021705664889999997
540.0 -0.02194063963
541.0 -0.022198370109999997
542.0 -0.02247433029
543.0 -0.022734231869999996
544.0 -0.022984971480000005
545.0 -0.023276050380000003
546.0 -0.02354516331
547.0 -0.0238081483
548.0 -0.02402539122
549.0 -0.02420597617
550.0 -0.024437151659999996
551.0 -0.02460196652
552.0 -0.02480555773
553.0 -0.024951857879999997
554.0 -0.025081120240000004
555.0 -0.025260100520000002
556.0 -0.02549211866
557.0 -0.02572811357
558.0 -0.026033958220000004
559.0 -0.026279691790000004
560.0 -0.026563566360000002
561.0 -0.026842649660000002
562.0 -0.02704129666
563.0 -0.027207677460000003
564.0 -0.02739708629
565.0 -0.02764312625
566.0 -0.02787535376
567.0 -0.02817378213
568.0 -0.02841600684
569.0 -0.028710554909999998
570.0 -0.029016155569999997
571.0 -0.029302540059999993
572.0 -0.02954606432
573.0 -0.029759470189999998
574.0 -0.02993482276
575.0 -0.03011090904
576.0 -0.030338825290000003
577.0 -0.030589774810000005
578.0 -0.03082783
579.0 -0.03107125294
580.0 -0.031320016439999994
581.0 -0.03152673895000001
582.0 -0.031683691390000004
583.0 -0.031821189449999995
584.0 -0.03198415954
585.0 -0.032151908980000005
586.0 -0.032288343829999996
587.0 -0.0324643921
588.0 -0.032693711279999996
589.0 -0.03291309234
590.0 -0.033147903150000005
591.0 -0.03339027332
592.0 -0.03372476418
593.0 -0.03402738814
594.0 -0.03429963943
595.0 -0.03451262358
596.0 -0.03475327846
597.0 -0.034993459670000004
598.0 -0.035163512450000003
599.0 -0.035312301489999996
600.0 -0.03549072537999999
601.0 -0.03570979628
602.0 -0.035964640789999995
603.0 -0.03626882806
604.0 -0.036475214359999994
605.0 -0.036724356189999995
606.0 -0.03696604370999999
607.0 -0.037179443980000004
608.0 -0.03741691485
609.0 -0.03767524772
610.0 -0.037882476299999995
611.0 -0.0380817242
612.0 -0.03825391344
613.0 -0.03847152107
614.0 -0.0386282295
615.0 -0.038834585619999994
616.0 -0.03901945165
617.0 -0.039288043980000006
618.0 -0.039477518579999996
619.0 -0.039667997520000005
620.0 -0.03986414076
621.0 -0.04001077227
622.0 -0.04015607535
623.0 -0.04029924162
624.0 -0.04049210845
625.0 -0.040682964399999993
626.0 -0.04082379899
627.0 -0.040921274189999995
628.0 -0.040970429030000005
629.0 -0.041089157749999994
630.0 -0.04125499129
631.0 -0.041459140559999996
632.0 -0.04164761938
633.0 -0.041878719259999996
634.0 -0.04208823556
635.0 -0.04226230421
636.0 -0.04239675403
637.0 -0.042584843559999995
638.0 -0.04279070906
639.0 -0.04300519042
640.0 -0.043233208349999996
641.0 -0.04344928749
642.0 -0.04361405895999999
643.0 -0.043814296999999995
644.0 -0.04397086016
645.0 -0.04415059312999999
646.0 -0.044350253039999996
647.0 -0.04460798428
648.0 -0.04482081904
649.0 -0.04500046969
650.0 -0.045168290660000006
651.0 -0.04535567275
652.0 -0.04553059004
653.0 -0.04571633115
654.0 -0.04591792524
655.0 -0.04612677804
656.0 -0.046338509769999994
657.0 -0.04657421224
658.0 -0.046784088390000006
659.0 -0.046975971010000006
660.0 -0.04715960547
661.0 -0.04735520259
662.0 -0.047587785859999995
663.0 -0.04776712767
664.0 -0.047955343129999994
665.0 -0.048167468229999996
666.0 -0.04830480255000001
667.0 -0.04843176789
668.0 -0.04851988554000001
669.0 -0.04867815971999999
670.0 -0.04889340476
671.0 -0.049062898
672.0 -0.04931336119
673.0 -0.049522663280000004
674.0 -0.04974668398
675.0 -0.050033305959999996
676.0 -0.05033132657
677.0 -0.050586599100000004
678.0 -0.05085893236
679.0 -0.051007602369999995
680.0 -0.051126376919999994
681.0 -0.051303551710000006
682.0 -0.051418567820000004
683.0 -0.05153538175
684.0 -0.051629836129999995
685.0 -0.05167591088000001
686.0 -0.05171500856
687.0 -0.05181436353
688.0 -0.05198028088000001
689.0 -0.052143640430000006
690.0 -0.052313106500000005
691.0 -0.052399340659999995
692.0 -0.052487853929999995
693.0 -0.05265577398
694.0 -0.0528846994
695.0 -0.05313802994000001
696.0 -0.05345456786
697.0 -0.05375293047
698.0 -0.0539597545
699.0 -0.05409443677
700.0 -0.054294470319999996
701.0 -0.05443946905
702.0 -0.05458039455
703.0 -0.05469183997
704.0 -0.05476977342
705.0 -0.05489659645
706.0 -0.054984703290000006
707.0 -0.05507476217
708.0 -0.055079902709999996
709.0 -0.05509788394
710.0 -0.05523819513999999
711.0 -0.0553963609
712.0 -0.05558517648
713.0 -0.055744601410000004
714.0 -0.05589613617
715.0 -0.05614374726
716.0 -0.056333496799999994
717.0 -0.056468340000000006
718.0 -0.05663476399
719.0 -0.05677480921000001
720.0 -0.056953457000000006
721.0 -0.05705125593
722.0 -0.057077114670000005
723.0 -0.057198754699999986
724.0 -0.05726291203
725.0 -0.057398341240000005
726.0 -0.057558520880000005
727.0 -0.057653423020000004
728.0 -0.057791283719999996
729.0 -0.057947360719999993
730.0 -0.05803361347
731.0 -0.05813465528
732.0 -0.05822830535000001
733.0 -0.05833783859
734.0 -0.058421728780000015
735.0 -0.05849533119
736.0 -0.05858294703000001
737.0 -0.058741328849999996
738.0 -0.0589227274
739.0 -0.05905950925000001
740.0 -0.059233852860000005
741.0 -0.05937912947
742.0 -0.05957141221000001
743.0 -0.05976958720999999
744.0 -0.05994625836999999
745.0 -0.060101487110000004
746.0 -0.060221566260000005
747.0 -0.06035130469000001
748.0 -0.060420317579999994
749.0 -0.06047671510000001
750.0 -0.06056855097
751.0 -0.06069548279
752.0 -0.06082314513
753.0 -0.060943451149999994
754.0 -0.06114677899
755.0 -0.06131397483999999
756.0 -0.06135451346
757.0 -0.06145247333
758.0 -0.06154135652
759.0 -0.061614371089999995
760.0 -0.06175577455000001
761.0 -0.061805006110000005
762.0 -0.06191730016
763.0 -0.062053325759999986
764.0 -0.06215686762
765.0 -0.062247378379999996
766.0 -0.06236517841
767.0 -0.06245029383999999
768.0 -0.06252332591000001
769.0 -0.06259443497
770.0 -0.06269161405
771.0 -0.06277498677
772.0 -0.06281706727
773.0 -0.06288294830999999
774.0 -0.06294131242
775.0 -0.06303462833
776.0 -0.06304737887
777.0 -0.06313875315999999
778.0 -0.06325620935000001
779.0 -0.06338661349000001
780.0 -0.06345385572999998
781.0 -0.06353785619999999
782.0 -0.06363421193999999
783.0 -0.06374154872000001
784.0 -0.06385833174999998
785.0 -0.0639361851
786.0 -0.06401923746
787.0 -0.06412424112000001
788.0 -0.06424048245
789.0 -0.06441650725
790.0 -0.06451980061999998
791.0 -0.06463159806
792.0 -0.06472716517000002
793.0 -0.06475280189999999
794.0 -0.0647281684
795.0 -0.06471196001
796.0 -0.06466305853000001
797.0 -0.06470024886
798.0 -0.06474540048
799.0 -0.06482316441
800.0 -0.06490722298000001
801.0 -0.06508445703000001
802.0 -0.06525340005
803.0 -0.06539838053000001
804.0 -0.06553071588
805.0 -0.06562276892999999
806.0 -0.06567512304
807.0 -0.06569037028
808.0 -0.06569852121
809.0 -0.06572805009
810.0 -0.06582135484
811.0 -0.06600119583
812.0 -0.06616055072999998
813.0 -0.06632561982999999
814.0 -0.06640551686
815.0 -0.06645309367
816.0 -0.06657844932
817.0 -0.06671684345999998
818.0 -0.06680123991999999
819.0 -0.06692530364
820.0 -0.06704489326999999
821.0 -0.06716166065
822.0 -0.06727134587000001
823.0 -0.06738311499
824.0 -0.06749104449
825.0 -0.06754666865
826.0 -0.06760728284999999
827.0 -0.06759622246
828.0 -0.06763643139
829.0 -0.06764809005
830.0 -0.06768201067999999
831.0 -0.06776631845
832.0 -0.06781414933
833.0 -0.06786439603000002
834.0 -0.06790888012
835.0 -0.06794891767000001
836.0 -0.06797172354
837.0 -0.06801669337999999
838.0 -0.06807961314
839.0 -0.06808541529
840.0 -0.06810334807999999
841.0 -0.06812677979000001
842.0 -0.06818776278
843.0 -0.06824322715
844.0 -0.06832456515999999
845.0 -0.06848832219999999
846.0 -0.06850925533
847.0 -0.06860782133
848.0 -0.06870862990999999
849.0 -0.06884146035000001
850.0 -0.06892065704
851.0 -0.06907343565
852.0 -0.06914891154
853.0 -0.06919628156999999
854.0 -0.06928143949
855.0 -0.06929908023
856.0 -0.0693053037
857.0 -0.0693268828
858.0 -0.06938848495000001
859.0 -0.0694378324
860.0 -0.06947640255000001
861.0 -0.06960372925
862.0 -0.06969603375
863.0 -0.06981564014000001
864.0 -0.06986334024999999
865.0 -0.06988874003
866.0 -0.06992293375
867.0 -0.0699011378
868.0 -0.06982740461
869.0 -0.06983910799000001
870.0 -0.06986187248
871.0 -0.06993111894
872.0 -0.07001122832
873.0 -0.06999897137
874.0 -0.06996025443000001
875.0 -0.06993643344
876.0 -0.06992373540999999
877.0 -0.06996519341999999
878.0 -0.0700334467
879.0 -0.07002056389
880.0 -0.07002016233
881.0 -0.06995224058
882.0 -0.06992461606999999
883.0 -0.06992856265
884.0 -0.06995241194999999
885.0 -0.06995504051000001
886.0 -0.06997509823
887.0 -0.07003652825999998
888.0 -0.07010901123
889.0 -0.07011510953
890.0 -0.07008725255
891.0 -0.07007097677999999
892.0 -0.07010804489
893.0 -0.07013600691000002
894.0 -0.07020308599
895.0 -0.07030147537
896.0 -0.07041625157999999
897.0 -0.07048794032
898.0 -0.07051790951
899.0 -0.07053403184
900.0 -0.07050538361
901.0 -0.07041970193
902.0 -0.07039698214999998
903.0 -0.0703359522
904.0 -0.070274321
905.0 -0.07025163172999999
906.0 -0.07019153833
907.0 -0.07015929669
908.0 -0.07018173188000001
909.0 -0.07026318908
910.0 -0.0703031838
911.0 -0.07028077988
912.0 -0.07027780562
913.0 -0.07029483989999999
914.0 -0.07035276815
915.0 -0.07041454091000002
916.0 -0.07048721760999999
917.0 -0.07056330739
918.0 -0.07060775161000002
919.0 -0.07071815952
920.0 -0.07078101635
921.0 -0.07080459146
922.0 -0.07087164446
923.0 -0.07090737446
924.0 -0.07091936766
925.0 -0.07089219764
926.0 -0.07086632401000001
927.0 -0.07078513429
928.0 -0.07068058252000001
929.0 -0.07060322911
930.0 -0.07053778918
931.0 -0.07051902786
932.0 -0.07045930848000001
933.0 -0.07038175463
934.0 -0.07032455727
935.0 -0.07033418643000001
936.0 -0.07030566782
937.0 -0.07029164656999999
938.0 -0.07023867593
939.0 -0.07015018462
940.0 -0.07008671015000001
941.0 -0.07003142685
942.0 -0.07000411301
943.0 -0.07001755686000001
944.0 -0.06996222287000001
945.0 -0.06997772903999999
946.0 -0.0699797526
947.0 -0.06991274580000001
948.0 -0.06998247281
949.0 -0.07008611783999999
950.0 -0.07011055648
951.0 -0.07019346133000001
952.0 -0.07028753011999998
953.0 -0.07037784829999999
954.0 -0.07041950747
955.0 -0.07050619275
956.0 -0.07046550885
957.0 -0.07043732331
958.0 -0.07044721171999999
959.0 -0.07048339023
960.0 -0.07053541764
961.0 -0.07051287069999998
962.0 -0.07042370365
963.0 -0.07040042504
964.0 -0.07034395634999999
965.0 -0.07020389811999998
966.0 -0.07007462977999998
967.0 -0.06997262163
968.0 -0.06992449760000001
969.0 -0.06985309646000001
970.0 -0.06976662650999998
971.0 -0.06967209876
972.0 -0.06955280378
973.0 -0.06944689601000001
974.0 -0.06935391721999999
975.0 -0.0692462921
976.0 -0.06921430008
977.0 -0.06923780962
978.0 -0.06926154047000001
979.0 -0.0692693323
980.0 -0.06924933492999999
981.0 -0.06922342851999999
982.0 -0.06915417909
983.0 -0.06916131154
984.0 -0.06909943373
985.0 -0.0690368615
986.0 -0.06893192680000002
987.0 -0.06889880821
988.0 -0.06894632653
989.0 -0.06898899005
990.0 -0.06902188061
991.0 -0.06902276576000001
992.0 -0.068950665
993.0 -0.06888519525999999
994.0 -0.06881551892
995.0 -0.06874417365
996.0 -0.06866227388
997.0 -0.06859426124000001
998.0 -0.06854920982999999
999.0 -0.06852659881
1000.0 -0.06847706064999999
1001.0 -0.06843260154
1002.0 -0.06843518318
1003.0 -0.06840718238000001
1004.0 -0.06837985366
1005.0 -0.06831462308
1006.0 -0.06824075431000001
1007.0 -0.06818935499
1008.0 -0.06814097986
1009.0 -0.06811584233
1010.0 -0.06804043277
1011.0 -0.06805975624
1012.0 -0.06815721206
1013.0 -0.06819323933999999
1014.0 -0.06814009584
1015.0 -0.06806215755999999
1016.0 -0.06796941682000002
1017.0 -0.06786465495999999
1018.0 -0.06775197424
1019.0 -0.06760759688000001
1020.0 -0.06746790929999999
1021.0 -0.06737237126
1022.0 -0.06727390177
1023.0 -0.06715710795999999
1024.0 -0.06705110368999999
1025.0 -0.06691204979000001
1026.0 -0.06682767944
1027.0 -0.06682456954999999
1028.0 -0.06680487097000001
1029.0 -0.06673382409000002
1030.0 -0.06662879586
1031.0 -0.06649554298
1032.0 -0.06641347631999998
1033.0 -0.06622218861999998
1034.0 -0.06598694996
1035.0 -0.06583597101
1036.0 -0.06573007554000002
1037.0 -0.06567046865
1038.0 -0.06570201218
1039.0 -0.06575135066
1040.0 -0.06578695216000001
1041.0 -0.0657623887
1042.0 -0.06568605825
1043.0 -0.06566857323
1044.0 -0.06563618854
1045.0 -0.06559804231
1046.0 -0.06557292081
1047.0 -0.06557111778
1048.0 -0.06545487941
1049.0 -0.06533151082
1050.0 -0.06523510776
1051.0 -0.06511585227
1052.0 -0.06500096321000001
1053.0 -0.06490476467
1054.0 -0.06481763980999998
1055.0 -0.0647231836
1056.0 -0.06461773366
1057.0 -0.06449195371000001
1058.0 -0.06431400775
1059.0 -0.06423986330999999
1060.0 -0.06416256948999999
1061.0 -0.06408278084999999
1062.0 -0.06396762432
1063.0 -0.06387915461999999
1064.0 -0.06378948801000002
1065.0 -0.06365797929
1066.0 -0.06349720694
1067.0 -0.06334801167000001
1068.0 -0.06327871308
1069.0 -0.06320887317999999
1070.0 -0.06306622513
1071.0 -0.06283313072999999
1072.0 -0.06264315991
1073.0 -0.06254535987
1074.0 -0.06246116087000001
1075.0 -0.0623481065
1076.0 -0.06221042724
1077.0 -0.0621363949
1078.0 -0.06213572363000001
1079.0 -0.062096419199999996
1080.0 -0.062031590559999995
1081.0 -0.061950194459999997
1082.0 -0.0618083842
1083.0 -0.061689473689999996
1084.0 -0.06162865869999999
1085.0 -0.061577910930000014
1086.0 -0.06147397048000001
1087.0 -0.06139059400000001
1088.0 -0.06131880470000001
1089.0 -0.061261541399999994
1090.0 -0.06121709794
1091.0 -0.061160264900000004
1092.0 -0.06106706669999999
1093.0 -0.06101015879999999
1094.0 -0.060927099
1095.0 -0.06084698813
1096.0 -0.06077791527
1097.0 -0.060612011320000006
1098.0 -0.060535239809999995
1099.0 -0.06049155369999999
1100.0 -0.06042659843
1101.0 -0.06039319857000001
1102.0 -0.06034223661
1103.0 -0.06026069334999999
1104.0 -0.060208964350000005
1105.0 -0.06007736175999999
1106.0 -0.059904357799999995
1107.0 -0.05980722568
1108.0 -0.05963551104999999
1109.0 -0.059497062860000005
1110.0 -0.05934516452000001
1111.0 -0.05915548318
1112.0 -0.05904485061
1113.0 -0.05895255059
1114.0 -0.05885027907
1115.0 -0.05873956495
1116.0 -0.05858611055
1117.0 -0.058537867290000004
1118.0 -0.05842340253999999
1119.0 -0.05829081982999999
1120.0 -0.05821964703
1121.0 -0.05815231502
1122.0 -0.05805417412
1123.0 -0.05792529435
1124.0 -0.057808900249999996
1125.0 -0.05774111934
1126.0 -0.057596034209999994
1127.0 -0.05743175894
1128.0 -0.05732099934999999
1129.0 -0.057205300400000006
1130.0 -0.05705926715
1131.0 -0.05692106299000001
1132.0 -0.05679753421
1133.0 -0.056724092000000004
1134.0 -0.05663446709000001
1135.0 -0.0564971123
1136.0 -0.05639059990999999
1137.0 -0.056270925709999996
1138.0 -0.0561124701
1139.0 -0.05598793253999999
1140.0 -0.05590212456
1141.0 -0.05577892885
1142.0 -0.055646918700000006
1143.0 -0.055463423199999994
1144.0 -0.055281920750000005
1145.0 -0.05509294757000001
1146.0 -0.054996948670000004
1147.0 -0.05495091901
1148.0 -0.05489626525
1149.0 -0.054839853189999996
1150.0 -0.054736315820000006
1151.0 -0.0546527788
1152.0 -0.05448011086
1153.0 -0.054337733609999994
1154.0 -0.0542071011
1155.0 -0.05413303001999999
1156.0 -0.054094100379999996
1157.0 -0.05401519201999999
1158.0 -0.053920278329999995
1159.0 -0.05379104911999999
1160.0 -0.05364939943
1161.0 -0.053522037720000006
1162.0 -0.05337042249
1163.0 -0.053135049700000006
1164.0 -0.05290283187999999
1165.0 -0.05268157609
1166.0 -0.05246717706
1167.0 -0.05230385066
1168.0 -0.05210946835999999
1169.0 -0.05198797322
1170.0 -0.05190377608
1171.0 -0.051874587689999994
1172.0 -0.05175901764
1173.0 -0.05170328021
1174.0 -0.051606728879999994
1175.0 -0.05154992826
1176.0 -0.051472076389999996
1177.0 -0.05134534128
1178.0 -0.051160883160000004
1179.0 -0.05102625785
1180.0 -0.050908310719999995
1181.0 -0.0507811673
1182.0 -0.050679924339999995
1183.0 -0.050525162729999996
1184.0 -0.05034598596999999
1185.0 -0.050213390950000006
1186.0 -0.0501816388
1187.0 -0.050049781060000006
1188.0 -0.04990819543
1189.0 -0.049738224969999995
1190.0 -0.04954236821
1191.0 -0.04936316683
1192.0 -0.049201240369999996
1193.0 -0.04901840275
1194.0 -0.04887695609000001
1195.0 -0.04867856390999999
1196.0 -0.0484966535
1197.0 -0.048394621539999995
1198.0 -0.04834237993
1199.0 -0.048215932770000004
1200.0 -0.04807534553
1201.0 -0.04793149271
1202.0 -0.047828889629999996
1203.0 -0.04771660789999999
1204.0 -0.04758862593
1205.0 -0.047450562950000004
1206.0 -0.04729910792000001
1207.0 -0.04721414669
1208.0 -0.047117678829999995
1209.0 -0.047029575330000004
1210.0 -0.046920917560000004
1211.0 -0.0468387708
1212.0 -0.04669414647
1213.0 -0.04655461683999999
1214.0 -0.046464487910000005
1215.0 -0.04634702988
1216.0 -0.04624713212
1217.0 -0.04612865634
1218.0 -0.045972948890000004
1219.0 -0.045800826710000006
1220.0 -0.04565743358
1221.0 -0.045467123760000006
1222.0 -0.04531826078
1223.0 -0.04518436158
1224.0 -0.04502484538
1225.0 -0.04484979845
1226.0 -0.044655746600000004
1227.0 -0.044537285319999995
1228.0 -0.04437321796
1229.0 -0.04414779246
1230.0 -0.04396991507
1231.0 -0.043788879350000004
1232.0 -0.04368284119999999
1233.0 -0.043503085159999996
1234.0 -0.04332942143
1235.0 -0.04324024617000001
1236.0 -0.04309914596
1237.0 -0.04295607432000001
1238.0 -0.04284586235
1239.0 -0.04274327269
1240.0 -0.04265597760999999
1241.0 -0.04262405038
1242.0 -0.04251644239
1243.0 -0.04238187335
1244.0 -0.04221175796
1245.0 -0.04204692618
1246.0 -0.0419021193
1247.0 -0.04173658266
1248.0 -0.0415699035
1249.0 -0.04139763266
1250.0 -0.041287644959999995
1251.0 -0.04114109278
1252.0 -0.04099110625
1253.0 -0.04085235558999999
1254.0 -0.04070318973999999
1255.0 -0.040469347680000003
1256.0 -0.04028797521
1257.0 -0.04013103507
1258.0 -0.03998960928
1259.0 -0.03983834722
1260.0 -0.039654056349999994
1261.0 -0.03949509485
1262.0 -0.03929778524
1263.0 -0.039111147449999994
1264.0 -0.03894815146
1265.0 -0.03879864327
1266.0 -0.038629386939999996
1267.0 -0.03846261204
1268.0 -0.03828338607
1269.0 -0.03812733626999999
1270.0 -0.03796103262000001
1271.0 -0.03785755151
1272.0 -0.03774980381
1273.0 -0.03761494794
1274.0 -0.03747485952
1275.0 -0.03731085247
1276.0 -0.037181194880000004
1277.0 -0.03699904865
1278.0 -0.036842505270000006
1279.0 -0.03674707785
1280.0 -0.03656942733
1281.0 -0.03646900693
1282.0 -0.03635777346
1283.0 -0.03631281926
1284.0 -0.03618493937
1285.0 -0.03603831829
1286.0 -0.035841865089999994
1287.0 -0.03562402689000001
1288.0 -0.03550114428
1289.0 -0.03544294053
1290.0 -0.03540660236
1291.0 -0.035277820380000005
1292.0 -0.03509459366
1293.0 -0.03490901999
1294.0 -0.034779572120000005
1295.0 -0.034667433250000004
1296.0 -0.034507451
1297.0 -0.03434511926
1298.0 -0.0341746118
1299.0 -0.034035191879999996
1300.0 -0.03392153066
1301.0 -0.03374860864
1302.0 -0.033612171930000004
1303.0 -0.03347457181
1304.0 -0.03329885362
1305.0 -0.03308324423000001
1306.0 -0.032898515270000005
1307.0 -0.03276054618
1308.0 -0.032629231540000005
1309.0 -0.032512355410000006
1310.0 -0.03239085747
1311.0 -0.03224476725
1312.0 -0.032034390610000005
1313.0 -0.03184480911
1314.0 -0.03163398728
1315.0 -0.03144588414
1316.0 -0.03127306365
1317.0 -0.03110432271
1318.0 -0.03090176862
1319.0 -0.030723756919999994
1320.0 -0.030558856960000002
1321.0 -0.030352732179999998
1322.0 -0.030142444020000003
1323.0 -0.02997929399
1324.0 -0.0298421027
1325.0 -0.029671060099999997
1326.0 -0.02945316879
1327.0 -0.02927933802
1328.0 -0.029209253010000002
1329.0 -0.029057285750000005
1330.0 -0.02893620264
1331.0 -0.02876775098
1332.0 -0.028598248029999995
1333.0 -0.028484075700000007
1334.0 -0.028359134860000003
1335.0 -0.028206660980000003
1336.0 -0.02803244031
1337.0 -0.02795062717
1338.0 -0.027865076439999997
1339.0 -0.027762719419999998
1340.0 -0.02767049056
1341.0 -0.02760303579
1342.0 -0.02756631244
1343.0 -0.027494254139999997
1344.0 -0.02746042478
1345.0 -0.02738549523
1346.0 -0.027263431260000005
1347.0 -0.027162479240000002
1348.0 -0.02700970097
1349.0 -0.026925018230000004
1350.0 -0.02686977852
1351.0 -0.026747401249999997
1352.0 -0.026543581660000003
1353.0 -0.026381209859999998
1354.0 -0.0262052808
1355.0 -0.02605431732
1356.0 -0.025870941029999994
1357.0 -0.025637065809999998
1358.0 -0.025380288620000004
1359.0 -0.0251669502
1360.0 -0.024954619639999998
1361.0 -0.02476984133
1362.0 -0.02459301332
1363.0 -0.02442330886
1364.0 -0.02424121647
1365.0 -0.02409332246
1366.0 -0.023922403540000005
1367.0 -0.023774020360000002
1368.0 -0.023662385890000002
1369.0 -0.023513325480000003
1370.0 -0.02335364296
1371.0 -0.023204966069999996
1372.0 -0.02304621971
1373.0 -0.02280544156
1374.0 -0.022583783609999998
1375.0 -0.02240539044
1376.0 -0.022221235550000003
1377.0 -0.022140110839999998
1378.0 -0.022072793539999996
1379.0 -0.02200672831
1380.0 -0.021850755439999998
1381.0 -0.021670159680000002
1382.0 -0.02152764685
1383.0 -0.02139409687
1384.0 -0.021254985389999998
1385.0 -0.0211594304
1386.0 -0.021056717080000002
1387.0 -0.02087799329
1388.0 -0.020721270500000003
1389.0 -0.02059127866
1390.0 -0.020390919969999997
1391.0 -0.020146479460000002
1392.0 -0.01991260508
1393.0 -0.01976214405
1394.0 -0.019608048250000003
1395.0 -0.01933963615
1396.0 -0.019125686670000003
1397.0 -0.01890006047
1398.0 -0.01870182781
1399.0 -0.01863794113
1400.0 -0.018484476110000002
1401.0 -0.01828612563
1402.0 -0.01813123151
1403.0 -0.01796046942
1404.0 -0.017839201720000003
1405.0 -0.01767570078
1406.0 -0.017546009930000002
1407.0 -0.01742562839
1408.0 -0.01732019251
1409.0 -0.01721275523
1410.0 -0.01695704888
1411.0 -0.01678506154
1412.0 -0.016597612480000003
1413.0 -0.01640206714
1414.0 -0.01618169526
1415.0 -0.015966622710000003
1416.0 -0.015792976599999998
1417.0 -0.015600066446999999
1418.0 -0.015449118903
1419.0 -0.015311016602999999
1420.0 -0.015139170734000002
1421.0 -0.014902844366000001
1422.0 -0.014690435031999998
1423.0 -0.014558172876999998
1424.0 -0.014417824708999999
1425.0 -0.014299227299
1426.0 -0.014158615464
1427.0 -0.014008132183999999
1428.0 -0.013799948161000003
1429.0 -0.013531608783999999
1430.0 -0.013329406124999998
1431.0 -0.013141481753000001
1432.0 -0.012989963453
1433.0 -0.012878513845
1434.0 -0.012768910816000002
1435.0 -0.012635981198000001
1436.0 -0.012479586812
1437.0 -0.012304183276999999
1438.0 -0.012035176435
1439.0 -0.011782918722000001
1440.0 -0.011628469310999999
1441.0 -0.011533584356000002
1442.0 -0.011420957514
1443.0 -0.011278563879000001
1444.0 -0.011088439815999999
1445.0 -0.010907827741000001
1446.0 -0.010772386471000001
1447.0 -0.010636183631
1448.0 -0.010578878120000001
1449.0 -0.010439697277
1450.0 -0.010283052048
1451.0 -0.010169461224999999
1452.0 -0.010060136806
1453.0 -0.009930848841000001
1454.0 -0.009843696147000001
1455.0 -0.009724364656
1456.0 -0.009514162192
1457.0 -0.009308756705
1458.0 -0.009177609256
1459.0 -0.009089687034
1460.0 -0.008899637965
1461.0 -0.008713464875
1462.0 -0.008613503035
1463.0 -0.008518321601
1464.0 -0.008378709966999999
1465.0 -0.008249822858
1466.0 -0.008062770662999999
1467.0 -0.00794974128
1468.0 -0.007840608871999999
1469.0 -0.0077001746360000015
1470.0 -0.007571001661
1471.0 -0.007394548202000001
1472.0 -0.0071817985347
1473.0 -0.007028268692300001
1474.0 -0.0068866655417
1475.0 -0.006802818123899999
1476.0 -0.006711724635099998
1477.0 -0.006696421559599999
1478.0 -0.006682499036100001
1479.0 -0.006599522585300001
1480.0 -0.0064665023732
1481.0 -0.0063190012275
1482.0 -0.006222740237900001
1483.0 -0.006073475605318001
1484.0 -0.0059193000405
1485.0 -0.0057150324189
1486.0 -0.0054785877191
1487.0 -0.0052860702282
1488.0 -0.0051226868698
1489.0 -0.00494829177714
1490.0 -0.0048083102951999995
1491.0 -0.0046088945892
1492.0 -0.004443755857
1493.0 -0.004312174778999999
1494.0 -0.004218702382999999
1495.0 -0.004077411915999999
1496.0 -0.0039450577835
1497.0 -0.0037113717034999993
1498.0 -0.0035406352700999995
1499.0 -0.0033277862809999994
1500.0 -0.0030772024363
1501.0 -0.0028840340682000005
1502.0 -0.002814856772
1503.0 -0.0026468470117000003
1504.0 -0.0025021743404
1505.0 -0.0023510545811
1506.0 -0.0022207559343
1507.0 -0.0021388255556
1508.0 -0.00203363582549
1509.0 -0.0018404322214099996
1510.0 -0.0016737667299000004
1511.0 -0.0015233126389
1512.0 -0.0013818491122999997
1513.0 -0.0012198128404000003
1514.0 -0.0010839676663999998
1515.0 -0.0009613709161000001
1516.0 -0.0008417795409000001
1517.0 -0.0007096670127
1518.0 -0.0005885858132
1519.0 -0.00044710801699599987
1520.0 -0.0002360377123000002
1521.0 -5.688887960000012e-05
1522.0 6.072123699999979e-05
1523.0 0.00012307204662999997
1524.0 0.00020054424365999998
1525.0 0.0003191690273
1526.0 0.0004683551284999997
1527.0 0.0006671602494999998
1528.0 0.0007836282219000001
1529.0 0.0008621794139000001
1530.0 0.00088870641437
1531.0 0.0009124105522499999
1532.0 0.0009857289267
1533.0 0.001044444336
1534.0 0.0012276863403
1535.0 0.0013606297087999997
1536.0 0.001449028334
1537.0 0.0015422102880000002
1538.0 0.0016344317699999995
1539.0 0.0017346335329999998
1540.0 0.0018489316350000003
1541.0 0.0020708509950000003
1542.0 0.0022388866280000004
1543.0 0.0023462549416000005
1544.0 0.0024701732594000006
1545.0 0.0026130159870999996
1546.0 0.0027222496168000003
1547.0 0.0028789898976
1548.0 0.0030807595687
1549.0 0.0033104700866
1550.0 0.0034834415623
1551.0 0.0036908190564
1552.0 0.0038984005833999995
1553.0 0.0040460869575
1554.0 0.0041411626635
1555.0 0.0042343840133
1556.0 0.0042690085567
1557.0 0.0042994624942
1558.0 0.0043293911418
1559.0 0.0043767927661
1560.0 0.0044901710765
1561.0 0.004657049770299999
1562.0 0.0048324116461
1563.0 0.005030170768989999
1564.0 0.0052104896217
1565.0 0.005387957048279999
1566.0 0.00551940107238
1567.0 0.0056893931762840005
1568.0 0.00580036208671
1569.0 0.0059359524997489995
1570.0 0.0060290409536999994
1571.0 0.0062296455561
1572.0 0.006400294899
1573.0 0.0065363937461
1574.0 0.006598366183500001
1575.0 0.006670074449119999
1576.0 0.006809249811400001
1577.0 0.006976441817799999
1578.0 0.0071545815774
1579.0 0.007310480821099999
1580.0 0.007346106446000001
1581.0 0.007355477692799999
1582.0 0.007407369200000001
1583.0 0.0074697920430000005
1584.0 0.00750267795
1585.0 0.007667991236000001
1586.0 0.007848444037999999
1587.0 0.008003476556
1588.0 0.008201172892
1589.0 0.008416744465
1590.0 0.00866276599
1591.0 0.008874461885
1592.0 0.009005611272
1593.0 0.009101401718
1594.0 0.009232605007000001
1595.0 0.009300553511000002
1596.0 0.009354034021000001
1597.0 0.009477605130999999
1598.0 0.009622603742999999
1599.0 0.009751590639
1600.0 0.009903166069
1601.0 0.010018362343
1602.0 0.010165735021
1603.0 0.010309606578999998
1604.0 0.010421961189
1605.0 0.010522495284
1606.0 0.010600489971999999
1607.0 0.010725041908000001
1608.0 0.010800686828000002
1609.0 0.010949861728000002
1610.0 0.011133710859
1611.0 0.011273147492
1612.0 0.011452615195
1613.0 0.011521223189000002
1614.0 0.011576587842
1615.0 0.011625385896
1616.0 0.011725304133
1617.0 0.011773297563999998
1618.0 0.011873126853
1619.0 0.011931679440999998
1620.0 0.011984436446999999
1621.0 0.012072343537
1622.0 0.012210147135
1623.0 0.012333626067
1624.0 0.012478340890999999
1625.0 0.012605743526000001
1626.0 0.012689877774
1627.0 0.012794481955
1628.0 0.012877664673
1629.0 0.012906710393
1630.0 0.012974905594
1631.0 0.013071797175
1632.0 0.013200231653
1633.0 0.013290702077
1634.0 0.013366690047999999
1635.0 0.013499811338999999
1636.0 0.013641298476
1637.0 0.013788421956999999
1638.0 0.013924882469
1639.0 0.014023525736999998
1640.0 0.014057060000999998
1641.0 0.014163787978999998
1642.0 0.014236167252999999
1643.0 0.014344113419999999
1644.0 0.014457813939
1645.0 0.014690430461999998
1646.0 0.014905359793
1647.0 0.015053182108999998
1648.0 0.015217600254
1649.0 0.015404335913
1650.0 0.015575264862
1651.0 0.015620109826000001
1652.0 0.015637676692
1653.0 0.015631230323
1654.0 0.015640081839
1655.0 0.015715373869
1656.0 0.015812566035
1657.0 0.015846299278
1658.0 0.015904097174
1659.0 0.015992110511
1660.0 0.016136751799
1661.0 0.016279223364
1662.0 0.016402784080000003
1663.0 0.016536694752
1664.0 0.016579081509
1665.0 0.016578766883
1666.0 0.016640270968999997
1667.0 0.016771467680000002
1668.0 0.01689592377
1669.0 0.01701753325
1670.0 0.0171529782
1671.0 0.01735005975
1672.0 0.017488481179999998
1673.0 0.017598719149999997
1674.0 0.017643574060000004
1675.0 0.01767554954
1676.0 0.017672361990000003
1677.0 0.01781220809
1678.0 0.017979020800000002
1679.0 0.01809969265
1680.0 0.018231185429999998
1681.0 0.01832886665
1682.0 0.01842281027
1683.0 0.01856136081
1684.0 0.018766793240000003
1685.0 0.01892125383
1686.0 0.01898003147
1687.0 0.01903003827
1688.0 0.01912538297
1689.0 0.019231019260000003
1690.0 0.019323831509999997
1691.0 0.019386480569999996
1692.0 0.0194926166
1693.0 0.01968666762
1694.0 0.019858911070000002
1695.0 0.019995098460000006
1696.0 0.020109722939999998
1697.0 0.02020345415
1698.0 0.020325351499999998
1699.0 0.02040359555
1700.0 0.02046388881
1701.0 0.020520674069999998
1702.0 0.020550300929999998
1703.0 0.020534021960000003
1704.0 0.020584408840000002
1705.0 0.02065950503
1706.0 0.02069672178
1707.0 0.020818370859999998
1708.0 0.02095415481
1709.0 0.02108963013
1710.0 0.0211976595
1711.0 0.021307623470000002
1712.0 0.021367835350000003
1713.0 0.021536134829999998
1714.0 0.02171380475
1715.0 0.02191537908
1716.0 0.02211541291
1717.0 0.02223617752
1718.0 0.022352990889999997
1719.0 0.022431154550000002
1720.0 0.02257508878
1721.0 0.022704129099999998
1722.0 0.02276626508
1723.0 0.022824696159999998
1724.0 0.02284111325
1725.0 0.02286183033
1726.0 0.022921012169999998
1727.0 0.022983848850000002
1728.0 0.023025893799999995
1729.0 0.02307653707
1730.0 0.02320593596
1731.0 0.02329370453
1732.0 0.02338521686
1733.0 0.023397934239999998
1734.0 0.02340425232
1735.0 0.023488108629999997
1736.0 0.02354135513
1737.0 0.023583873730000003
1738.0 0.02356112097
1739.0 0.02354608272
1740.0 0.023627987320000002
1741.0 0.0236639753
1742.0 0.02369386536
1743.0 0.02369577457
1744.0 0.02371554804
1745.0 0.02380454373
1746.0 0.02387371399
1747.0 0.02395082097
1748.0 0.0240887001
1749.0 0.024222729919999998
1750.0 0.024408696020000002
1751.0 0.02454960068
1752.0 0.024671245529999997
1753.0 0.02475583571
1754.0 0.02480042056
1755.0 0.024862197790000002
1756.0 0.024949264509999996
1757.0 0.02503807266
1758.0 0.02510448061
1759.0 0.02510339878
1760.0 0.02515682932
1761.0 0.025243759900000003
1762.0 0.025301926210000002
1763.0 0.0253468346
1764.0 0.025410216669999996
1765.0 0.025482671890000003
1766.0 0.025604783759999993
1767.0 0.025700502469999997
1768.0 0.02578432002
1769.0 0.025920673459999998
1770.0 0.025994434579999996
1771.0 0.026066750120000003
1772.0 0.026110625460000002
1773.0 0.02623902894
1774.0 0.02638057433
1775.0 0.02641405724
1776.0 0.02646273282
1777.0 0.026550260189999998
1778.0 0.026683787800000004
1779.0 0.026757173429999996
1780.0 0.0267718317
1781.0 0.02677766439
1782.0 0.026748046650000003
1783.0 0.026779375240000004
1784.0 0.026858065820000006
1785.0 0.026950651589999996
1786.0 0.027058582930000002
1787.0 0.02712148857
1788.0 0.027225207539999997
1789.0 0.027295203679999998
1790.0 0.02739789468
1791.0 0.02754463665
1792.0 0.027648226539999998
1793.0 0.02774937767
1794.0 0.027781193510000003
1795.0 0.027795855520000003
1796.0 0.02785981186
1797.0 0.02796936873
1798.0 0.028074803949999998
1799.0 0.028219840100000004
1800.0 0.028363370520000004
1801.0 0.028477595939999996
1802.0 0.028570778289999998
1803.0 0.028590052570000003
1804.0 0.02864936031
1805.0 0.028650216750000002
1806.0 0.028690907539999998
1807.0 0.028790473559999995
1808.0 0.028879145159999998
1809.0 0.02895734013
1810.0 0.02900356779
1811.0 0.02907956485
1812.0 0.02916889358
1813.0 0.029305027430000002
1814.0 0.02943790369
1815.0 0.02958436051
1816.0 0.02969293576
1817.0 0.02972858752
1818.0 0.02974274346
1819.0 0.02965766527
1820.0 0.02964146251
1821.0 0.029639539119999996
1822.0 0.029686911390000004
1823.0 0.02969037499
1824.0 0.029649424940000002
1825.0 0.02967763879
1826.0 0.02965173646
1827.0 0.02966143619
1828.0 0.029657360730000006
1829.0 0.029693117730000003
1830.0 0.02976070792
1831.0 0.029824103420000005
1832.0 0.029899760150000003
1833.0 0.029999700549999998
1834.0 0.030110012729999996
1835.0 0.03027095554
1836.0 0.03043921164
1837.0 0.0305836357
1838.0 0.03056766818
1839.0 0.03060627952
1840.0 0.030668715199999995
1841.0 0.030750435219999993
1842.0 0.03082593326
1843.0 0.030901936440000007
1844.0 0.030919024179999997
1845.0 0.03098637797
1846.0 0.030974851369999994
1847.0 0.031023420579999995
1848.0 0.031121231989999998
1849.0 0.031227791310000003
1850.0 0.031367432900000006
1851.0 0.03147307728
1852.0 0.03152969032
1853.0 0.031567599439999997
1854.0 0.03156861178999999
1855.0 0.031523077739999995
1856.0 0.03153078667
1857.0 0.03159165083
1858.0 0.03169860206
1859.0 0.031733114640000004
1860.0 0.03170529975999999
1861.0 0.031672601960000005
1862.0 0.031533198990000004
1863.0 0.03151312619
1864.0 0.031486690410000004
1865.0 0.031458964939999993
1866.0 0.031522979949999995
1867.0 0.031527216930000004
1868.0 0.03157980404
1869.0 0.03154633381000001
1870.0 0.03152014147
1871.0 0.03147492446
1872.0 0.031483620010000005
1873.0 0.03148620556
1874.0 0.0315978175
1875.0 0.031741160889999995
1876.0 0.031869316659999994
1877.0 0.032006232069999994
1878.0 0.032141296
1879.0 0.03225044252
1880.0 0.03228274174
1881.0 0.032399695560000004
1882.0 0.03247423881
1883.0 0.03253588212
1884.0 0.03267045749
1885.0 0.03277897331
1886.0 0.03288742863
1887.0 0.032964583480000004
1888.0 0.032959530120000004
1889.0 0.0329370102
1890.0 0.03294201157
1891.0 0.03297150342
1892.0 0.03299305682
1893.0 0.033004285009999995
1894.0 0.033055039659999993
1895.0 0.033073944970000005
1896.0 0.03310506475
1897.0 0.033076925189999995
1898.0 0.033101590900000005
1899.0 0.03316398243
1900.0 0.03317831457999999
1901.0 0.033185043
1902.0 0.03318716735
1903.0 0.03322953806
1904.0 0.03332178909
1905.0 0.03337967712999999
1906.0 0.03333894164
1907.0 0.03335987422000001
1908.0 0.033340525260000003
1909.0 0.03327567428
1910.0 0.03321973215
1911.0 0.03323803954
1912.0 0.0332594771
1913.0 0.033287539149999996
1914.0 0.03331505675
1915.0 0.03332712668
1916.0 0.03336383551
1917.0 0.03333845379
1918.0 0.033280236080000004
1919.0 0.03324622531
1920.0 0.03325214908
1921.0 0.03325391709000001
1922.0 0.03326165974
1923.0 0.03322757595
1924.0 0.03324195388
1925.0 0.03323390483
1926.0 0.03329365943
1927.0 0.033332447700000004
1928.0 0.03334440422
1929.0 0.033420226909999996
1930.0 0.03346711024
1931.0 0.03354770561
1932.0 0.03357559089
1933.0 0.0336397199
1934.0 0.033732594170000005
1935.0 0.03387594987
1936.0 0.03395119998
1937.0 0.03400249574
1938.0 0.034134990340000004
1939.0 0.0342047388
1940.0 0.03430396746
1941.0 0.034411123769999996
1942.0 0.03446176258
1943.0 0.034519031809999996
1944.0 0.03454532456
1945.0 0.03453869951000001
1946.0 0.03450213634
1947.0 0.03434678111
1948.0 0.03428113982
1949.0 0.03421897366
1950.0 0.03422187343000001
1951.0 0.034273716430000004
1952.0 0.03425402605
1953.0 0.034364608690000006
1954.0 0.03437956701
1955.0 0.03441776464
1956.0 0.034336300390000005
1957.0 0.03428292796
1958.0 0.03423657268
1959.0 0.034167429240000005
1960.0 0.0341118779
1961.0 0.03406495415000001
1962.0 0.034132505599999995
1963.0 0.03413317111
1964.0 0.03411848006
1965.0 0.03414435573
1966.0 0.03414057195
1967.0 0.03413305562
1968.0 0.03411415983
1969.0 0.03405250553999999
1970.0 0.03400704506
1971.0 0.033950986350000004
1972.0 0.03387469444
1973.0 0.03381669374
1974.0 0.0338000046
1975.0 0.03374135886
1976.0 0.03367035761
1977.0 0.03354432285
1978.0 0.03349185361
1979.0 0.033605882520000005
1980.0 0.033690762529999994
1981.0 0.03365831802
1982.0 0.03377100675
1983.0 0.033909379700000006
1984.0 0.034026656489999994
1985.0 0.03404856435
1986.0 0.03408630751
1987.0 0.03412180151
1988.0 0.034117535489999996
1989.0 0.03409099113
1990.0 0.03411768003
1991.0 0.034173149800000004
1992.0 0.034247629349999996
1993.0 0.034249966789999996
1994.0 0.03425257969000001
1995.0 0.03415854703
1996.0 0.03417026457
1997.0 0.03417052143
1998.0 0.03416914103
1999.0 0.03414129466
2000.0 0.0342037687
2001.0 0.034259036
2002.0 0.03425228502
2003.0 0.0342422381
2004.0 0.03426536917
2005.0 0.03426903021000001
2006.0 0.03422436453
2007.0 0.03420819322
2008.0 0.03424662966
2009.0 0.03421958461
2010.0 0.03419707008
2011.0 0.03419615124
2012.0 0.03424645679999999
2013.0 0.03428413291
2014.0 0.034249970879999994
2015.0 0.03417897058
2016.0 0.034100334909999995
2017.0 0.03403742965
2018.0 0.03404353616
2019.0 0.034136637479999996
2020.0 0.03421391472
2021.0 0.03427140229
2022.0 0.034282517430000006
2023.0 0.034298003099999995
2024.0 0.03431590925999999
2025.0 0.034359480070000004
2026.0 0.03438991234
2027.0 0.034437352420000004
2028.0 0.034435988210000004
2029.0 0.03447327429
2030.0 0.03453279976
2031.0 0.03456238172
2032.0 0.034509981610000004
2033.0 0.03442716356
2034.0 0.03438779209
2035.0 0.034323316429999993
2036.0 0.03434005251
2037.0 0.0343499899
2038.0 0.03433826899000001
2039.0 0.034333812059999996
2040.0 0.03436093314
2041.0 0.03435273468
2042.0 0.03435199894
2043.0 0.03427948467
2044.0 0.034253205550000006
2045.0 0.03422089516
2046.0 0.03425144256
2047.0 0.03433305453
2048.0 0.03437368125
2049.0 0.034425367219999996
2050.0 0.03440456354
2051.0 0.034349717769999996
2052.0 0.034330450559999996
2053.0 0.03425947725000001
2054.0 0.03424818647999999
2055.0 0.03421026506
2056.0 0.034283092810000006
2057.0 0.034320977530000005
2058.0 0.03435317241
2059.0 0.034378566969999996
2060.0 0.03437454252
2061.0 0.034390001190000005
2062.0 0.034337611680000005
2063.0 0.03427666313
2064.0 0.03428512105
2065.0 0.0342230605
2066.0 0.034152964689999996
2067.0 0.03416312781999999
2068.0 0.0341591757
2069.0 0.03414772042999999
2070.0 0.034142256530000005
2071.0 0.034065251420000005
2072.0 0.03394927829
2073.0 0.03384953272999999
2074.0 0.033765519769999995
2075.0 0.03375311326
2076.0 0.033687885679999995
2077.0 0.03358654918
2078.0 0.03351980748
2079.0 0.03344352208
2080.0 0.03341731616
2081.0 0.03342041597
2082.0 0.03348374068
2083.0 0.033558272570000006
2084.0 0.03356337754
2085.0 0.03355275226
2086.0 0.03351189158
2087.0 0.03344655986999999
2088.0 0.03337909953
2089.0 0.033386097280000006
2090.0 0.03341800067
2091.0 0.03347962257
2092.0 0.03341013697
2093.0 0.03326125797
2094.0 0.03315017112
2095.0 0.03311310802
2096.0 0.03308522925
2097.0 0.03316384255
2098.0 0.033145928000000005
2099.0 0.03314921167
2100.0 0.033135147200000006
2101.0 0.03313569501000001
2102.0 0.03311439642
2103.0 0.033103278830000006
2104.0 0.033109104070000006
2105.0 0.033038845100000006
2106.0 0.033017398419999996
2107.0 0.03289791252
2108.0 0.032838069489999996
2109.0 0.032798227480000004
2110.0 0.032757054279999996
2111.0 0.03268968593
2112.0 0.032722484690000005
2113.0 0.03275753261
2114.0 0.03273571375
2115.0 0.0327443758
2116.0 0.032631213779999994
2117.0 0.03250561878
2118.0 0.03244860286
2119.0 0.03245627804
2120.0 0.03251467831
2121.0 0.03254722059
2122.0 0.03256970923000001
2123.0 0.03266876247
2124.0 0.032685228430000005
2125.0 0.03271631915
2126.0 0.03265314622
2127.0 0.03256777635
2128.0 0.03250732739
2129.0 0.032501541640000006
2130.0 0.032432003870000004
2131.0 0.03236045855
2132.0 0.03233644888
2133.0 0.032271589889999994
2134.0 0.03221526592
2135.0 0.03212767095
2136.0 0.03197694832
2137.0 0.031860766750000005
2138.0 0.0317405019
2139.0 0.03167173173
2140.0 0.031634220670000004
2141.0 0.03158018982
2142.0 0.03148493339
2143.0 0.03146383148
2144.0 0.031460369169999995
2145.0 0.03146217056
2146.0 0.031474170649999994
2147.0 0.031487012450000004
2148.0 0.03142670877
2149.0 0.031334803429999995
2150.0 0.031274531419999994
2151.0 0.031213879960000003
2152.0 0.03115364424
2153.0 0.03111492527000001
2154.0 0.03097781464
2155.0 0.030917313130000002
2156.0 0.03081136571
2157.0 0.0307080759
2158.0 0.03066196609
2159.0 0.030584805250000003
2160.0 0.030553233810000004
2161.0 0.030504254060000006
2162.0 0.03042098732
2163.0 0.030366966680000003
2164.0 0.030289163629999998
2165.0 0.030212972129999998
2166.0 0.030084686170000003
2167.0 0.03008130734000001
2168.0 0.03004518431
2169.0 0.030066451619999997
2170.0 0.02997193002
2171.0 0.029842503930000003
2172.0 0.02981001028
2173.0 0.029753934779999998
2174.0 0.02973785604
2175.0 0.02968134562
2176.0 0.029571739200000002
2177.0 0.029499901269999997
2178.0 0.02951078173
2179.0 0.029468951370000003
2180.0 0.029388158010000005
2181.0 0.029337648109999996
2182.0 0.029403826220000005
2183.0 0.02946557216
2184.0 0.02953383959
2185.0 0.02960449568
2186.0 0.02963825354
2187.0 0.029631764619999994
2188.0 0.029641558589999995
2189.0 0.029584907199999993
2190.0 0.02953808364
2191.0 0.02948797681
2192.0 0.029444981739999997
2193.0 0.02932861336
2194.0 0.02929684501
2195.0 0.02908789197
2196.0 0.02898756938
2197.0 0.02886309345
2198.0 0.028707712329999996
2199.0 0.028605986749999996
2200.0 0.028508215590000004
2201.0 0.028485851149999998
2202.0 0.028487493279999998
2203.0 0.02852437309
2204.0 0.028540186960000002
2205.0 0.0284568213
2206.0 0.028419080540000002
2207.0 0.02840426211
2208.0 0.028362075979999995
2209.0 0.028307826260000002
2210.0 0.02822530754
2211.0 0.028129897819999992
2212.0 0.02804475408
2213.0 0.02798967826
2214.0 0.027976035330000003
2215.0 0.027954187250000002
2216.0 0.0279432116
2217.0 0.027888840060000003
2218.0 0.02786694374
2219.0 0.027875364200000002
2220.0 0.02785605788
2221.0 0.027732025259999998
2222.0 0.027639467270000002
2223.0 0.027491420319999998
2224.0 0.027435312410000003
2225.0 0.02727717236
2226.0 0.02717199269
2227.0 0.027093337670000002
2228.0 0.02694334947
2229.0 0.02685053031
2230.0 0.026766255879999996
2231.0 0.0266637288
2232.0 0.02657136172
2233.0 0.026506477980000005
2234.0 0.02648401354
2235.0 0.02645736508
2236.0 0.026455511539999997
2237.0 0.026431685499999996
2238.0 0.02641452252
2239.0 0.02640442588
2240.0 0.026447853449999996
2241.0 0.026419763830000005
2242.0 0.0264160821
2243.0 0.02629411033
2244.0 0.026169933190000005
2245.0 0.026064327530000004
2246.0 0.026008833000000002
2247.0 0.02587238718
2248.0 0.025791047320000003
2249.0 0.025594824170000002
2250.0 0.025435334999999996
2251.0 0.025386120010000002
2252.0 0.02529221122
2253.0 0.025303514679999993
2254.0 0.02524121608
2255.0 0.025169508720000004
2256.0 0.025113104469999998
2257.0 0.025047113569999994
2258.0 0.02494592331
2259.0 0.024856642439999996
2260.0 0.02479566038
2261.0 0.02469344902
2262.0 0.02459872142
2263.0 0.02450965215
2264.0 0.024454415749999996
2265.0 0.024411802720000004
2266.0 0.02432551814
2267.0 0.02427623142
2268.0 0.024260133139999997
2269.0 0.0242534183
2270.0 0.02422778552
2271.0 0.024298102770000003
2272.0 0.02432485242
2273.0 0.02432843615
2274.0 0.024377730480000002
2275.0 0.024397277279999997
2276.0 0.02429092974
2277.0 0.024224431639999995
2278.0 0.024151870790000002
2279.0 0.02406436225
2280.0 0.02390905191
2281.0 0.023747999410000005
2282.0 0.02365008199
2283.0 0.02362790722
2284.0 0.023634706260000003
2285.0 0.02359082197
2286.0 0.023499612149999998
2287.0 0.02348003277
2288.0 0.0233680457
2289.0 0.0232340265
2290.0 0.023122617789999998
2291.0 0.023051332109999996
2292.0 0.022964675349999998
2293.0 0.022905351950000003
2294.0 0.02283487021
2295.0 0.02278377619
2296.0 0.022692512539999998
2297.0 0.02261991465
2298.0 0.02255328595
2299.0 0.02247535029
2300.0 0.022431783379999997
2301.0 0.02233556436
2302.0 0.02232386824
2303.0 0.0223066097
2304.0 0.02222713288
2305.0 0.02212661896
2306.0 0.022036123070000004
2307.0 0.02200808711
2308.0 0.021945411149999997
2309.0 0.02186979147
2310.0 0.021860119690000002
2311.0 0.021816488360000004
2312.0 0.02181845289
2313.0 0.021739202170000003
2314.0 0.02159389891
2315.0 0.021561459459999998
2316.0 0.0215174686
2317.0 0.021475675330000003
2318.0 0.02145117203
2319.0 0.02140818909
2320.0 0.021287251820000002
2321.0 0.021236578199999998
2322.0 0.021119991320000003
2323.0 0.02104003392
2324.0 0.021032750590000003
2325.0 0.020986364769999998
2326.0 0.02086195572
2327.0 0.020768596049999997
2328.0 0.020670365540000003
2329.0 0.020502331840000002
2330.0 0.02033730411
2331.0 0.020245296680000004
2332.0 0.02022021413
2333.0 0.020234377490000004
2334.0 0.020215171199999996
2335.0 0.02015096434
2336.0 0.020052196079999998
2337.0 0.019915545540000003
2338.0 0.0197827056
2339.0 0.019669987449999995
2340.0 0.01953870338
2341.0 0.0193985615
2342.0 0.01927280417
2343.0 0.019150427829999997
2344.0 0.019045446799999997
2345.0 0.018976656340000002
2346.0 0.01888329489
2347.0 0.018908715070000002
2348.0 0.018895674500000004
2349.0 0.018889799519999997
2350.0 0.01886043884
2351.0 0.01886464525
2352.0 0.01882668036
2353.0 0.01881275225
2354.0 0.01880884068
2355.0 0.01873164503
2356.0 0.01858305251
2357.0 0.018393131990000002
2358.0 0.01822943725
2359.0 0.018113484310000004
2360.0 0.01798865209
2361.0 0.01795877283
2362.0 0.017955159130000002
2363.0 0.01797483472
2364.0 0.017961001209999997
2365.0 0.01793592302
2366.0 0.01782876477
2367.0 0.01764684889
2368.0 0.01753505768
2369.0 0.017397741890000002
2370.0 0.017411152630000003
2371.0 0.01739338423
2372.0 0.017330929449999997
2373.0 0.01719829868
2374.0 0.01708913643
2375.0 0.01698889771
2376.0 0.016973623360000002
2377.0 0.01686964325
2378.0 0.01674575143
2379.0 0.01666620487
2380.0 0.016599064679999997
2381.0 0.0164731267
2382.0 0.016374866100000003
2383.0 0.01625166536
2384.0 0.01617685044
2385.0 0.01614713883
2386.0 0.01601407303
2387.0 0.01588657964
2388.0 0.0157467368
2389.0 0.01562179094
2390.0 0.015481104510000001
2391.0 0.01538070971
2392.0 0.01542173531
2393.0 0.01536357339
2394.0 0.015265597960000002
2395.0 0.0152400745
2396.0 0.015230014660000003
2397.0 0.01524941464
2398.0 0.01525564882
2399.0 0.015281544989999998
2400.0 0.015229728000000001
2401.0 0.015152515
2402.0 0.015105915450000002
2403.0 0.015081047000000004
2404.0 0.015082998859999999
2405.0 0.015048464379999998
2406.0 0.01503343016
2407.0 0.014981797360000002
2408.0 0.01491354051
2409.0 0.014863972270000001
2410.0 0.01478540078
2411.0 0.01473220213
2412.0 0.014636606522
2413.0 0.014607994070000001
2414.0 0.014532837270000001
2415.0 0.014372779908
2416.0 0.014230464501999999
2417.0 0.014097957212
2418.0 0.013961907463
2419.0 0.013934244297999998
2420.0 0.013877031848999999
2421.0 0.013817367048
2422.0 0.013653232536999998
2423.0 0.013544413829000002
2424.0 0.013402449714999997
2425.0 0.013241611217000002
2426.0 0.013130791656999995
2427.0 0.012940452607
2428.0 0.012784658564
2429.0 0.012717302979
2430.0 0.012689160825999999
2431.0 0.012653546686
2432.0 0.012669575772
2433.0 0.012603856626000002
2434.0 0.01254587945
2435.0 0.012464716001
2436.0 0.012410664834
2437.0 0.012343297427
2438.0 0.012274864407
2439.0 0.012202735699
2440.0 0.012134733056
2441.0 0.012043081499
2442.0 0.011946328071
2443.0 0.011836456133
2444.0 0.011737949490999999
2445.0 0.011681662510000001
2446.0 0.011667036366000002
2447.0 0.011636583417
2448.0 0.011650932203
2449.0 0.011611053824
2450.0 0.011561658648
2451.0 0.011478123861
2452.0 0.011479765037
2453.0 0.011457113505999999
2454.0 0.011427156674000002
2455.0 0.011367460289999999
2456.0 0.011340290914
2457.0 0.011349786637000002
2458.0 0.011266446440000001
2459.0 0.011207730507999999
2460.0 0.011139137903999998
2461.0 0.011019495131000001
2462.0 0.010924022547000001
2463.0 0.010865745928000001
2464.0 0.010833254141
2465.0 0.010798602189
2466.0 0.010779439142
2467.0 0.010710146927999998
2468.0 0.010593060404
2469.0 0.010407906541
2470.0 0.010321431954999998
2471.0 0.010304256293
2472.0 0.010293431591000001
2473.0 0.010226350009
2474.0 0.010102981802
2475.0 0.010097404697999999
2476.0 0.010083227048
2477.0 0.010117693944
2478.0 0.010067876471999998
2479.0 0.010070887823
2480.0 0.009964607850000001
2481.0 0.009805669024
2482.0 0.009721315885000002
2483.0 0.009661586956
2484.0 0.009597450407
2485.0 0.009553929922000002
2486.0 0.009449582129999998
2487.0 0.009372535392999998
2488.0 0.009252763732000001
2489.0 0.009188842676
2490.0 0.009145085184999999
2491.0 0.009160094423999999
2492.0 0.009105449113
2493.0 0.008945966507
2494.0 0.008787101418
2495.0 0.008679213051000001
2496.0 0.008571993426
2497.0 0.00847506837
2498.0 0.008344930362
2499.0 0.008211882289
2500.0 0.008114668068000002
2501.0 0.0079570643459
2502.0 0.0077337384235
2503.0 0.007610830225199999
2504.0 0.007512313356819999
2505.0 0.00740438610158
2506.0 0.007335623650049999
2507.0 0.00721510731067
2508.0 0.00718223200502
2509.0 0.007116332253349999
2510.0 0.007140847563809999
2511.0 0.0071147819723
2512.0 0.0070555247169
2513.0 0.007028431857299999
2514.0 0.0070090344151800005
2515.0 0.006958459916870001
2516.0 0.0069283185326
2517.0 0.0069656815698
2518.0 0.006993181396599999
2519.0 0.006954156529800001
2520.0 0.006891685887000001
2521.0 0.006851567078000001
2522.0 0.006800125269
2523.0 0.006700215492999999
2524.0 0.006584518366
2525.0 0.0065371045700000005
2526.0 0.006484393273
2527.0 0.006291954277
2528.0 0.006218818815999999
2529.0 0.006175664943
2530.0 0.006047455866
2531.0 0.005941196960999999
2532.0 0.0058748238337
2533.0 0.0058087290697999994
2534.0 0.005734618467
2535.0 0.0056762975289000005
2536.0 0.0055582007579
2537.0 0.0054489641845
2538.0 0.00536592974
2539.0 0.005347862845000001
2540.0 0.005287209711
2541.0 0.005171310066
2542.0 0.005045047172
2543.0 0.0049212441889
2544.0 0.004853489961099999
2545.0 0.0047908179368
2546.0 0.0046696990213
2547.0 0.00453312561484
2548.0 0.004388510543819999
2549.0 0.00427687183503
2550.0 0.004213289923499999
2551.0 0.0040951685265000004
2552.0 0.0040789641131
2553.0 0.004008503752199999
2554.0 0.0039196208578
2555.0 0.0038309026839099996
2556.0 0.0037762034155
2557.0 0.0037247522095999997
2558.0 0.0036508360644999993
2559.0 0.003540962603799999
2560.0 0.0034698215329999997
2561.0 0.0034872723979999997
2562.0 0.0034843910776
2563.0 0.0034870607828999998
2564.0 0.0035535316025
2565.0 0.0035629576069
2566.0 0.0035304108245
2567.0 0.0035091457595
2568.0 0.0035327390018999997
2569.0 0.0035550708228
2570.0 0.0035707760150000003
2571.0 0.0035537325197
2572.0 0.00353913684358
2573.0 0.0034739431270600003
2574.0 0.0034682504454
2575.0 0.0033793699117000003
2576.0 0.0033190055477000007
2577.0 0.0032451630537200004
2578.0 0.003200100157
2579.0 0.0030460572569000004
2580.0 0.0028580399343000004
2581.0 0.00271109268903
2582.0 0.0025292884263
2583.0 0.0023696564354
2584.0 0.0022226610715000003
2585.0 0.0021596911340000004
2586.0 0.0020665543148
2587.0 0.0019946669629999996
2588.0 0.001996576838
2589.0 0.0019281894889999999
2590.0 0.0019175585241
2591.0 0.0018647641589
2592.0 0.0018068602885
2593.0 0.0018019059301000004
2594.0 0.0017985495648000002
2595.0 0.0017247741864000001
2596.0 0.0016285523644000003
2597.0 0.0015665293736
2598.0 0.0015778026825999999
2599.0 0.0015022077129
2600.0 0.0013561109732
2601.0 0.0012526543981000002
2602.0 0.0011792162207000002
2603.0 0.0010036067265000001
2604.0 0.0009246117429000001
2605.0 0.0009048851434999998
2606.0 0.0008677231616
2607.0 0.0007843298404000001
2608.0 0.0007282538822000002
2609.0 0.0005943153414000001
2610.0 0.00047080100059999994
2611.0 0.00035935848109999995
2612.0 0.0001990730064999999
2613.0 0.00014782804579999983
2614.0 9.895158589999986e-05
2615.0 0.00010745230909999992
2616.0 0.00019673387789999986
2617.0 0.0003017934390000002
2618.0 0.0003852564020000001
2619.0 0.0003391019079999998
2620.0 0.00032032178189999986
2621.0 0.00025332564259999984
2622.0 0.0002044879068000001
2623.0 0.00016578547630000012
2624.0 3.939135150000002e-05
2625.0 -8.850536989999988e-05
2626.0 -0.00017472963159999993
2627.0 -0.0002746994691999999
2628.0 -0.00037400948536
2629.0 -0.0005562682159000002
2630.0 -0.0007477813745000001
2631.0 -0.0008929724179000001
2632.0 -0.0009087975478699998
2633.0 -0.00099355530057
2634.0 -0.0011114814934
2635.0 -0.00119080043346
2636.0 -0.0012283988526
2637.0 -0.00119777000723
2638.0 -0.0012104987379
2639.0 -0.0012884819756599998
2640.0 -0.0013088749770560001
2641.0 -0.001316914935
2642.0 -0.0013769665727000006
2643.0 -0.0014981296958799994
2644.0 -0.0015869888618999998
2645.0 -0.0016466063038999997
2646.0 -0.0016345460949000004
2647.0 -0.0016155791587
2648.0 -0.0016717718461000002
2649.0 -0.0017868431768000002
2650.0 -0.0018646087659
2651.0 -0.0019215563392
2652.0 -0.0019164897575
2653.0 -0.0019983204813431997
2654.0 -0.0021070813210799996
2655.0 -0.0022434969109
2656.0 -0.0023802610536
2657.0 -0.0025228243573999993
2658.0 -0.0026307254223
2659.0 -0.0026944409650000003
2660.0 -0.0027845674958299994
2661.0 -0.0028120600688700003
2662.0 -0.0028862416395
2663.0 -0.0029536114046000003
2664.0 -0.0029983995645
2665.0 -0.0030236215314
2666.0 -0.0030870879242999995
2667.0 -0.0031748970289
2668.0 -0.0032580878907000005
2669.0 -0.0032949288483
2670.0 -0.0033525957373
2671.0 -0.0034246909616
2672.0 -0.0034705367898000003
2673.0 -0.0034693971194000002
2674.0 -0.0035367448482000003
2675.0 -0.0035966984606
2676.0 -0.0036397009266
2677.0 -0.0037681036502
2678.0 -0.0038357212911999997
2679.0 -0.003864114747329999
2680.0 -0.0038602635411250003
2681.0 -0.0038960593839
2682.0 -0.0039646117551
2683.0 -0.0039887235933
2684.0 -0.003981501085
2685.0 -0.004053956918700001
2686.0 -0.0041255909572
2687.0 -0.0041784227096999995
2688.0 -0.0042093104276999995
2689.0 -0.004286983577
2690.0 -0.0043422902074
2691.0 -0.0043692460271
2692.0 -0.004399899199
2693.0 -0.004370089399
2694.0 -0.004376252387999999
2695.0 -0.004406501733
2696.0 -0.004434042423400001
2697.0 -0.0044714980562
2698.0 -0.004512229362000001
2699.0 -0.004558709349900001
2700.0 -0.0046479799254
2701.0 -0.004694926530699999
2702.0 -0.0046311542330999995
2703.0 -0.0045750206722
2704.0 -0.004549171759300001
2705.0 -0.004580431008300001
2706.0 -0.0046139174839
2707.0 -0.0047256327889999995
2708.0 -0.004777522781
2709.0 -0.004954020224
2710.0 -0.0050741973666
2711.0 -0.005200654186
2712.0 -0.005319216323
2713.0 -0.005446981125000001
2714.0 -0.0056006485943000004
2715.0 -0.005748965641899999
2716.0 -0.005855314877000001
2717.0 -0.005999703976799999
2718.0 -0.006140198234000001
2719.0 -0.00623320602841
2720.0 -0.0062601743625
2721.0 -0.006327552719400001
2722.0 -0.006439586262199999
2723.0 -0.0065895021762000005
2724.0 -0.006729621358000001
2725.0 -0.006777592548
2726.0 -0.006779086978
2727.0 -0.006832427889000001
2728.0 -0.006864952733
2729.0 -0.006934369394
2730.0 -0.0069273711310000015
2731.0 -0.006981443226
2732.0 -0.007046287793
2733.0 -0.007090301163
2734.0 -0.007118309942
2735.0 -0.007102704951
2736.0 -0.007040550486000001
2737.0 -0.006991522455999999
2738.0 -0.007010877270999999
2739.0 -0.007050569292000002
2740.0 -0.007083149670000001
2741.0 -0.007011174686
2742.0 -0.006928181860999999
2743.0 -0.00685961512
2744.0 -0.006914987194000001
2745.0 -0.00698359268
2746.0 -0.0069933153121
2747.0 -0.007093431334
2748.0 -0.007197233155000001
2749.0 -0.007310563101000001
2750.0 -0.007393173263
2751.0 -0.007512384966000001
2752.0 -0.0075815545479999994
2753.0 -0.007585373549
2754.0 -0.007566265475
2755.0 -0.007556409405000001
2756.0 -0.00756464657
2757.0 -0.0076197949899999996
2758.0 -0.007675264893000001
2759.0 -0.007772490772
2760.0 -0.007783824524999999
2761.0 -0.007902724215999999
2762.0 -0.007987677882000001
2763.0 -0.008050956809999999
2764.0 -0.008156196825
2765.0 -0.008245267395
2766.0 -0.008341213003999998
2767.0 -0.008422733346
2768.0 -0.008517392882
2769.0 -0.008525523896
2770.0 -0.008639014114
2771.0 -0.008760754983
2772.0 -0.008806708082
2773.0 -0.008770398774
2774.0 -0.008778870226
2775.0 -0.008843611553999998
2776.0 -0.008886436559
2777.0 -0.008921351096999998
2778.0 -0.008960367734
2779.0 -0.009014775211000001
2780.0 -0.009040524437999999
2781.0 -0.009080253116000001
2782.0 -0.009185721336000001
2783.0 -0.009379478819999999
2784.0 -0.009520394724
2785.0 -0.009699547616
2786.0 -0.009746256892999999
2787.0 -0.009735959778
2788.0 -0.009827440693000001
2789.0 -0.009825431752
2790.0 -0.009745410143999999
2791.0 -0.009697200546000002
2792.0 -0.009637143556
2793.0 -0.009683152524
2794.0 -0.009660524501999999
2795.0 -0.009631192587000001
2796.0 -0.009649271847999998
2797.0 -0.009675128577
2798.0 -0.009720362309999998
2799.0 -0.009770185389
2800.0 -0.009904636342
2801.0 -0.009916101493000002
2802.0 -0.009905270852
2803.0 -0.009905071586999999
2804.0 -0.009949235145
2805.0 -0.010039291344
2806.0 -0.010039733798
2807.0 -0.010026366151000003
2808.0 -0.010092149775
2809.0 -0.010098066954
2810.0 -0.010090805094999999
2811.0 -0.010116754358999999
2812.0 -0.010119981694
2813.0 -0.010142006299999999
2814.0 -0.010163546085
2815.0 -0.010127052008000001
2816.0 -0.010063553741999999
2817.0 -0.009951999839000001
2818.0 -0.009937703789
2819.0 -0.009997111091999999
2820.0 -0.010021427843999998
2821.0 -0.010058849905000002
2822.0 -0.010209694784
2823.0 -0.010377296105
2824.0 -0.010530795197
2825.0 -0.010623820586000001
2826.0 -0.010643723471999999
2827.0 -0.010691377892
2828.0 -0.010692630859
2829.0 -0.010676947422
2830.0 -0.010775620353999999
2831.0 -0.010828391738
2832.0 -0.010891331172
2833.0 -0.011018672029
2834.0 -0.011147225922
2835.0 -0.011291708430000002
2836.0 -0.011270166233
2837.0 -0.011233238030999999
2838.0 -0.011140015534
2839.0 -0.011135581595
2840.0 -0.011091423921
2841.0 -0.010980049892
2842.0 -0.010871626611999998
2843.0 -0.010869453381
2844.0 -0.01085750693
2845.0 -0.010890911903
2846.0 -0.010949238211
2847.0 -0.010972794979000002
2848.0 -0.0110570794
2849.0 -0.011235683228
2850.0 -0.011411229415
2851.0 -0.011574997934000002
2852.0 -0.011665528085
2853.0 -0.011700307386999998
2854.0 -0.011815422576
2855.0 -0.012035744590999998
2856.0 -0.012248554545999999
2857.0 -0.012404807468
2858.0 -0.012516865658
2859.0 -0.012574222447000002
2860.0 -0.012647075957
2861.0 -0.012736677337
2862.0 -0.012780532074000001
2863.0 -0.012731458955999999
2864.0 -0.012666470648999997
2865.0 -0.012632015349
2866.0 -0.012631340735000001
2867.0 -0.012631014537000001
2868.0 -0.01263077561
2869.0 -0.01258981819
2870.0 -0.012510670223
2871.0 -0.012545142456999999
2872.0 -0.012591592127000001
2873.0 -0.012684225944999999
2874.0 -0.012735193498
2875.0 -0.012915454013000002
2876.0 -0.013054292091
2877.0 -0.013179983510000002
2878.0 -0.013297488786
2879.0 -0.013459189656
2880.0 -0.013605439346999999
2881.0 -0.01381136496
2882.0 -0.013888404252
2883.0 -0.013928053114
2884.0 -0.013874160917
2885.0 -0.013839751026999997
2886.0 -0.013791523689999998
2887.0 -0.013758485479000002
2888.0 -0.013867793733
2889.0 -0.013982727336
2890.0 -0.013983593842
2891.0 -0.013879388247
2892.0 -0.013789164628
2893.0 -0.013700784461999998
2894.0 -0.013704148304
2895.0 -0.013716209881999999
2896.0 -0.013800063995
2897.0 -0.013849526636999999
2898.0 -0.013936259095
2899.0 -0.013944856501999999
2900.0 -0.014028490639
2901.0 -0.014040442892999999
2902.0 -0.014030426792
2903.0 -0.014075691531999997
2904.0 -0.014094034864999999
2905.0 -0.014059053458999998
2906.0 -0.014016653962000001
2907.0 -0.013984608655
2908.0 -0.014004422354000002
2909.0 -0.014096715808999998
2910.0 -0.014191272383000001
2911.0 -0.014148993288000001
2912.0 -0.014104222227000002
2913.0 -0.01417343867
2914.0 -0.014180257594
2915.0 -0.014133560046000002
2916.0 -0.014041633421999999
2917.0 -0.013926366805999998
2918.0 -0.013811705626999998
2919.0 -0.013810486251999998
2920.0 -0.013891373156
2921.0 -0.013998042287
2922.0 -0.014023597157
2923.0 -0.014081466608999999
2924.0 -0.01420321557
2925.0 -0.014308943804000001
2926.0 -0.014366570118000003
2927.0 -0.01443576144
2928.0 -0.014435682161999999
2929.0 -0.014410581982999998
2930.0 -0.014379026271999999
2931.0 -0.014467749187
2932.0 -0.014649082709
2933.0 -0.01476921551
2934.0 -0.014815629460000002
2935.0 -0.014787019503999998
2936.0 -0.014790089239000001
2937.0 -0.014904958473000001
2938.0 -0.014875808546
2939.0 -0.014875439730999997
2940.0 -0.014790728554000002
2941.0 -0.014744636557000002
2942.0 -0.014717373019000002
2943.0 -0.014788231579
2944.0 -0.014784433368
2945.0 -0.014766442765000002
2946.0 -0.014674968638999999
2947.0 -0.014605552236
2948.0 -0.014568069991999999
2949.0 -0.014616044057999999
2950.0 -0.014599745262000002
2951.0 -0.014647494060999999
2952.0 -0.014717910428999998
2953.0 -0.014726483183000003
2954.0 -0.014793834467
2955.0 -0.014874921557999998
2956.0 -0.014955214135999997
2957.0 -0.014970373181000002
2958.0 -0.014975577699
2959.0 -0.014983325544999999
2960.0 -0.014912881906
2961.0 -0.014896079634000001
2962.0 -0.014869084666999998
2963.0 -0.014840113742
2964.0 -0.014835916279
2965.0 -0.014812993440000002
2966.0 -0.014838806349000002
2967.0 -0.014908564563000002
2968.0 -0.014988512738
2969.0 -0.015060786330000001
2970.0 -0.015129812814000002
2971.0 -0.015187645609
2972.0 -0.015150481846999997
2973.0 -0.015144679042
2974.0 -0.015198915362999998
2975.0 -0.015190668669999999
2976.0 -0.01523803826
2977.0 -0.015255941916999999
2978.0 -0.01521583917
2979.0 -0.015176898053000001
2980.0 -0.01523909596
2981.0 -0.015308820837000001
2982.0 -0.015303205317
2983.0 -0.015311953885000002
2984.0 -0.015306877911000005
2985.0 -0.015342625802000001
2986.0 -0.015428689700000001
2987.0 -0.015487070755999999
2988.0 -0.015479995235999999
2989.0 -0.015450774882999998
2990.0 -0.015392220935000001
2991.0 -0.015321099571999999
2992.0 -0.015340718636
2993.0 -0.015378001426999998
2994.0 -0.015459519159999999
2995.0 -0.015515043950000001
2996.0 -0.015646301669999998
2997.0 -0.01574577327
2998.0 -0.015786769340000003
2999.0 -0.01575934497
3000.0 -0.015600267720000002
