1.0 0.9264066814000002
2.0 0.9107751847
3.0 0.9025559367000001
4.0 0.8966694770999999
5.0 0.8917437613999999
6.0 0.8873335659
7.0 0.8831752241999998
8.0 0.879082197
9.0 0.8750360846999999
10.0 0.8709297120999999
11.0 0.8667624831000001
12.0 0.8624971747000002
13.0 0.858077693
14.0 0.8535292625
15.0 0.8488357485
16.0 0.8440103172000001
17.0 0.8390679597
18.0 0.8339998365
19.0 0.8287791670000001
20.0 0.8233846902000002
21.0 0.8178622127
22.0 0.8122036039999999
23.0 0.8064350724
24.0 0.8005488811999999
25.0 0.7945601225000001
26.0 0.7883875610000001
27.0 0.7821495710999999
28.0 0.7757672489
29.0 0.769325012
30.0 0.7627800883999999
31.0 0.7561388402
32.0 0.7493812591
33.0 0.7425326735
34.0 0.7356302648999999
35.0 0.728663367
36.0 0.7216582836000001
37.0 0.7145772158
38.0 0.707452625
39.0 0.7002715261000001
40.0 0.6930470615
41.0 0.6858092621999999
42.0 0.6785238966
43.0 0.6711833059
44.0 0.6638075873
45.0 0.6564533844
46.0 0.6490465881
47.0 0.6416716316000001
48.0 0.634266553
49.0 0.6268610639500001
50.0 0.6194615475799999
51.0 0.61204175461
52.0 0.6046350741800001
53.0 0.59724924131
54.0 0.5898629439009999
55.0 0.5824940725400001
56.0 0.5751624257200001
57.0 0.56787820789
58.0 0.5605857671
59.0 0.55332367951
60.0 0.54609388344
61.0 0.5388489679
62.0 0.5316880733
63.0 0.5245642543000001
64.0 0.5174624485999999
65.0 0.5104280365999999
66.0 0.5034168644999999
67.0 0.4964592441
68.0 0.4895507426
69.0 0.48267606929999995
70.0 0.4758746221
71.0 0.46910687380000005
72.0 0.46238486170000004
73.0 0.4557204455
74.0 0.449100268
75.0 0.44256299429999996
76.0 0.4360846549
77.0 0.42964172349999996
78.0 0.4232979685
79.0 0.4170122072
80.0 0.4107751651
81.0 0.40459272709999994
82.0 0.3984868751
83.0 0.3924170837
84.0 0.3864247024
85.0 0.3805046065
86.0 0.37463630719999996
87.0 0.3688227952
88.0 0.36308649169999996
89.0 0.357387805
90.0 0.3517764612
91.0 0.3462445095000001
92.0 0.3407570838
93.0 0.33534295280000004
94.0 0.32997459469999996
95.0 0.32467017540000004
96.0 0.31944809266999996
97.0 0.31427913982
98.0 0.30916281415
99.0 0.30411887047
100.0 0.29912433814
101.0 0.29422494131
102.0 0.28937558514
103.0 0.28457199172
104.0 0.27982065671
105.0 0.2751440928306
106.0 0.27052592989
107.0 0.2659742743
108.0 0.26148606921
109.0 0.25705317703
110.0 0.25267544199
111.0 0.24835954024999998
112.0 0.24412089621000002
113.0 0.23995268809999998
114.0 0.235838702833
115.0 0.23176322232999996
116.0 0.22774682890000003
117.0 0.22382040331000003
118.0 0.21992374017
119.0 0.2160814378
120.0 0.21232038798999997
121.0 0.20857683341
122.0 0.20489350994
123.0 0.20122915798
124.0 0.19762257779000003
125.0 0.19409509017999999
126.0 0.19059473164000001
127.0 0.18713228142
128.0 0.18374049862000003
129.0 0.18038650185
130.0 0.17708390173000002
131.0 0.1738369842
132.0 0.17060375543
133.0 0.16742372882999998
134.0 0.16428569704
135.0 0.16121772416
136.0 0.15816817201
137.0 0.15517196237000003
138.0 0.15223870601000003
139.0 0.14930927366999996
140.0 0.14645872889
141.0 0.14361463007000003
142.0 0.14081590813000003
143.0 0.13805805226
144.0 0.13533910623
145.0 0.13266937471
146.0 0.13004785877
147.0 0.12746048384
148.0 0.12490056566
149.0 0.12235622924
150.0 0.11986376912
151.0 0.11739317772999999
152.0 0.11496580202
153.0 0.11257554962
154.0 0.11019913590000001
155.0 0.1078782921
156.0 0.10558240401
157.0 0.10334015944
158.0 0.10108652834999998
159.0 0.09888155913
160.0 0.09668231524
161.0 0.09450044078
162.0 0.09236527040999999
163.0 0.09025293218
164.0 0.08817185317000001
165.0 0.08610429472999999
166.0 0.08404325579
167.0 0.08201961966
168.0 0.08001640002
169.0 0.07804626815999999
170.0 0.07608485107999999
171.0 0.0741520062
172.0 0.07223589736
173.0 0.07035301624
174.0 0.06849302762000001
175.0 0.06662391383000002
176.0 0.06478234658000001
177.0 0.06296686899000001
178.0 0.061172934308000006
179.0 0.059390154408999994
180.0 0.057612231179999994
181.0 0.05584712085
182.0 0.05407212802
183.0 0.05235646692
184.0 0.05063997298
185.0 0.048924618249999996
186.0 0.04722732238999999
187.0 0.04554796155999999
188.0 0.043856060399999994
189.0 0.042212065349999994
190.0 0.04057178791999999
191.0 0.038912056880000004
192.0 0.03728909189199999
193.0 0.035678596342000005
194.0 0.03406572379899998
195.0 0.032450865346
196.0 0.03086605553085
197.0 0.029298162431999997
198.0 0.027723998980000008
199.0 0.026179001024999992
200.0 0.024618439496
201.0 0.023070225770000015
202.0 0.021548792570000003
203.0 0.02005141069
204.0 0.01855234745
205.0 0.01703747659000001
206.0 0.015540667366999989
207.0 0.014034650002000007
208.0 0.012522178926000011
209.0 0.01104152422
210.0 0.009568202161
211.0 0.008079470830299997
212.0 0.006613672609900002
213.0 0.005153266681999992
214.0 0.0037083889819999895
215.0 0.0022606369890000007
216.0 0.0007998929029999991
217.0 -0.0006457445629999906
218.0 -0.0020877882809999916
219.0 -0.003517268559999988
220.0 -0.004943042319999996
221.0 -0.006367704140000002
222.0 -0.007816454310000016
223.0 -0.009244055099999999
224.0 -0.010667637150000008
225.0 -0.01209521190999999
226.0 -0.013507272200000009
227.0 -0.014887613570000003
228.0 -0.01629070951999999
229.0 -0.017686845990000005
230.0 -0.019070423130000007
231.0 -0.020471489452000006
232.0 -0.021874818794999997
233.0 -0.023259091766089996
234.0 -0.024656592559999996
235.0 -0.026039521958000002
236.0 -0.027437267110000003
237.0 -0.028825256919999993
238.0 -0.03020116184999999
239.0 -0.03156405937000001
240.0 -0.03295506375
241.0 -0.03432244318
242.0 -0.03570651017
243.0 -0.03708709795399999
244.0 -0.038462847209
245.0 -0.039850274919000006
246.0 -0.04120015229
247.0 -0.04258469166600001
248.0 -0.043936610955
249.0 -0.045277073742999996
250.0 -0.046625741325
251.0 -0.04798279644200001
252.0 -0.04932479950700001
253.0 -0.050655787600640004
254.0 -0.05200118362
255.0 -0.05333698715199999
256.0 -0.054666242127
257.0 -0.056016274611000005
258.0 -0.05736569344999999
259.0 -0.05870121457000001
260.0 -0.06001247847
261.0 -0.061359228
262.0 -0.06269526629
263.0 -0.06404317928
264.0 -0.06536809609000001
265.0 -0.06669062767
266.0 -0.06803268030000001
267.0 -0.06935692909000002
268.0 -0.07066761815
269.0 -0.07198052598
270.0 -0.07330602705799999
271.0 -0.07462508532099998
272.0 -0.07593091781499998
273.0 -0.077238548145
274.0 -0.078534935342
275.0 -0.07980834299199999
276.0 -0.08112336599
277.0 -0.08240438238
278.0 -0.08368541322999998
279.0 -0.08495365566999999
280.0 -0.08623893986999999
281.0 -0.08750543146
282.0 -0.08875446086000001
283.0 -0.09003639399
284.0 -0.09128961848999997
285.0 -0.09253905669
286.0 -0.093819004097
287.0 -0.09505465608899999
288.0 -0.09632002874599999
289.0 -0.09757374162199998
290.0 -0.09880216514499998
291.0 -0.100051808123
292.0 -0.10128961747000001
293.0 -0.10249797858000002
294.0 -0.10371123772999999
295.0 -0.10490740146
296.0 -0.10609190435999998
297.0 -0.10730969847
298.0 -0.10850461988
299.0 -0.10969829185999999
300.0 -0.11086897227
301.0 -0.11204594868000002
302.0 -0.11319118147
303.0 -0.1143404786
304.0 -0.11548902477
305.0 -0.11663362082000002
306.0 -0.11775933420999998
307.0 -0.11886980674
308.0 -0.11998086144
309.0 -0.12107955246000002
310.0 -0.12217039717
311.0 -0.12323720009999999
312.0 -0.12430439772000001
313.0 -0.12536613904
314.0 -0.12642166005
315.0 -0.12746765638000002
316.0 -0.12851796840000002
317.0 -0.12953590169
318.0 -0.13053873879000003
319.0 -0.13155216806999998
320.0 -0.13255029924
321.0 -0.133525902225
322.0 -0.13449723823999998
323.0 -0.13543558492500002
324.0 -0.1363917640974
325.0 -0.13732747270700002
326.0 -0.138241510356
327.0 -0.139158065294
328.0 -0.14006989693400002
329.0 -0.14095161326
330.0 -0.14181525585
331.0 -0.14269784648
332.0 -0.14356540517
333.0 -0.14442181503999998
334.0 -0.14525786243
335.0 -0.14607506063000003
336.0 -0.14688693577
337.0 -0.14768115884
338.0 -0.14849885076000002
339.0 -0.14925942721
340.0 -0.15002392914
341.0 -0.15077933708
342.0 -0.15152620415
343.0 -0.15226631210000002
344.0 -0.15296953101
345.0 -0.15370092251999998
346.0 -0.1543974627
347.0 -0.15506624769
348.0 -0.15575657125000003
349.0 -0.15640457053
350.0 -0.15706157706
351.0 -0.15768787089999997
352.0 -0.15830291357999998
353.0 -0.15891524777000002
354.0 -0.15948058746
355.0 -0.16004285363999998
356.0 -0.16062629551000002
357.0 -0.16118919997
358.0 -0.16175404447
359.0 -0.16233119205000002
360.0 -0.16288155531999998
361.0 -0.16338500767000003
362.0 -0.16388874411
363.0 -0.16439004609000002
364.0 -0.16486492923
365.0 -0.16535382199999998
366.0 -0.16582172515
367.0 -0.16626639179
368.0 -0.16668920519000002
369.0 -0.16708842147999997
370.0 -0.16748706814
371.0 -0.16789637617
372.0 -0.16829385014
373.0 -0.16869101682999998
374.0 -0.16905806687
375.0 -0.16942274649
376.0 -0.16976772471
377.0 -0.17011171429
378.0 -0.17042327565999998
379.0 -0.17074247304
380.0 -0.17101385478
381.0 -0.17131989047
382.0 -0.17157801542
383.0 -0.17182251219000003
384.0 -0.17208022780999999
385.0 -0.17235251894
386.0 -0.17261287207999998
387.0 -0.17283630444
388.0 -0.17308342082
389.0 -0.17329707677
390.0 -0.17349303200000002
391.0 -0.17367767150000002
392.0 -0.17384183861
393.0 -0.1740498758
394.0 -0.17420502220999998
395.0 -0.17433714348
396.0 -0.17448062821
397.0 -0.17460120237
398.0 -0.17471881729
399.0 -0.17483276985
400.0 -0.17493154471
401.0 -0.17501402463
402.0 -0.17509510313
403.0 -0.17516865432
404.0 -0.1752355114
405.0 -0.17529785074
406.0 -0.17533045178999998
407.0 -0.17536674887
408.0 -0.17539708169
409.0 -0.17542373607
410.0 -0.17543620615999997
411.0 -0.17547478063
412.0 -0.17548242446
413.0 -0.17546586460000002
414.0 -0.17546751016
415.0 -0.17543847481000002
416.0 -0.17542259594000004
417.0 -0.17538652264
418.0 -0.17536398926
419.0 -0.17532128452
420.0 -0.17528024821
421.0 -0.17522254623
422.0 -0.17515778578000002
423.0 -0.17508002971999997
424.0 -0.17498949723
425.0 -0.17489148292000004
426.0 -0.1747962735
427.0 -0.17469401129
428.0 -0.17461019681
429.0 -0.17451749163
430.0 -0.17441473810000002
431.0 -0.17430964425
432.0 -0.17418440231
433.0 -0.17407080458
434.0 -0.17394415831
435.0 -0.17381314012000001
436.0 -0.17368566488
437.0 -0.17355726935
438.0 -0.17340814913
439.0 -0.17326734972
440.0 -0.17311431282999998
441.0 -0.17294036636000001
442.0 -0.17281735286999997
443.0 -0.17266794307
444.0 -0.17252823782300003
445.0 -0.17237426487000002
446.0 -0.17222898453199997
447.0 -0.17208010385300002
448.0 -0.17190074484200002
449.0 -0.171740523055
450.0 -0.17157046632599998
451.0 -0.171418800309
452.0 -0.171250825837
453.0 -0.171093752933
454.0 -0.17091976286100002
455.0 -0.170753679473
456.0 -0.17056219300699998
457.0 -0.170381920061
458.0 -0.170188454668
459.0 -0.17002174623299998
460.0 -0.169836231365
461.0 -0.16965568186
462.0 -0.16946269978099998
463.0 -0.16927669466599998
464.0 -0.16909021855
465.0 -0.16891441764700002
466.0 -0.16872082035969999
467.0 -0.16851722259200003
468.0 -0.16830967765699997
469.0 -0.16812476277100002
470.0 -0.16794622218
471.0 -0.167739859878
472.0 -0.16758828231800002
473.0 -0.167422549712
474.0 -0.167243066224
475.0 -0.167058220184
476.0 -0.16688776763399998
477.0 -0.16672705959000003
478.0 -0.16655502090000002
479.0 -0.16636967365100003
480.0 -0.166225874584
481.0 -0.166066714132
482.0 -0.165914338627
483.0 -0.16575430021999998
484.0 -0.165596557141
485.0 -0.165427628797
486.0 -0.16524895770700002
487.0 -0.165102866807
488.0 -0.164925341602
489.0 -0.16473113704599998
490.0 -0.164541359899
491.0 -0.16438969700400002
492.0 -0.164215061294
493.0 -0.164044806801
494.0 -0.16389086625899998
495.0 -0.163713179426
496.0 -0.1635582001
497.0 -0.16338561499600002
498.0 -0.163256186885
499.0 -0.163101390133
500.0 -0.16296994700100004
501.0 -0.162843392508
502.0 -0.162687579917
503.0 -0.16257035365300002
504.0 -0.162426525648
505.0 -0.162325056251
506.0 -0.162208492243
507.0 -0.162082024263
508.0 -0.16195569778199997
509.0 -0.16185627860610002
510.0 -0.16173721545399997
511.0 -0.16163649072500003
512.0 -0.16154054928199998
513.0 -0.16142673651148
514.0 -0.161321490876
515.0 -0.16121935878300003
516.0 -0.161127807252
517.0 -0.16102502607
518.0 -0.16093463043100004
519.0 -0.16084163532299997
520.0 -0.160736585427
521.0 -0.16067329056200003
522.0 -0.160587359051
523.0 -0.160528526738
524.0 -0.16047856791100001
525.0 -0.16039666792499999
526.0 -0.1603094824421
527.0 -0.1602635250494
528.0 -0.1602075375476
529.0 -0.1601427676189
530.0 -0.1600645513706
531.0 -0.15999570204386998
532.0 -0.15995474265654003
533.0 -0.1599137457391
534.0 -0.159847768342
535.0 -0.15984649299040002
536.0 -0.1597879548444
537.0 -0.159741661637
538.0 -0.159697228844
539.0 -0.15963192665800002
540.0 -0.15959418314300003
541.0 -0.159558387667
542.0 -0.159532307074
543.0 -0.159509999126
544.0 -0.159475936159
545.0 -0.15944149022100002
546.0 -0.15941121593000002
547.0 -0.15939415939499998
548.0 -0.159358506491
549.0 -0.159363144305
550.0 -0.159339370258
551.0 -0.15931052824400002
552.0 -0.15929015038200003
553.0 -0.15927240517799998
554.0 -0.159260081449
555.0 -0.1592379181559
556.0 -0.15926056793799998
557.0 -0.15922890194400002
558.0 -0.159213980639
559.0 -0.159196357446
560.0 -0.15917185865599998
561.0 -0.15915339205999998
562.0 -0.15912983502699998
563.0 -0.15912830645399997
564.0 -0.159104198826
565.0 -0.159099048864
566.0 -0.15910537922999998
567.0 -0.1590840475
568.0 -0.15905384156
569.0 -0.15905179998000002
570.0 -0.15902330233
571.0 -0.15899879325000002
572.0 -0.1589980567
573.0 -0.15898118127
574.0 -0.15897786759000002
575.0 -0.15895768253
576.0 -0.15894212137000002
577.0 -0.15890379325999998
578.0 -0.15888524068
579.0 -0.15887900345
580.0 -0.15885521190000002
581.0 -0.15882697255
582.0 -0.15879888153
583.0 -0.15879008366999997
584.0 -0.15874424048
585.0 -0.15870172371
586.0 -0.1586807408
587.0 -0.15863599182
588.0 -0.15860323496
589.0 -0.15856077454
590.0 -0.15849975116
591.0 -0.15842332555
592.0 -0.15841102027000004
593.0 -0.15836171316
594.0 -0.15833095167
595.0 -0.15826438293999998
596.0 -0.15819215959
597.0 -0.15813376904999998
598.0 -0.15807689662
599.0 -0.15801174796
600.0 -0.15793334856000002
601.0 -0.15786344833
602.0 -0.15777568661000002
603.0 -0.15769320043
604.0 -0.15761370942
605.0 -0.15752678507
606.0 -0.15746720799
607.0 -0.15735866165999998
608.0 -0.15725587502
609.0 -0.15715739238
610.0 -0.15706046707000001
611.0 -0.15696870900999998
612.0 -0.15687113965
613.0 -0.15674768354
614.0 -0.15663887126
615.0 -0.15652847153
616.0 -0.15641556201
617.0 -0.15627129708000004
618.0 -0.15615243148
619.0 -0.15602796338
620.0 -0.15588964395
621.0 -0.15575344722
622.0 -0.15562044131000002
623.0 -0.15551711210000002
624.0 -0.15536894392
625.0 -0.15522725562
626.0 -0.15508565800000002
627.0 -0.15491450797
628.0 -0.15476847934000001
629.0 -0.15460581383
630.0 -0.1544442476
631.0 -0.15424943211
632.0 -0.15410674919000003
633.0 -0.1539120389
634.0 -0.15372468405
635.0 -0.15353256321000003
636.0 -0.15332425096
637.0 -0.1531321578
638.0 -0.15290837048
639.0 -0.15268698193
640.0 -0.15246603157
641.0 -0.15221087500000002
642.0 -0.15199608478999999
643.0 -0.15175099957
644.0 -0.15150257081000001
645.0 -0.15125268705
646.0 -0.15099157308
647.0 -0.15073804708
648.0 -0.15046108399
649.0 -0.15019995157
650.0 -0.14990345833
651.0 -0.14961415306999998
652.0 -0.14934483495
653.0 -0.14904748206
654.0 -0.14874597417
655.0 -0.14846053258
656.0 -0.14815123155
657.0 -0.14781663618000002
658.0 -0.14748525800999998
659.0 -0.1471558307
660.0 -0.14683351167999997
661.0 -0.14650163981
662.0 -0.14615531609000001
663.0 -0.14579372639000002
664.0 -0.14545199041
665.0 -0.14510574440000001
666.0 -0.14474904422
667.0 -0.14437121079999998
668.0 -0.14401602957
669.0 -0.14363764338
670.0 -0.14325023084000002
671.0 -0.14287153225
672.0 -0.14249268753
673.0 -0.14208009074
674.0 -0.14168728748999998
675.0 -0.14127525071000002
676.0 -0.14081967999
677.0 -0.14040215009
678.0 -0.13995480772999996
679.0 -0.13952316362
680.0 -0.13907177307000002
681.0 -0.13864617189
682.0 -0.13819811742000002
683.0 -0.1377559975
684.0 -0.13730072412
685.0 -0.13684995799
686.0 -0.13636715452999998
687.0 -0.1358456163
688.0 -0.13537828048999997
689.0 -0.13487009627000002
690.0 -0.13440063733000002
691.0 -0.13389982879999998
692.0 -0.13344541465
693.0 -0.13293343993
694.0 -0.13245167560999999
695.0 -0.13197532464
696.0 -0.13147579337999998
697.0 -0.13095492504
698.0 -0.1304521101
699.0 -0.12994175073999997
700.0 -0.12942544813
701.0 -0.12891801992000002
702.0 -0.12837102915
703.0 -0.12784501162
704.0 -0.12733551006
705.0 -0.1268053938
706.0 -0.12625814247
707.0 -0.12569943655
708.0 -0.12515378471
709.0 -0.12462956869
710.0 -0.12408668073999998
711.0 -0.12350700703999999
712.0 -0.122982892895
713.0 -0.122442793232
714.0 -0.12189963996699997
715.0 -0.12132408999399999
716.0 -0.120768233392
717.0 -0.120228352776
718.0 -0.11968017983599999
719.0 -0.11912854261599999
720.0 -0.11856670842699998
721.0 -0.11799508131900001
722.0 -0.117410199573
723.0 -0.11683504148799999
724.0 -0.116228445416
725.0 -0.11564636769188001
726.0 -0.1150675442754
727.0 -0.11448246852699999
728.0 -0.113917327755
729.0 -0.113330015232
730.0 -0.112737357498
731.0 -0.11213130034899998
732.0 -0.111542526921
733.0 -0.11094786648899999
734.0 -0.11034890494599998
735.0 -0.109701032669
736.0 -0.10909287066400002
737.0 -0.1084782745394
738.0 -0.10786004820820001
739.0 -0.10725653362700001
740.0 -0.1066111034865
741.0 -0.106001699157
742.0 -0.10537096061
743.0 -0.10473657862099998
744.0 -0.10408109827800001
745.0 -0.103437769917
746.0 -0.10279144283900002
747.0 -0.10211113617
748.0 -0.101480270171
749.0 -0.100796029998
750.0 -0.10014134369300001
751.0 -0.099497748596
752.0 -0.09884029133000001
753.0 -0.098179560457
754.0 -0.09752286964
755.0 -0.09687292951599999
756.0 -0.09620122221600001
757.0 -0.095538599674
758.0 -0.094885203243
759.0 -0.094207710891
760.0 -0.093514394969
761.0 -0.092820687036
762.0 -0.09212056599299999
763.0 -0.09142634902999999
764.0 -0.09076100297999999
765.0 -0.09006325332
766.0 -0.08937941007
767.0 -0.08868575062999999
768.0 -0.08797049728
769.0 -0.08729528595
770.0 -0.08659851028
771.0 -0.08588558360000001
772.0 -0.08518414003
773.0 -0.08450611124999999
774.0 -0.08380689320999998
775.0 -0.08312662073
776.0 -0.08240711708000001
777.0 -0.08169761366
778.0 -0.08096848372
779.0 -0.08025944177000001
780.0 -0.07956580427
781.0 -0.07885716964999999
782.0 -0.07815023563
783.0 -0.07744099410000001
784.0 -0.07672665382
785.0 -0.07603693461000001
786.0 -0.07530598364999999
787.0 -0.07462731483
788.0 -0.07391470865000001
789.0 -0.07322466704
790.0 -0.07251405179
791.0 -0.07181320337
792.0 -0.07110261812999999
793.0 -0.07037805145
794.0 -0.06965596695
795.0 -0.06893948128300001
796.0 -0.06821355290400002
797.0 -0.067518648424
798.0 -0.0668028542946
799.0 -0.066076929317
800.0 -0.06538121277399998
801.0 -0.064668434139
802.0 -0.06397750450800001
803.0 -0.063276503131
804.0 -0.0625762124043
805.0 -0.061866714954
806.0 -0.06117007181399999
807.0 -0.060458454260999994
808.0 -0.05974575705
809.0 -0.059049949654
810.0 -0.058350606920000006
811.0 -0.05764377848
812.0 -0.056906304320000003
813.0 -0.056184840679999994
814.0 -0.05547111211
815.0 -0.05474992668999999
816.0 -0.054057646140000006
817.0 -0.053363512749999994
818.0 -0.052695921050000004
819.0 -0.05198257394
820.0 -0.051289521111000005
821.0 -0.050595278295000004
822.0 -0.049870286012000005
823.0 -0.049191607162
824.0 -0.048474858434000005
825.0 -0.047786565948
826.0 -0.04711681832600001
827.0 -0.04644775824
828.0 -0.045752559653
829.0 -0.0450525082471
830.0 -0.0443330020014
831.0 -0.043626884327
832.0 -0.04293499011
833.0 -0.04224781983399999
834.0 -0.041534826484
835.0 -0.040813686378
836.0 -0.04010105346252199
837.0 -0.039407554026
838.0 -0.038714870283999996
839.0 -0.038069064966
840.0 -0.037401813633
841.0 -0.036714536152
842.0 -0.036022871717000006
843.0 -0.035362487799999995
844.0 -0.03470645704
845.0 -0.03399913071
846.0 -0.033299328680000004
847.0 -0.0326242522
848.0 -0.03195796829
849.0 -0.03129066526
850.0 -0.03060291567
851.0 -0.029943040910000003
852.0 -0.029284084590000002
853.0 -0.028616874280000003
854.0 -0.02793877781
855.0 -0.027274718319999995
856.0 -0.026646166829999995
857.0 -0.025985767700000002
858.0 -0.025326725919999998
859.0 -0.024657773129999998
860.0 -0.024013497773999994
861.0 -0.023348811257
862.0 -0.022703290326
863.0 -0.02203718472
864.0 -0.021379517819
865.0 -0.020728754708
866.0 -0.020077078165999997
867.0 -0.019419948573
868.0 -0.018760994415000003
869.0 -0.018122895380999995
870.0 -0.017467412213
871.0 -0.016807761988
872.0 -0.016156163866999994
873.0 -0.015537243285000002
874.0 -0.0148927210595
875.0 -0.014241426572799998
876.0 -0.013610130576700002
877.0 -0.012961565599999999
878.0 -0.012345488520999995
879.0 -0.011708347902
880.0 -0.011068382903
881.0 -0.010411764163000003
882.0 -0.009790654887999996
883.0 -0.009170007225999997
884.0 -0.008556119339000003
885.0 -0.007931935907000002
886.0 -0.007311060533000002
887.0 -0.006694674691000003
888.0 -0.006108056241999994
889.0 -0.005481063693999998
890.0 -0.004888502877000003
891.0 -0.0042948255920000015
892.0 -0.0036801029740000006
893.0 -0.003094507880000001
894.0 -0.0024830912
895.0 -0.0019050127699999989
896.0 -0.00130007999
897.0 -0.0007376999000000023
898.0 -0.00015661989999999764
899.0 0.0004527452799999984
900.0 0.0010139615399999955
901.0 0.0016005944999999994
902.0 0.0021853407800000004
903.0 0.0027680390879999987
904.0 0.003347502814000003
905.0 0.003934237051000003
906.0 0.004498066565999996
907.0 0.005090084965000001
908.0 0.005646996121999999
909.0 0.006221828076000001
910.0 0.006782088247
911.0 0.007368373647499998
912.0 0.007929424586399999
913.0 0.00848926474639
914.0 0.0090739303485
915.0 0.009613236907999997
916.0 0.010168851358
917.0 0.010730260919000001
918.0 0.011277538897999997
919.0 0.011834708353
920.0 0.012373679257999998
921.0 0.012899811560000002
922.0 0.013440776599999999
923.0 0.013979922121999996
924.0 0.014520514711000002
925.0 0.01507919204
926.0 0.015612556529999998
927.0 0.016142130180000002
928.0 0.016665425399999996
929.0 0.017185777069999998
930.0 0.01769736271
931.0 0.01822711063
932.0 0.018764938000000002
933.0 0.01929037457
934.0 0.01981969811
935.0 0.020325566309999998
936.0 0.02086535115
937.0 0.0213888402
938.0 0.02188773685
939.0 0.02238106103
940.0 0.022881271860000003
941.0 0.02337407823
942.0 0.023870345189999996
943.0 0.02435228325
944.0 0.024860139790000003
945.0 0.025342207560000003
946.0 0.025840429775
947.0 0.026328947238
948.0 0.026839646388
949.0 0.027345133310000002
950.0 0.027832117457
951.0 0.028371609197
952.0 0.028853750129300006
953.0 0.029339070297000003
954.0 0.0298086595643
955.0 0.030306277552
956.0 0.030814824475000002
957.0 0.031283977227
958.0 0.031758313092
959.0 0.032218670724999995
960.0 0.03269221275
961.0 0.03317974185
962.0 0.03364194718
963.0 0.03412770914
964.0 0.03457825858
965.0 0.0350273866
966.0 0.03548408448
967.0 0.03592613529
968.0 0.03635178583
969.0 0.03681710084
970.0 0.03726670445
971.0 0.03771932808
972.0 0.038161648810000004
973.0 0.03860499763999999
974.0 0.03902077762
975.0 0.03943248044000001
976.0 0.03982098916
977.0 0.04026369488
978.0 0.040718060339999994
979.0 0.041117166100000005
980.0 0.041552387569999995
981.0 0.04195645791
982.0 0.04237728568
983.0 0.04281166199999999
984.0 0.043219135480000004
985.0 0.04361309577
986.0 0.04400193578
987.0 0.04440812772
988.0 0.04478889929
989.0 0.04518299119
990.0 0.04556022662
991.0 0.045950209330000005
992.0 0.046335417590000004
993.0 0.04668810343
994.0 0.04706654153999999
995.0 0.0474261766
996.0 0.04778283554
997.0 0.04811673455
998.0 0.04845505409
999.0 0.04880847176999999
1000.0 0.04915925650999999
1001.0 0.049493914679999994
1002.0 0.04982462769
1003.0 0.050154894549999995
1004.0 0.05047236946
1005.0 0.05081468015999999
1006.0 0.0511527266
1007.0 0.051466029960000007
1008.0 0.051800105750000006
1009.0 0.052121604589999995
1010.0 0.05242807321
1011.0 0.05272330597
1012.0 0.053024068140000005
1013.0 0.053312258339999995
1014.0 0.053613313770000004
1015.0 0.053907304749999996
1016.0 0.05420725287
1017.0 0.05450091534
1018.0 0.054779136849
1019.0 0.05507028899599999
1020.0 0.05536441155699999
1021.0 0.055672233899
1022.0 0.05594204995299999
1023.0 0.05623763015200001
1024.0 0.056489806004
1025.0 0.05675501833
1026.0 0.05702450113799999
1027.0 0.057307044445
1028.0 0.05755531552399999
1029.0 0.05779415477500001
1030.0 0.0580676400077
1031.0 0.058306045398329995
1032.0 0.058557003462900006
1033.0 0.05882084187500001
1034.0 0.059091091767999995
1035.0 0.0593500489223
1036.0 0.05959776245899999
1037.0 0.059834524343999995
1038.0 0.060088778055
1039.0 0.06032075475800001
1040.0 0.06056503856300001
1041.0 0.060804475502
1042.0 0.061034837663
1043.0 0.061278049506
1044.0 0.061505698293
1045.0 0.06173386106999999
1046.0 0.06195901921
1047.0 0.06219179464
1048.0 0.062406061820000004
1049.0 0.06263973599
1050.0 0.06289547665999999
1051.0 0.06313616881
1052.0 0.06336594117
1053.0 0.06358149468
1054.0 0.06380397467000001
1055.0 0.06402326589
1056.0 0.06424939553
1057.0 0.06448535241
1058.0 0.0647069071
1059.0 0.06494113006999999
1060.0 0.06516638793
1061.0 0.06540382255
1062.0 0.06561941208
1063.0 0.06584985311
1064.0 0.06609361439000001
1065.0 0.06633471798
1066.0 0.06656189057
1067.0 0.06678384791
1068.0 0.06703225101
1069.0 0.0672797494
1070.0 0.06750954798
1071.0 0.06770501875
1072.0 0.06793245240999998
1073.0 0.06816506833
1074.0 0.06840193582000001
1075.0 0.06865280111000001
1076.0 0.06889794576
1077.0 0.06914327739
1078.0 0.06941641847999999
1079.0 0.06964861658999999
1080.0 0.06989569435000001
1081.0 0.07011260080000001
1082.0 0.07033677953999999
1083.0 0.07059749489
1084.0 0.07083846027
1085.0 0.071093168
1086.0 0.07133550551
1087.0 0.07158732364
1088.0 0.07184525638
1089.0 0.07207850100999999
1090.0 0.07232318776999999
1091.0 0.07255496982000001
1092.0 0.07281165519
1093.0 0.07303767646
1094.0 0.07331691511
1095.0 0.07354490995
1096.0 0.07378292234
1097.0 0.0740173372
1098.0 0.07427912213000001
1099.0 0.07453411553
1100.0 0.0747963254
1101.0 0.07507201878
1102.0 0.07534295212
1103.0 0.07559144694
1104.0 0.07583479301
1105.0 0.07610490832000001
1106.0 0.07636311293
1107.0 0.07661060881
1108.0 0.07688313629
1109.0 0.07714434256
1110.0 0.07742184265999999
1111.0 0.07765606064
1112.0 0.0778882496
1113.0 0.07814685500999999
1114.0 0.07839959393
1115.0 0.07866084866999999
1116.0 0.0789056744
1117.0 0.07920202668000001
1118.0 0.07949666237
1119.0 0.07974721954
1120.0 0.08000785608000001
1121.0 0.08025490096
1122.0 0.08053845332000001
1123.0 0.08080210750000001
1124.0 0.08107033255
1125.0 0.08136926724
1126.0 0.08164650770000001
1127.0 0.08193256662
1128.0 0.08219038194
1129.0 0.08246676011000001
1130.0 0.08271797939
1131.0 0.08299470146
1132.0 0.08325431855000001
1133.0 0.08350532415
1134.0 0.0837869487
1135.0 0.08402570022
1136.0 0.08430673234000001
1137.0 0.08454907079
1138.0 0.08481339899
1139.0 0.08505507
1140.0 0.08529200014
1141.0 0.08555663478
1142.0 0.08583023664
1143.0 0.086073914721
1144.0 0.086325331069
1145.0 0.086602176569
1146.0 0.086831113457
1147.0 0.08712090586099999
1148.0 0.087386561737
1149.0 0.08764849429899998
1150.0 0.087884226649
1151.0 0.088163921109
1152.0 0.088437288913
1153.0 0.088685796357
1154.0 0.08895655756500001
1155.0 0.08921738026500001
1156.0 0.089502825092
1157.0 0.08976828839199999
1158.0 0.09000428032499999
1159.0 0.09023948653
1160.0 0.09049729190780001
1161.0 0.09070258210200001
1162.0 0.09093456129772
1163.0 0.0911560219621
1164.0 0.0913987084424
1165.0 0.091634131123
1166.0 0.09188195058200002
1167.0 0.092121229204
1168.0 0.092367726037
1169.0 0.092592276041
1170.0 0.09280285851899998
1171.0 0.09302909335500001
1172.0 0.09325643844699999
1173.0 0.09350135258200001
1174.0 0.09368984274399998
1175.0 0.093926331827
1176.0 0.094164773119
1177.0 0.094367177868
1178.0 0.09460837719100001
1179.0 0.09484040408300001
1180.0 0.095066009965
1181.0 0.095275718036
1182.0 0.09549102934499999
1183.0 0.09570654968799999
1184.0 0.09591161973600001
1185.0 0.09610735722699999
1186.0 0.096306063498
1187.0 0.09651471914399999
1188.0 0.096721164242
1189.0 0.09693395596999999
1190.0 0.09712139767499998
1191.0 0.097311934552
1192.0 0.0974944848
1193.0 0.09770658205
1194.0 0.09789944365799999
1195.0 0.09809781889399999
1196.0 0.098293739336
1197.0 0.098495239343
1198.0 0.098674268847
1199.0 0.09886034604899999
1200.0 0.09901039153999999
1201.0 0.09918525705999999
1202.0 0.09938225370099998
1203.0 0.099564849254
1204.0 0.099753098554
1205.0 0.09990885134300001
1206.0 0.10008035566190002
1207.0 0.1002580717477
1208.0 0.10041175325639999
1209.0 0.10056038761299999
1210.0 0.10073872832799999
1211.0 0.10088013311000002
1212.0 0.101069195525
1213.0 0.10125972529800001
1214.0 0.10143498772
1215.0 0.101598565089
1216.0 0.10174871347900001
1217.0 0.101938743488
1218.0 0.10209809811199999
1219.0 0.102258422846
1220.0 0.10241495672999998
1221.0 0.10255825007799999
1222.0 0.10267729754000002
1223.0 0.10283753018
1224.0 0.10297184295999999
1225.0 0.10309760500000001
1226.0 0.10322799746
1227.0 0.10339193044000002
1228.0 0.10353229445999998
1229.0 0.10363988692
1230.0 0.10377133526
1231.0 0.10388414152
1232.0 0.10401751942000001
1233.0 0.10415238150000002
1234.0 0.10430376979
1235.0 0.10441635274999998
1236.0 0.10454242922999998
1237.0 0.10466139909000001
1238.0 0.10477032300999997
1239.0 0.10488551998
1240.0 0.10502373981999999
1241.0 0.10512702817
1242.0 0.10522606821
1243.0 0.10532140385
1244.0 0.10543128822999999
1245.0 0.1055416137
1246.0 0.10564806845
1247.0 0.10573852288999999
1248.0 0.10580912849999999
1249.0 0.10586394773999999
1250.0 0.10590700719999999
1251.0 0.10597130527000001
1252.0 0.10602641957
1253.0 0.10608751360999999
1254.0 0.10611836887
1255.0 0.10617515259000002
1256.0 0.10623893011
1257.0 0.10627697959
1258.0 0.10631361304
1259.0 0.10636776231
1260.0 0.10638441053
1261.0 0.10640423353999999
1262.0 0.10643648822
1263.0 0.10647426173999999
1264.0 0.10651760295999999
1265.0 0.10654378852000002
1266.0 0.10652237998
1267.0 0.10652751198000002
1268.0 0.10653319138999999
1269.0 0.10654369914999999
1270.0 0.10656119982000001
1271.0 0.10654744168000001
1272.0 0.10655850029
1273.0 0.10659454822
1274.0 0.10659615562
1275.0 0.10655791067
1276.0 0.10654901025599998
1277.0 0.106500529272
1278.0 0.106460852567
1279.0 0.106412131526
1280.0 0.10637841730200001
1281.0 0.106365688697
1282.0 0.10635939558080001
1283.0 0.10626311907199999
1284.0 0.10622963454
1285.0 0.10616630650599998
1286.0 0.10609347446199999
1287.0 0.106033704505
1288.0 0.10594709155300001
1289.0 0.10586967783000001
1290.0 0.105806587696
1291.0 0.10575334087800001
1292.0 0.10568911078500001
1293.0 0.10559253881899999
1294.0 0.105490337938
1295.0 0.10538468211600001
1296.0 0.10528278797800002
1297.0 0.10518354302399999
1298.0 0.10507157871300002
1299.0 0.104975841116
1300.0 0.10487373984100001
1301.0 0.10474475237
1302.0 0.10463791874100001
1303.0 0.104483468348
1304.0 0.104369919786
1305.0 0.10422919292399999
1306.0 0.10408917064800001
1307.0 0.10392724033800001
1308.0 0.10378751107500002
1309.0 0.1036304471065
1310.0 0.10349358346033802
1311.0 0.10334735803949999
1312.0 0.10320553095309999
1313.0 0.103032409623
1314.0 0.102876296328
1315.0 0.102710536911
1316.0 0.10252639305759999
1317.0 0.10234732630259999
1318.0 0.10216980680409
1319.0 0.10201769260690001
1320.0 0.10181629528700001
1321.0 0.10163038339000001
1322.0 0.10145079245700002
1323.0 0.10126156202299999
1324.0 0.10106532853699998
1325.0 0.10084836728299999
1326.0 0.100659003355
1327.0 0.10045082483099999
1328.0 0.10022734035700001
1329.0 0.100010185271
1330.0 0.099819927216
1331.0 0.099583880957
1332.0 0.099343071655
1333.0 0.099108882952
1334.0 0.098893632055
1335.0 0.09866003742900001
1336.0 0.09843481621300001
1337.0 0.098195972355
1338.0 0.09796733079
1339.0 0.09769882107000001
1340.0 0.09744705677
1341.0 0.09716020878
1342.0 0.09692101893
1343.0 0.09666768193999999
1344.0 0.09640743434000001
1345.0 0.09614276507
1346.0 0.09589308997
1347.0 0.09561209126999999
1348.0 0.09534553534999998
1349.0 0.09505732346
1350.0 0.09475896238999999
1351.0 0.09448255485000001
1352.0 0.09422659935000001
1353.0 0.09395749995
1354.0 0.09366810102999999
1355.0 0.09335709503999998
1356.0 0.09303531571
1357.0 0.09275935668999999
1358.0 0.09245873732000001
1359.0 0.09215911368000002
1360.0 0.09184592435000001
1361.0 0.09151562004
1362.0 0.09118651015
1363.0 0.09085175428999999
1364.0 0.09051713658
1365.0 0.09020318611
1366.0 0.08986512608
1367.0 0.08951448976
1368.0 0.08917344481
1369.0 0.0888390889
1370.0 0.0884558685
1371.0 0.08807761998
1372.0 0.08772288688
1373.0 0.0873622851
1374.0 0.08698311082
1375.0 0.08661348500999999
1376.0 0.08624481955999999
1377.0 0.0858631124
1378.0 0.08547785490000001
1379.0 0.08510398697
1380.0 0.084688152029
1381.0 0.084309481848
1382.0 0.083898269453
1383.0 0.083496904252
1384.0 0.083092459087
1385.0 0.08266327639099999
1386.0 0.08223269341300002
1387.0 0.081802405114
1388.0 0.08138841906800001
1389.0 0.080955353325
1390.0 0.080539724733
1391.0 0.080085044463
1392.0 0.079619579182
1393.0 0.07916840305699999
1394.0 0.078692111339
1395.0 0.07821577456600001
1396.0 0.077748772766
1397.0 0.07728949427399999
1398.0 0.07681020527199998
1399.0 0.076332538278
1400.0 0.075866159352
1401.0 0.075388221067
1402.0 0.07490823642200001
1403.0 0.07442747267300001
1404.0 0.07393377647
1405.0 0.073463372875
1406.0 0.07298425086600001
1407.0 0.072485497042
1408.0 0.071956136895
1409.0 0.07144905383399999
1410.0 0.07091614031599999
1411.0 0.070375977239
1412.0 0.06986387474410001
1413.0 0.0693575254579
1414.0 0.0688273830916
1415.0 0.06827751929850999
1416.0 0.0677232555737
1417.0 0.06712999399809999
1418.0 0.0665716598454
1419.0 0.0660236287413
1420.0 0.0654775998206
1421.0 0.064921163401
1422.0 0.06433403615500002
1423.0 0.063766177788
1424.0 0.063185218242
1425.0 0.062610255239
1426.0 0.062018065644999995
1427.0 0.061428331864
1428.0 0.060815137892000014
1429.0 0.060231669737999996
1430.0 0.059625602448000005
1431.0 0.059037151127999996
1432.0 0.05843223667599999
1433.0 0.057838940502
1434.0 0.05724548367
1435.0 0.056633276008
1436.0 0.05599712721199999
1437.0 0.055386301372
1438.0 0.054752934143
1439.0 0.0541291391
1440.0 0.053525481548000006
1441.0 0.05289999588100001
1442.0 0.05230356704900001
1443.0 0.05166151553
1444.0 0.05103715546399999
1445.0 0.050383766240999994
1446.0 0.049743516948000006
1447.0 0.04909899111499999
1448.0 0.048435416402
1449.0 0.047760387277
1450.0 0.047116318024
1451.0 0.046479194904
1452.0 0.045832923675
1453.0 0.04519349650699999
1454.0 0.04454565916000001
1455.0 0.043912807703000004
1456.0 0.043232291881
1457.0 0.042571240295
1458.0 0.041912128516
1459.0 0.041268469243
1460.0 0.040612984148000006
1461.0 0.039950602774000005
1462.0 0.039291067956
1463.0 0.038615613132
1464.0 0.037934780691
1465.0 0.037273038164
1466.0 0.036606123386
1467.0 0.035941200683999995
1468.0 0.035258059926
1469.0 0.0346146068394
1470.0 0.0339313866694
1471.0 0.0332645092366
1472.0 0.03258243904850001
1473.0 0.03191590718130001
1474.0 0.0312529588832
1475.0 0.030561515184400007
1476.0 0.029878332039300005
1477.0 0.029190593786999997
1478.0 0.028525573682300003
1479.0 0.02783512705469
1480.0 0.0271506093467
1481.0 0.026458914097200005
1482.0 0.025807829195100003
1483.0 0.025123057610200006
1484.0 0.024463370512300003
1485.0 0.0237946274172
1486.0 0.023108203169199995
1487.0 0.0224465866428
1488.0 0.0217831237014
1489.0 0.021130438908800002
1490.0 0.020436146228999995
1491.0 0.019744983984000004
1492.0 0.019090920201999994
1493.0 0.018409291965
1494.0 0.017733560027000005
1495.0 0.017024112842
1496.0 0.016350021355999996
1497.0 0.015694147219
1498.0 0.015001591133
1499.0 0.014314146910999997
1500.0 0.013648661079699998
1501.0 0.0129590880337
1502.0 0.0122598744256
1503.0 0.011614188942
1504.0 0.010930510699000001
1505.0 0.010248536146000003
1506.0 0.009602723847000002
1507.0 0.008930646663999998
1508.0 0.008287531046
1509.0 0.007632619611000001
1510.0 0.0069581844709999995
1511.0 0.006325831411999999
1512.0 0.005681895174000001
1513.0 0.0050167221183
1514.0 0.004375809897919997
1515.0 0.0037129494524999972
1516.0 0.0030303034948000003
1517.0 0.0023928316610000028
1518.0 0.0017439745559999996
1519.0 0.0010769103716000011
1520.0 0.0004272061565999977
1521.0 -0.00019579198880000093
1522.0 -0.0008324685158000014
1523.0 -0.0014754295943000012
1524.0 -0.002106313239499999
1525.0 -0.0027505223487000003
1526.0 -0.0033820646880000013
1527.0 -0.003988429609
1528.0 -0.004632013362999999
1529.0 -0.005224294215
1530.0 -0.005848400220000001
1531.0 -0.006491402327000001
1532.0 -0.007098813921000001
1533.0 -0.007717939523999998
1534.0 -0.008304082271
1535.0 -0.008935271069
1536.0 -0.009523945806
1537.0 -0.010150064613
1538.0 -0.010763268168
1539.0 -0.011350039946999999
1540.0 -0.011963197565999999
1541.0 -0.012588842651000002
1542.0 -0.013181215488999998
1543.0 -0.01377577529
1544.0 -0.014363494012
1545.0 -0.014935381333
1546.0 -0.015525271010000003
1547.0 -0.01610146878
1548.0 -0.016681481554
1549.0 -0.017261807734
1550.0 -0.017842148965999997
1551.0 -0.018426837302999998
1552.0 -0.018976242263
1553.0 -0.019527956862
1554.0 -0.020085242997000003
1555.0 -0.020612158263
1556.0 -0.021176856395999998
1557.0 -0.021736348563000003
1558.0 -0.022277248792
1559.0 -0.022853054227000003
1560.0 -0.023380838980000002
1561.0 -0.02393260205
1562.0 -0.024468802025
1563.0 -0.024999512006
1564.0 -0.025509787421999996
1565.0 -0.026015021140999996
1566.0 -0.026528069145
1567.0 -0.027035764715
1568.0 -0.027557925384000002
1569.0 -0.028097852168999998
1570.0 -0.028583094997000003
1571.0 -0.029095088473
1572.0 -0.029577449485999996
1573.0 -0.030082746326
1574.0 -0.030569135125
1575.0 -0.031061311938000002
1576.0 -0.031522990096
1577.0 -0.031989813485000004
1578.0 -0.032425259667
1579.0 -0.03289684471200001
1580.0 -0.033355640802
1581.0 -0.033808322321
1582.0 -0.034260950728
1583.0 -0.034720338955
1584.0 -0.035217769284
1585.0 -0.035692763507
1586.0 -0.036127931801000004
1587.0 -0.036558099637
1588.0 -0.036986109921
1589.0 -0.037413012547
1590.0 -0.03785231008499999
1591.0 -0.038276086713
1592.0 -0.038680749356
1593.0 -0.039121515037
1594.0 -0.039525888576
1595.0 -0.039936593304
1596.0 -0.040323250125
1597.0 -0.040717197814
1598.0 -0.041122492806
1599.0 -0.041522659404
1600.0 -0.041936104353000006
1601.0 -0.042335827416999997
1602.0 -0.04271039909100001
1603.0 -0.043067423585
1604.0 -0.0434508762817
1605.0 -0.043772682327399996
1606.0 -0.044167676223700006
1607.0 -0.044534868123400004
1608.0 -0.0448792526228
1609.0 -0.0452240270823
1610.0 -0.045606827328099994
1611.0 -0.0459554968393
1612.0 -0.046341243076
1613.0 -0.046710615299
1614.0 -0.047051090599
1615.0 -0.047382646841000006
1616.0 -0.047731249813000004
1617.0 -0.04807277398899999
1618.0 -0.048423233768
1619.0 -0.048742635954
1620.0 -0.049094595887000006
1621.0 -0.049435452174
1622.0 -0.049764634904999994
1623.0 -0.050120887751
1624.0 -0.050418048091
1625.0 -0.05074386236299999
1626.0 -0.051062524443
1627.0 -0.05132784996800001
1628.0 -0.051680973295999987
1629.0 -0.0519981982291
1630.0 -0.052316590933499996
1631.0 -0.052658184066
1632.0 -0.05295332204099999
1633.0 -0.053260081332999996
1634.0 -0.053564394655
1635.0 -0.053871679081000004
1636.0 -0.054157546383
1637.0 -0.054462359869
1638.0 -0.054726811416
1639.0 -0.055013025652999994
1640.0 -0.055333269014
1641.0 -0.05561929073000001
1642.0 -0.055927539195
1643.0 -0.05620772592499999
1644.0 -0.056497560452999994
1645.0 -0.056783564208
1646.0 -0.057050981296999995
1647.0 -0.057337255414999996
1648.0 -0.057608896586000005
1649.0 -0.057879671746000005
1650.0 -0.05813715938099999
1651.0 -0.05841916028000001
1652.0 -0.058664044702
1653.0 -0.058962323239000004
1654.0 -0.059266174550999993
1655.0 -0.059519294736
1656.0 -0.05977709439000001
1657.0 -0.06005193103499999
1658.0 -0.060270487468
1659.0 -0.060485201216
1660.0 -0.060727886433
1661.0 -0.060955053117
1662.0 -0.061202181536
1663.0 -0.06144693344299999
1664.0 -0.061690328745
1665.0 -0.061943636070999994
1666.0 -0.06217368375000001
1667.0 -0.062432480816999994
1668.0 -0.062688874013
1669.0 -0.06290498987099999
1670.0 -0.063140200658
1671.0 -0.063369006562
1672.0 -0.063573792094
1673.0 -0.06377842423499999
1674.0 -0.064004744335
1675.0 -0.06422218358699999
1676.0 -0.064419791962
1677.0 -0.064612853192
1678.0 -0.06480504125099999
1679.0 -0.06501179530199999
1680.0 -0.065212900471
1681.0 -0.065383282987
1682.0 -0.065560607428
1683.0 -0.065758098558
1684.0 -0.065925087096
1685.0 -0.066073728405
1686.0 -0.066260761009
1687.0 -0.066416779568
1688.0 -0.066571039922
1689.0 -0.066748828858
1690.0 -0.066906923475
1691.0 -0.067062728095
1692.0 -0.067211693128
1693.0 -0.06737681107099999
1694.0 -0.067571653588
1695.0 -0.067697255609
1696.0 -0.06787697967
1697.0 -0.06800356277
1698.0 -0.068153764121
1699.0 -0.06829204744
1700.0 -0.068410301492
1701.0 -0.068538290699
1702.0 -0.06867367600799999
1703.0 -0.0687623742664
1704.0 -0.0688651459389
1705.0 -0.0689982434882
1706.0 -0.0690977512561
1707.0 -0.0692248386406
1708.0 -0.0693389296924
1709.0 -0.0693931515057
1710.0 -0.0694934539377
1711.0 -0.06958879419259999
1712.0 -0.06967722494767
1713.0 -0.0697860145117
1714.0 -0.0698453679667
1715.0 -0.06991841308499999
1716.0 -0.0700097552024
1717.0 -0.07007057333899999
1718.0 -0.070145005998
1719.0 -0.07024592831500001
1720.0 -0.070318169495
1721.0 -0.070372675976
1722.0 -0.070427312066
1723.0 -0.070485399217
1724.0 -0.070506250528
1725.0 -0.07054414683
1726.0 -0.070590845891
1727.0 -0.07060741457400001
1728.0 -0.07061902124399999
1729.0 -0.07067662974399999
1730.0 -0.07070294544399999
1731.0 -0.070738209226
1732.0 -0.07074057927699999
1733.0 -0.07074696246100001
1734.0 -0.070738186375
1735.0 -0.07072256969900001
1736.0 -0.070713350908
1737.0 -0.07072007819700002
1738.0 -0.070687544377
1739.0 -0.07067708836799999
1740.0 -0.07066712903200001
1741.0 -0.070668869011
1742.0 -0.070631557872
1743.0 -0.070600357265
1744.0 -0.07056160706200001
1745.0 -0.07055066686599999
1746.0 -0.07052536127799999
1747.0 -0.07050901930799999
1748.0 -0.07049089308699999
1749.0 -0.07046057256800001
1750.0 -0.07041479989
1751.0 -0.07039690078500001
1752.0 -0.070360740193
1753.0 -0.070309573083
1754.0 -0.070304585446
1755.0 -0.07027958495299999
1756.0 -0.070257210608
1757.0 -0.07018893258299999
1758.0 -0.070153034714
1759.0 -0.07013091633799999
1760.0 -0.070098204439
1761.0 -0.0700781721704
1762.0 -0.07003799524660001
1763.0 -0.07000593358519999
1764.0 -0.06996005464
1765.0 -0.069926935085
1766.0 -0.06989200688799999
1767.0 -0.0698371567
1768.0 -0.069737621508
1769.0 -0.069699302201
1770.0 -0.06964984632000001
1771.0 -0.0695650079
1772.0 -0.069499638234
1773.0 -0.06944745425700001
1774.0 -0.069398357899
1775.0 -0.069317579448
1776.0 -0.06922000232100001
1777.0 -0.069114056548
1778.0 -0.06904510638300002
1779.0 -0.068947450415
1780.0 -0.06887365279999999
1781.0 -0.06879475996899999
1782.0 -0.06870764468000001
1783.0 -0.06859367135
1784.0 -0.068509834969
1785.0 -0.068402436349
1786.0 -0.068322518614
1787.0 -0.068247605768
1788.0 -0.068151844461
1789.0 -0.068065660215
1790.0 -0.06797383134900001
1791.0 -0.06787251182
1792.0 -0.067806369187
1793.0 -0.067731756466
1794.0 -0.06766904284900001
1795.0 -0.06756641212100001
1796.0 -0.06748332502400001
1797.0 -0.067394624274
1798.0 -0.06731751269099999
1799.0 -0.0672200018319
1800.0 -0.06710699847589999
1801.0 -0.06699801703319999
1802.0 -0.06686470019926
1803.0 -0.06674690710239999
1804.0 -0.06664240025490001
1805.0 -0.0665403840546
1806.0 -0.0664290278289
1807.0 -0.06630594831810001
1808.0 -0.06618769683600001
1809.0 -0.06607814045899998
1810.0 -0.06595685090600001
1811.0 -0.065837732753
1812.0 -0.065710550535
1813.0 -0.065573519266
1814.0 -0.065447664451
1815.0 -0.065298902002
1816.0 -0.06519124163
1817.0 -0.065072362814
1818.0 -0.064935483603
1819.0 -0.06481191355
1820.0 -0.06472039330700001
1821.0 -0.064595799348
1822.0 -0.064470335292
1823.0 -0.064357945322
1824.0 -0.064229394935
1825.0 -0.064108476428
1826.0 -0.063985840944
1827.0 -0.063832893862
1828.0 -0.06371254512999999
1829.0 -0.063565745474
1830.0 -0.063424504071
1831.0 -0.063265298077
1832.0 -0.06313057587899999
1833.0 -0.063001012733
1834.0 -0.06286906830200001
1835.0 -0.06273385660900001
1836.0 -0.06260664905400001
1837.0 -0.062448541738999996
1838.0 -0.062299343712
1839.0 -0.06215157239500001
1840.0 -0.06200375695
1841.0 -0.061875894487000004
1842.0 -0.061718176576000004
1843.0 -0.06155374326100001
1844.0 -0.061371695849000006
1845.0 -0.0612057863765
1846.0 -0.06106784121599999
1847.0 -0.0609037026445
1848.0 -0.0607417779174
1849.0 -0.06060765135103
1850.0 -0.06045250074509999
1851.0 -0.06031427810344999
1852.0 -0.060190502793
1853.0 -0.06003337860519999
1854.0 -0.05990000044180001
1855.0 -0.059737214508400006
1856.0 -0.05957886058799999
1857.0 -0.059403656411000004
1858.0 -0.059216134878
1859.0 -0.059065505989
1860.0 -0.058925667752
1861.0 -0.058753035365
1862.0 -0.058585992566
1863.0 -0.058413843046
1864.0 -0.05826604564400001
1865.0 -0.058081557055
1866.0 -0.05792365151800001
1867.0 -0.057796767523
1868.0 -0.057618802246
1869.0 -0.057444161522000006
1870.0 -0.057285896014000005
1871.0 -0.057139323129999996
1872.0 -0.056959477072
1873.0 -0.056764882413000005
1874.0 -0.056571387368000006
1875.0 -0.056380226677
1876.0 -0.0561982081
1877.0 -0.05601995601700001
1878.0 -0.05583849605800001
1879.0 -0.05566221045999999
1880.0 -0.055479441388
1881.0 -0.055282151686
1882.0 -0.05506259012799999
1883.0 -0.05491235320000001
1884.0 -0.054710949053
1885.0 -0.054523536926999995
1886.0 -0.05432410797899999
1887.0 -0.054136632245
1888.0 -0.05397622745899999
1889.0 -0.053768353421000004
1890.0 -0.053600804818
1891.0 -0.05340032985
1892.0 -0.05320778639899999
1893.0 -0.05299037050000001
1894.0 -0.05279059778799999
1895.0 -0.052568496675
1896.0 -0.052364098612999996
1897.0 -0.052184725052
1898.0 -0.052009573780000005
1899.0 -0.05181888541600001
1900.0 -0.051612548952
1901.0 -0.051384519531
1902.0 -0.051184834182
1903.0 -0.050964597572
1904.0 -0.050748184507000006
1905.0 -0.05054062924499999
1906.0 -0.050342652497
1907.0 -0.05011639714999999
1908.0 -0.049913419057999994
1909.0 -0.049747650467000006
1910.0 -0.049552189661
1911.0 -0.049344904959
1912.0 -0.049111810288
1913.0 -0.04890806702299999
1914.0 -0.048703085452
1915.0 -0.048502160873
1916.0 -0.048283546026000004
1917.0 -0.04805508264999999
1918.0 -0.047843777165
1919.0 -0.047614930491999996
1920.0 -0.047377658499999996
1921.0 -0.047122032341
1922.0 -0.046885976023
1923.0 -0.046675459688
1924.0 -0.046434989042000004
1925.0 -0.04618388504200001
1926.0 -0.045931446915
1927.0 -0.045688244695
1928.0 -0.045432854701999995
1929.0 -0.045208351986999996
1930.0 -0.0449926183414
1931.0 -0.044732371145000005
1932.0 -0.044519421692
1933.0 -0.044299540919
1934.0 -0.044050091599999994
1935.0 -0.043777553733000005
1936.0 -0.043531304359999995
1937.0 -0.043260189549
1938.0 -0.043027960734999995
1939.0 -0.042782863098
1940.0 -0.04253022944199999
1941.0 -0.042279060139
1942.0 -0.042069374247999995
1943.0 -0.04185845615
1944.0 -0.041618011807000005
1945.0 -0.041382471984
1946.0 -0.041135013681
1947.0 -0.040894186737
1948.0 -0.040675309349
1949.0 -0.040437302673999996
1950.0 -0.040205412732
1951.0 -0.03997707951300001
1952.0 -0.039717260332
1953.0 -0.039490250426999995
1954.0 -0.039258206080999995
1955.0 -0.03899666727000001
1956.0 -0.038750796704
1957.0 -0.038512204781999994
1958.0 -0.03828570336
1959.0 -0.038061050977
1960.0 -0.037825443812
1961.0 -0.037575871568
1962.0 -0.037317049925
1963.0 -0.0370307035472
1964.0 -0.0367745981733
1965.0 -0.036521042431999995
1966.0 -0.0362550837213
1967.0 -0.0360313984111
1968.0 -0.0357864378683
1969.0 -0.03551382039919
1970.0 -0.035269173591699995
1971.0 -0.035003971820899996
1972.0 -0.034754859667799995
1973.0 -0.03453713652090001
1974.0 -0.034263283772799996
1975.0 -0.034037043462000004
1976.0 -0.033787191483999994
1977.0 -0.033541431302
1978.0 -0.033300883628
1979.0 -0.033025981807
1980.0 -0.032772114090000005
1981.0 -0.032535262551000005
1982.0 -0.032290544271999996
1983.0 -0.032037599848000003
1984.0 -0.031797162418
1985.0 -0.031542163915
1986.0 -0.031316025866000005
1987.0 -0.031075878246
1988.0 -0.030828866276999996
1989.0 -0.030628440526
1990.0 -0.030365235135999997
1991.0 -0.03014865485
1992.0 -0.029897003103999998
1993.0 -0.029653738024999994
1994.0 -0.0294135395787
1995.0 -0.029184218014700003
1996.0 -0.028920342168399997
1997.0 -0.0286643797332
1998.0 -0.028433241545000005
1999.0 -0.028168438716
2000.0 -0.027929805929000007
2001.0 -0.027697084757
2002.0 -0.027454301965
2003.0 -0.027195925665999997
2004.0 -0.026946600923999996
2005.0 -0.026672184570999995
2006.0 -0.026418023725000007
2007.0 -0.026170012873999997
2008.0 -0.025928953708000003
2009.0 -0.025698579578
2010.0 -0.025449494214
2011.0 -0.025213947972000002
2012.0 -0.024977901167
2013.0 -0.024732545468
2014.0 -0.024480579237
2015.0 -0.024251701019999995
2016.0 -0.024005666446000003
2017.0 -0.023743516880999998
2018.0 -0.023497530106999995
2019.0 -0.023241740618000002
2020.0 -0.023010701214999995
2021.0 -0.022770258507000003
2022.0 -0.022544277587
2023.0 -0.022294895479999997
2024.0 -0.022059326729
2025.0 -0.021797911523
2026.0 -0.021566712327999997
2027.0 -0.021317994188
2028.0 -0.021065692254000002
2029.0 -0.020834396378999996
2030.0 -0.020612457652
2031.0 -0.020340433467999998
2032.0 -0.020089559390999996
2033.0 -0.019841796546
2034.0 -0.019596945142
2035.0 -0.019346404118
2036.0 -0.01908991688500001
2037.0 -0.018833887448
2038.0 -0.018563908936999995
2039.0 -0.018311032576999998
2040.0 -0.018069424251
2041.0 -0.017828747572
2042.0 -0.017537922304500003
2043.0 -0.0173001158971
2044.0 -0.0170807078675
2045.0 -0.016836636358500003
2046.0 -0.016603729367280003
2047.0 -0.016340369342299998
2048.0 -0.016129824451300002
2049.0 -0.0158922051023
2050.0 -0.015651879138500004
2051.0 -0.015424627803000001
2052.0 -0.015193263992
2053.0 -0.014952748905999996
2054.0 -0.014691256984000001
2055.0 -0.014458111225
2056.0 -0.014230488212999997
2057.0 -0.014030738179
2058.0 -0.013762990357000005
2059.0 -0.013526706242000003
2060.0 -0.013272671829000004
2061.0 -0.013032714322999999
2062.0 -0.012765436203000002
2063.0 -0.012534435589999999
2064.0 -0.012281263974000001
2065.0 -0.012037662791999998
2066.0 -0.011801547414
2067.0 -0.011533904319
2068.0 -0.011294821165999998
2069.0 -0.011031644872999999
2070.0 -0.010778102692000002
2071.0 -0.010526619469000003
2072.0 -0.010283280506000003
2073.0 -0.0100292729288
2074.0 -0.009803812215520001
2075.0 -0.009567693743799996
2076.0 -0.009320857953
2077.0 -0.009068428891
2078.0 -0.008836076391000005
2079.0 -0.008582627835000004
2080.0 -0.008316437605000001
2081.0 -0.008065242655
2082.0 -0.007806405278
2083.0 -0.0075677591280000015
2084.0 -0.007352556791999999
2085.0 -0.007139523193
2086.0 -0.006880675626
2087.0 -0.0066511871160000015
2088.0 -0.0064262588720000015
2089.0 -0.006183649696000002
2090.0 -0.005955626520999999
2091.0 -0.005697314141999999
2092.0 -0.005454414983
2093.0 -0.005215057831
2094.0 -0.004969373648
2095.0 -0.004729373853000001
2096.0 -0.0045139548860000005
2097.0 -0.004278575052999998
2098.0 -0.004043619257
2099.0 -0.0038435817770000004
2100.0 -0.0036277019300000033
2101.0 -0.003401691879999999
2102.0 -0.0031646635879999984
2103.0 -0.002955073804000001
2104.0 -0.0027199388709000017
2105.0 -0.0024753659021000004
2106.0 -0.0022235559251999994
2107.0 -0.001989386519000001
2108.0 -0.0017349539313000011
2109.0 -0.0015261712928650029
2110.0 -0.0013088346975999976
2111.0 -0.0010708760462000005
2112.0 -0.0008605588604000027
2113.0 -0.0006314355457000015
2114.0 -0.0004194242656000019
2115.0 -0.00019116743100000279
2116.0 3.500987700000013e-05
2117.0 0.00022967353899999848
2118.0 0.00046473634900000006
2119.0 0.0006565911779999988
2120.0 0.0008861988299999985
2121.0 0.0011275281710000028
2122.0 0.0013492567219999974
2123.0 0.001554663277
2124.0 0.0017712267490000004
2125.0 0.001982696719
2126.0 0.002213431266999999
2127.0 0.0024350022270000007
2128.0 0.0026504446229999993
2129.0 0.0028488234520000003
2130.0 0.003051717619000002
2131.0 0.003277471584000001
2132.0 0.0034775883899999986
2133.0 0.0036746761669999998
2134.0 0.003866682384500001
2135.0 0.0040897405741
2136.0 0.004296485898999999
2137.0 0.0045324679126
2138.0 0.0047324148231400005
2139.0 0.004955151897399999
2140.0 0.005173938219000001
2141.0 0.005389477761
2142.0 0.005590078038999998
2143.0 0.005793007200000002
2144.0 0.005975276407000001
2145.0 0.006151020198000003
2146.0 0.006357742055
2147.0 0.006575223848999999
2148.0 0.006773451094999999
2149.0 0.006984454783000001
2150.0 0.007213784053000001
2151.0 0.007405540253
2152.0 0.007599380054
2153.0 0.00779224708
2154.0 0.008018416874000001
2155.0 0.008229273326
2156.0 0.008415615942999999
2157.0 0.008604093683000002
2158.0 0.008756576438000003
2159.0 0.008957715044
2160.0 0.009145930389999998
2161.0 0.009325778694
2162.0 0.009519748682000001
2163.0 0.0096950903115
2164.0 0.009858269621
2165.0 0.010021096138600003
2166.0 0.010200036795
2167.0 0.010382082431
2168.0 0.010553814881999999
2169.0 0.010744398410999998
2170.0 0.010920583320999998
2171.0 0.011094520943
2172.0 0.01126843766
2173.0 0.011453187841
2174.0 0.011614887922000003
2175.0 0.011776750996999999
2176.0 0.011908391635999998
2177.0 0.012070709699999998
2178.0 0.012218131404999999
2179.0 0.012401928186999998
2180.0 0.012584157200999998
2181.0 0.012776540129
2182.0 0.012958509052
2183.0 0.013095406623
2184.0 0.013269696203
2185.0 0.013430330317
2186.0 0.013612589424
2187.0 0.013776583413
2188.0 0.013923865255
2189.0 0.014092603825
2190.0 0.014262742546
2191.0 0.014396310721000002
2192.0 0.014559051768
2193.0 0.014759605511000001
2194.0 0.014954844253
2195.0 0.015115570296999998
2196.0 0.015286788980000002
2197.0 0.015450993580000003
2198.0 0.015623241433000002
2199.0 0.015762303492
2200.0 0.015932173914
2201.0 0.01609679528
2202.0 0.016280722456
2203.0 0.016427212801000003
2204.0 0.016578860213
2205.0 0.016732111126
2206.0 0.016911586646999998
2207.0 0.017113508397
2208.0 0.017292482697
2209.0 0.017436233991
2210.0 0.017608957924000003
2211.0 0.017772513732
2212.0 0.017917899246999998
2213.0 0.0180999420998
2214.0 0.0182751064318
2215.0 0.018439961184499996
2216.0 0.018614378553299997
2217.0 0.018752466199
2218.0 0.018923786482
2219.0 0.019086066022899997
2220.0 0.0192665685785
2221.0 0.0194309083686
2222.0 0.0195848676391
2223.0 0.0197757135545
2224.0 0.0199475623288
2225.0 0.0201136374714
2226.0 0.0203075991454
2227.0 0.0205016674489
2228.0 0.0207099463637
2229.0 0.0208866636027
2230.0 0.021054588411000004
2231.0 0.021220847899400003
2232.0 0.021395017826
2233.0 0.021585671282
2234.0 0.021772645128
2235.0 0.021913393047
2236.0 0.022103406475
2237.0 0.022284626653
2238.0 0.022469353473999996
2239.0 0.022623196845999997
2240.0 0.022810327878
2241.0 0.022985494379
2242.0 0.023159150388
2243.0 0.023311077088999998
2244.0 0.023461400165
2245.0 0.023617777975
2246.0 0.023792262826
2247.0 0.023963960915999998
2248.0 0.024153093192
2249.0 0.024339212561000002
2250.0 0.024525460739999998
2251.0 0.024700679143000004
2252.0 0.02486760109
2253.0 0.025040809584000002
2254.0 0.025232590479
2255.0 0.025404342603
2256.0 0.025623921767000003
2257.0 0.025786998989999997
2258.0 0.025953434452
2259.0 0.026128291114000002
2260.0 0.026272350817000002
2261.0 0.026437052889
2262.0 0.026645189388
2263.0 0.026831469929999997
2264.0 0.027013981681
2265.0 0.027202334281000003
2266.0 0.027387914691
2267.0 0.027567321274000002
2268.0 0.027738863026000003
2269.0 0.027922840052
2270.0 0.028057886504000002
2271.0 0.028261529521
2272.0 0.028435192744
2273.0 0.028629414957999998
2274.0 0.028788938391999995
2275.0 0.028989615099999998
2276.0 0.029183577859999997
2277.0 0.029345634691
2278.0 0.0295297672517
2279.0 0.029731076154200002
2280.0 0.029911836765799997
2281.0 0.030095366950199997
2282.0 0.030285389025999997
2283.0 0.030429179185
2284.0 0.030625750916
2285.0 0.030814576841000002
2286.0 0.030975624974
2287.0 0.031152408755999998
2288.0 0.031324936277
2289.0 0.031461205532000006
2290.0 0.031663274926999996
2291.0 0.031826255931999996
2292.0 0.032003410925999995
2293.0 0.032139489238
2294.0 0.032296413206999997
2295.0 0.032478200674
2296.0 0.03264125597
2297.0 0.032807563135
2298.0 0.032987415164
2299.0 0.033177953258000006
2300.0 0.03335179347
2301.0 0.033522313042
2302.0 0.033687516565000006
2303.0 0.033876525009
2304.0 0.034022300413
2305.0 0.034187295478
2306.0 0.034339401347
2307.0 0.034503893439
2308.0 0.034676322800000006
2309.0 0.03482701488000001
2310.0 0.034975385891
2311.0 0.035136893138999994
2312.0 0.035283719426999996
2313.0 0.035448339548
2314.0 0.035591027291
2315.0 0.035715354982
2316.0 0.035845459305
2317.0 0.035960793759
2318.0 0.036102878557
2319.0 0.036261480779
2320.0 0.036390313582
2321.0 0.036519257774
2322.0 0.03665450079699999
2323.0 0.036774659136
2324.0 0.03690575927
2325.0 0.037021394682999996
2326.0 0.037139407545
2327.0 0.037274973872
2328.0 0.037423926949
2329.0 0.037543780034999995
2330.0 0.037652937202
2331.0 0.037757365266
2332.0 0.037874007377999994
2333.0 0.038000794355
2334.0 0.038107922057
2335.0 0.038181085222
2336.0 0.038330309019999995
2337.0 0.038419760757
2338.0 0.038528619913
2339.0 0.038661790434999996
2340.0 0.03878482323100001
2341.0 0.038870772763
2342.0 0.038982469615
2343.0 0.039100178399
2344.0 0.039194632374000005
2345.0 0.039277925879
2346.0 0.039353605122
2347.0 0.039462954637
2348.0 0.039543204118
2349.0 0.039634646888999994
2350.0 0.039698838592
2351.0 0.039778828698
2352.0 0.039846562594
2353.0 0.039895964097
2354.0 0.039955747944999995
2355.0 0.040016050296
2356.0 0.040076557232
2357.0 0.040125147640000004
2358.0 0.040182675271
2359.0 0.040252342952999995
2360.0 0.040295866629999996
2361.0 0.04037811476900001
2362.0 0.04040001853
2363.0 0.040477275406000005
2364.0 0.040517265942999994
2365.0 0.040551686765999996
2366.0 0.040575756364
2367.0 0.04062550278799999
2368.0 0.040637923984
2369.0 0.040684913906
2370.0 0.040701810771
2371.0 0.04069112069900001
2372.0 0.040707000332
2373.0 0.040743303504999995
2374.0 0.0407470256209
2375.0 0.0407538791696
2376.0 0.040786969113
2377.0 0.0407670786767
2378.0 0.0408047464342
2379.0 0.04080004275851
2380.0 0.0407999894433
2381.0 0.04079077073660001
2382.0 0.0408002777436
2383.0 0.0408052499547
2384.0 0.040828668779599994
2385.0 0.040793988969
2386.0 0.040795381022000005
2387.0 0.040802249691
2388.0 0.040755091038
2389.0 0.040735935097000006
2390.0 0.040698163929000004
2391.0 0.040704469457
2392.0 0.040692988283000005
2393.0 0.040709774301
2394.0 0.0406932435535
2395.0 0.040670790720599995
2396.0 0.0406847062494
2397.0 0.0406644679091
2398.0 0.040650581160000004
2399.0 0.04060916938299999
2400.0 0.040577792902000004
2401.0 0.040553420325
2402.0 0.040513831784000004
2403.0 0.040482439023
2404.0 0.040462295701
2405.0 0.040421706739999994
2406.0 0.040350755231
2407.0 0.040342472468000004
2408.0 0.040291164365
2409.0 0.040219701541000005
2410.0 0.04015740376
2411.0 0.040112422513
2412.0 0.040076945398999995
2413.0 0.040059906427
2414.0 0.0400105161894
2415.0 0.039958317943600004
2416.0 0.0398880094334
2417.0 0.03985026816289999
2418.0 0.039795036138
2419.0 0.039700353823
2420.0 0.039663139139
2421.0 0.03960127041099999
2422.0 0.03956191578649999
2423.0 0.039534346221
2424.0 0.0394757977604
2425.0 0.0394076600379
2426.0 0.039349453102000005
2427.0 0.0392857558176
2428.0 0.0392447720346
2429.0 0.0391555081543
2430.0 0.03910826646062
2431.0 0.03906502297159999
2432.0 0.0390203337669
2433.0 0.038970294712999995
2434.0 0.038946533032
2435.0 0.038872965991
2436.0 0.038846993563999996
2437.0 0.038779243638000005
2438.0 0.038770978032000004
2439.0 0.038725692398
2440.0 0.038680514219
2441.0 0.03860854650400001
2442.0 0.038562851745
2443.0 0.038492998214
2444.0 0.038433603087
2445.0 0.038402798303
2446.0 0.038355673363
2447.0 0.038286339097
2448.0 0.038238137574
2449.0 0.038193756746
2450.0 0.038157820084999995
2451.0 0.038075525060000004
2452.0 0.03801684739599999
2453.0 0.037964259085
2454.0 0.037903238475999995
2455.0 0.037869202274
2456.0 0.037789909446999996
2457.0 0.037727000771
2458.0 0.03766509312499999
2459.0 0.037587936354
2460.0 0.037497553138
2461.0 0.037401786882
2462.0 0.037336937203
2463.0 0.037283492647
2464.0 0.03723102856100001
2465.0 0.037181085493
2466.0 0.037112769223999996
2467.0 0.037050465357
2468.0 0.037029333581
2469.0 0.036943541402
2470.0 0.036854057728
2471.0 0.036760295793000004
2472.0 0.036680483603
2473.0 0.036605773882
2474.0 0.036532097464000005
2475.0 0.036453712311
2476.0 0.036355904478999994
2477.0 0.036297957052
2478.0 0.03622542781
2479.0 0.036120834188900004
2480.0 0.0360650156193
2481.0 0.035986143208400004
2482.0 0.03588876001199999
2483.0 0.03579512158999999
2484.0 0.035697875318
2485.0 0.035604642305
2486.0 0.03550978789
2487.0 0.035407702861
2488.0 0.035301592845
2489.0 0.03521217219
2490.0 0.035121022398
2491.0 0.035033230060000004
2492.0 0.03492276524600001
2493.0 0.034819823314
2494.0 0.0346940964707
2495.0 0.034598830465300004
2496.0 0.034518564164799995
2497.0 0.03442035186800001
2498.0 0.03429748430275
2499.0 0.034193030733
2500.0 0.034046951649200005
2501.0 0.033940059799
2502.0 0.03380532882
2503.0 0.033692623875
2504.0 0.033575813737
2505.0 0.03344127333
2506.0 0.033324285986
2507.0 0.033183828114999994
2508.0 0.033068315146000005
2509.0 0.032958007801
2510.0 0.03283125335499999
2511.0 0.032690818668
2512.0 0.032578183681
2513.0 0.032473226428000004
2514.0 0.032352149839
2515.0 0.032231395542
2516.0 0.03212146479900001
2517.0 0.032026842034000004
2518.0 0.031911792533
2519.0 0.031799310973
2520.0 0.031692829736
2521.0 0.031588577622
2522.0 0.031439872087
2523.0 0.03134375768
2524.0 0.031217686506000004
2525.0 0.031074284223000005
2526.0 0.030955470867000002
2527.0 0.030841438697
2528.0 0.030738344934
2529.0 0.030602998753999994
2530.0 0.030457938041
2531.0 0.030348209168
2532.0 0.030256325838000003
2533.0 0.030108596686
2534.0 0.029983401999000004
2535.0 0.029879264413999997
2536.0 0.029773649364
2537.0 0.029664642405000004
2538.0 0.029510417108999997
2539.0 0.029364088163000002
2540.0 0.029239573765000006
2541.0 0.029101754736
2542.0 0.028938461133999994
2543.0 0.028803766283
2544.0 0.028668425728999997
2545.0 0.028553057858999996
2546.0 0.028416797627
2547.0 0.028303800318
2548.0 0.028156795780999992
2549.0 0.028023373707000004
2550.0 0.027868743389
2551.0 0.027736052037000004
2552.0 0.027596104936999998
2553.0 0.027489587133000003
2554.0 0.027371259083000005
2555.0 0.027236322414999993
2556.0 0.02712621376
2557.0 0.026955576470999998
2558.0 0.026799479006
2559.0 0.026679373153999996
2560.0 0.026537245048
2561.0 0.026393072309000003
2562.0 0.026231481679000003
2563.0 0.026072874786
2564.0 0.025930205148999998
2565.0 0.025781696114000007
2566.0 0.025651605245000004
2567.0 0.025490655021999997
2568.0 0.025341524342
2569.0 0.025178266201
2570.0 0.025044906657
2571.0 0.024857789736999997
2572.0 0.024774412942
2573.0 0.024615476429
2574.0 0.024459882911
2575.0 0.024286894349999998
2576.0 0.024116424585999996
2577.0 0.023985887685000002
2578.0 0.023851768320999996
2579.0 0.023672766758
2580.0 0.023515942877000005
2581.0 0.023352556924999997
2582.0 0.023205596156
2583.0 0.023037273713
2584.0 0.022891987356
2585.0 0.022713149957000002
2586.0 0.022544993632
2587.0 0.022390952111999998
2588.0 0.022247243485
2589.0 0.022095715648000003
2590.0 0.021940595939000003
2591.0 0.021759228508999997
2592.0 0.021608287881
2593.0 0.021488687411
2594.0 0.021330704764999996
2595.0 0.021137763916999997
2596.0 0.020959198916000003
2597.0 0.020806562173000004
2598.0 0.020656793425
2599.0 0.020480083043999998
2600.0 0.02028736607
2601.0 0.020108018499000006
2602.0 0.019943928248
2603.0 0.019757180941000006
2604.0 0.019578059488
2605.0 0.019414343120999995
2606.0 0.019256300796999998
2607.0 0.019086651936
2608.0 0.018919995481000006
2609.0 0.018770292247999996
2610.0 0.0185607596582
2611.0 0.018346761815099998
2612.0 0.0181568624284
2613.0 0.017955527394000005
2614.0 0.017742953537000006
2615.0 0.017535490480000006
2616.0 0.017321769080000004
2617.0 0.01713089292
2618.0 0.016949991765
2619.0 0.016742831883
2620.0 0.0165675066
2621.0 0.016373690295
2622.0 0.016187477454999995
2623.0 0.016004068235
2624.0 0.015810278546000003
2625.0 0.015652877553
2626.0 0.015477737662999999
2627.0 0.015277835900999997
2628.0 0.015116287666
2629.0 0.014920449958999998
2630.0 0.014738136909
2631.0 0.014523496296000003
2632.0 0.014342750352
2633.0 0.014157725478
2634.0 0.013977365127
2635.0 0.013799692401999996
2636.0 0.013601110170999997
2637.0 0.013399586187
2638.0 0.013203700420999998
2639.0 0.013009605340400002
2640.0 0.012770547164399997
2641.0 0.012565838025800002
2642.0 0.0123711117672
2643.0 0.012140212640000002
2644.0 0.0119239710637
2645.0 0.011716575053999997
2646.0 0.011529902894999996
2647.0 0.011308387013999999
2648.0 0.011084382684000001
2649.0 0.010874723931000002
2650.0 0.010652061236000002
2651.0 0.010437028785999999
2652.0 0.010214193657
2653.0 0.009991182484999998
2654.0 0.009760438234
2655.0 0.009562689971
2656.0 0.009355774979
2657.0 0.009145562968
2658.0 0.008926631676000002
2659.0 0.008724437066000002
2660.0 0.008497274374999997
2661.0 0.008275612461
2662.0 0.008051779957
2663.0 0.007834737284000002
2664.0 0.007621807771000004
2665.0 0.007406694454000003
2666.0 0.007165477212000004
2667.0 0.006956675974000001
2668.0 0.006758067578399999
2669.0 0.006526871599710002
2670.0 0.0063053683801999995
2671.0 0.0060977208816
2672.0 0.005891053382499999
2673.0 0.0056777215891
2674.0 0.005482095238600002
2675.0 0.005250869686700001
2676.0 0.005047070012899999
2677.0 0.004825879765499999
2678.0 0.0045933164234
2679.0 0.00438680533694
2680.0 0.004148434909293
2681.0 0.0039426246153
2682.0 0.0037378184620999997
2683.0 0.0035152733995999995
2684.0 0.003301520496899998
2685.0 0.003105279884199999
2686.0 0.0028760345429999987
2687.0 0.002641934619
2688.0 0.002406062938999999
2689.0 0.0022090432739999997
2690.0 0.001998031151
2691.0 0.0017501079690000003
2692.0 0.001525669313
2693.0 0.001314361786
2694.0 0.001082412249999999
2695.0 0.0008797899639999982
2696.0 0.000676659266
2697.0 0.00046561440300000033
2698.0 0.0002543210590000011
2699.0 4.552308400000149e-05
2700.0 -0.00018166664200000153
2701.0 -0.0003779707919999986
2702.0 -0.0006110980919999994
2703.0 -0.0008172488810000003
2704.0 -0.001020736945999999
2705.0 -0.0012298209989999975
2706.0 -0.0014686414509999981
2707.0 -0.0016645566160000008
2708.0 -0.0018598254229999986
2709.0 -0.0021089633539999987
2710.0 -0.002322688848
2711.0 -0.0025544161480000006
2712.0 -0.0027709515609999997
2713.0 -0.002993696587000004
2714.0 -0.0032208701100000015
2715.0 -0.003432848794
2716.0 -0.0036374537680000005
2717.0 -0.0038689890030000006
2718.0 -0.004074972681000001
2719.0 -0.0043060670490000005
2720.0 -0.004489976822000001
2721.0 -0.004713175122999999
2722.0 -0.004943429213999999
2723.0 -0.00516655384
2724.0 -0.0053668435769999995
2725.0 -0.005584087316999999
2726.0 -0.0058199862330000005
2727.0 -0.005996811909999999
2728.0 -0.0062093395700000015
2729.0 -0.006396018065999999
2730.0 -0.0066157789389999985
2731.0 -0.006859321978000002
2732.0 -0.007064019093
2733.0 -0.0072735476829999994
2734.0 -0.007461345662
2735.0 -0.007674320917
2736.0 -0.007885697532
2737.0 -0.008089102429
2738.0 -0.008301193973
2739.0 -0.008483098735000003
2740.0 -0.008688395839000001
2741.0 -0.008900731941
2742.0 -0.009120054068
2743.0 -0.009292055673
2744.0 -0.009510295277000001
2745.0 -0.009706696381
2746.0 -0.009919308342
2747.0 -0.010128717839
2748.0 -0.010344587147000001
2749.0 -0.010550784695999998
2750.0 -0.010754089821000002
2751.0 -0.010949998713999999
2752.0 -0.011151365226000002
2753.0 -0.011336268021
2754.0 -0.011537650569999999
2755.0 -0.011740959266
2756.0 -0.011931334248
2757.0 -0.01217935047
2758.0 -0.012381932053
2759.0 -0.012586988173999999
2760.0 -0.012784552697
2761.0 -0.012988787323
2762.0 -0.013166916268000001
2763.0 -0.013354679088
2764.0 -0.013551377287
2765.0 -0.013747420727000002
2766.0 -0.013935379307000001
2767.0 -0.014130912364000001
2768.0 -0.014297767018000002
2769.0 -0.014484804123
2770.0 -0.014686914362
2771.0 -0.014837509199999998
2772.0 -0.015021504735999999
2773.0 -0.015183922160700001
2774.0 -0.0153402646803
2775.0 -0.015495029671600002
2776.0 -0.0156672345256
2777.0 -0.0158500694889
2778.0 -0.0160170178457
2779.0 -0.016168127095899997
2780.0 -0.016313657083299998
2781.0 -0.01646368420703
2782.0 -0.016623230343
2783.0 -0.0167627673245
2784.0 -0.0169014811602
2785.0 -0.0170869336711
2786.0 -0.017258152619
2787.0 -0.017421952777
2788.0 -0.0175827089345
2789.0 -0.017751709042199998
2790.0 -0.0179209734066
2791.0 -0.01805717669782
2792.0 -0.0182370973519
2793.0 -0.0184172398952
2794.0 -0.018578969989
2795.0 -0.0187737662234
2796.0 -0.018944787609699996
2797.0 -0.0191235227541
2798.0 -0.0192782114256
2799.0 -0.0194691504696
2800.0 -0.0196502041368
2801.0 -0.0198271497494
2802.0 -0.0199792592222
2803.0 -0.020152918297890003
2804.0 -0.020290152034230003
2805.0 -0.02042933368535
2806.0 -0.020572896719290003
2807.0 -0.0207477397704
2808.0 -0.0208917463193
2809.0 -0.0210376356346
2810.0 -0.021227711873499998
2811.0 -0.0213808136333
2812.0 -0.021564447233
2813.0 -0.021747948477
2814.0 -0.0218922424622
2815.0 -0.022049282763
2816.0 -0.022216276289999996
2817.0 -0.022385577326
2818.0 -0.022536309484
2819.0 -0.022689458195
2820.0 -0.022830429532999998
2821.0 -0.02297684326
2822.0 -0.02313827135
2823.0 -0.023280621814
2824.0 -0.023443306330000004
2825.0 -0.023577140990000002
2826.0 -0.023758045986
2827.0 -0.023881896649
2828.0 -0.02406020874
2829.0 -0.02420651439
2830.0 -0.024327506005999998
2831.0 -0.024476203504000003
2832.0 -0.024626419779000003
2833.0 -0.024787047824
2834.0 -0.024922218281000004
2835.0 -0.025079905237
2836.0 -0.025219709859000006
2837.0 -0.025362798975
2838.0 -0.02550539122
2839.0 -0.025634668908999996
2840.0 -0.025778044588000003
2841.0 -0.025912687772000002
2842.0 -0.026036912685000003
2843.0 -0.026170709245
2844.0 -0.026306691639000002
2845.0 -0.026425230969000003
2846.0 -0.026560780841999997
2847.0 -0.026691530890999998
2848.0 -0.026791435534000003
2849.0 -0.02690682517
2850.0 -0.027059693184
2851.0 -0.027157656383999994
2852.0 -0.027262896146999997
2853.0 -0.027370158437500004
2854.0 -0.027487676079900002
2855.0 -0.027634112428299995
2856.0 -0.027770487286600004
2857.0 -0.0278923009446
2858.0 -0.0280183216976
2859.0 -0.028155775271
2860.0 -0.028268164521
2861.0 -0.028388209753
2862.0 -0.028499897265
2863.0 -0.028662719776
2864.0 -0.028769362909
2865.0 -0.028884329065000002
2866.0 -0.028977289440999997
2867.0 -0.029068432132
2868.0 -0.029149977149
2869.0 -0.029242436991000004
2870.0 -0.0293425980636
2871.0 -0.02942688657254
2872.0 -0.029511991452099994
2873.0 -0.029606887573
2874.0 -0.029687136729000002
2875.0 -0.029768298447
2876.0 -0.029846941979999996
2877.0 -0.029917410866
2878.0 -0.030017625813000003
2879.0 -0.030078592074
2880.0 -0.030156590162
2881.0 -0.030269466813000002
2882.0 -0.030329271802000003
2883.0 -0.030402935463
2884.0 -0.030520307637000005
2885.0 -0.030600749793
2886.0 -0.030649121842
2887.0 -0.030730793309
2888.0 -0.030826949791
2889.0 -0.030897474097999998
2890.0 -0.031009172992
2891.0 -0.031038903104
2892.0 -0.031123502581000002
2893.0 -0.031181974543
2894.0 -0.031269423196
2895.0 -0.031326555718
2896.0 -0.031391274708
2897.0 -0.03146337199200001
2898.0 -0.031515418350000005
2899.0 -0.03156647015900001
2900.0 -0.031582718367
2901.0 -0.03161424573299999
2902.0 -0.031681032992
2903.0 -0.031756437379
2904.0 -0.031786564312
2905.0 -0.031840055568
2906.0 -0.031890030149
2907.0 -0.031970887307
2908.0 -0.032019117626
2909.0 -0.032016314462
2910.0 -0.032040880486
2911.0 -0.032100773092
2912.0 -0.032120954901000004
2913.0 -0.032151390792
2914.0 -0.032182294188
2915.0 -0.032195324883
2916.0 -0.032197839436000006
2917.0 -0.032197474829999996
2918.0 -0.032214316720000004
2919.0 -0.03219661264
2920.0 -0.0322343025769
2921.0 -0.0322291716017
2922.0 -0.03222328682989999
2923.0 -0.032225210479599996
2924.0 -0.032217786937029994
2925.0 -0.032181006590600005
2926.0 -0.0321699698855
2927.0 -0.032154848995419996
2928.0 -0.03212751224679
2929.0 -0.0320898088259
2930.0 -0.0320526109764
2931.0 -0.0319684563037
2932.0 -0.03193518343
2933.0 -0.031858626945
2934.0 -0.031781199430999996
2935.0 -0.031726324373000006
2936.0 -0.031672759666
2937.0 -0.031609597766999994
2938.0 -0.0315461828016
2939.0 -0.031514652510000005
2940.0 -0.0314642344806
2941.0 -0.03136618605936
2942.0 -0.031296708131599994
2943.0 -0.031201036999699998
2944.0 -0.0311253465196
2945.0 -0.031053101703999997
2946.0 -0.030950199335000005
2947.0 -0.030854976087000004
2948.0 -0.030781239143
2949.0 -0.030719714481999998
2950.0 -0.030633064824
2951.0 -0.030535588452999994
2952.0 -0.030450397464000002
2953.0 -0.030353086694999996
2954.0 -0.030232451326999997
2955.0 -0.030148674416999997
2956.0 -0.030057991458000005
2957.0 -0.029931574063000004
2958.0 -0.029864709464000005
2959.0 -0.029768622501000003
2960.0 -0.029628615240999995
2961.0 -0.029509016673000005
2962.0 -0.029413079680000002
2963.0 -0.029307488336999997
2964.0 -0.029218841239999998
2965.0 -0.029091965167000005
2966.0 -0.028943016035
2967.0 -0.02883245888
2968.0 -0.028728176205
2969.0 -0.028609376116
2970.0 -0.028514924209000002
2971.0 -0.028387977706
2972.0 -0.028280406158999998
2973.0 -0.028145196467
2974.0 -0.028045740219999997
2975.0 -0.02792866486
2976.0 -0.02782499021
2977.0 -0.027744860428
2978.0 -0.027625102187
2979.0 -0.027505270460999997
2980.0 -0.027392432476
2981.0 -0.027270938645000003
2982.0 -0.027165996735000003
2983.0 -0.027021876921
2984.0 -0.026907761440999996
2985.0 -0.026814158605999994
2986.0 -0.026688410375999994
2987.0 -0.026576004460000004
2988.0 -0.026455462511999994
2989.0 -0.026357976025
2990.0 -0.026268836857
2991.0 -0.026180490315000006
2992.0 -0.026082789947999997
2993.0 -0.025972441776
2994.0 -0.025871702782
2995.0 -0.025803281669
2996.0 -0.025669383327
2997.0 -0.025554875342
2998.0 -0.025443346469999996
2999.0 -0.02532289874
3000.0 -0.025243705033000004
