20025000 0.000749696
20040000 0.000779265
20055000 0.000768069
20070000 0.000774777
20085000 0.000817431
20100000 0.000788175
20115000 0.000773956
20130000 0.00076618
20145000 0.000740427
20160000 0.000777962
20175000 0.000763162
20190000 0.000750464
20205000 0.000743611
20220000 0.000703915
20235000 0.000811634
20250000 0.000790784
20265000 0.000793518
20280000 0.000801765
20295000 0.000759801
20310000 0.00078626
20325000 0.000806038
20340000 0.000759276
20355000 0.000787225
20370000 0.000773787
20385000 0.000732658
20400000 0.000801361
20415000 0.000754007
20430000 0.000746776
20445000 0.000734689
20460000 0.000788888
20475000 0.000788692
20490000 0.000800248
20505000 0.000781175
20520000 0.00073543
20535000 0.000760076
20550000 0.000798519
20565000 0.000756804
20580000 0.00074475
20595000 0.000809251
20610000 0.00074934
20625000 0.000798137
20640000 0.000748487
20655000 0.000754574
20670000 0.000752967
20685000 0.000782164
20700000 0.000758014
20715000 0.000773604
20730000 0.000766201
20745000 0.000778224
20760000 0.000781383
20775000 0.000761077
20790000 0.00079251
20805000 0.000778384
20820000 0.000785644
20835000 0.000781959
20850000 0.000744738
20865000 0.00079133
20880000 0.000769236
20895000 0.000754156
20910000 0.00075463
20925000 0.000772795
20940000 0.000733187
20955000 0.000730936
20970000 0.000759596
20985000 0.000735153
21000000 0.000750601
21015000 0.00076374
21030000 0.000751069
21045000 0.000778813
21060000 0.000753757
21075000 0.000740007
21090000 0.000759881
21105000 0.0007578
21120000 0.000764148
21135000 0.000727388
21150000 0.000725589
21165000 0.000758534
21180000 0.000748635
21195000 0.000752423
21210000 0.000718485
21225000 0.000752817
21240000 0.00075633
21255000 0.000795012
21270000 0.000728987
21285000 0.000742882
21300000 0.000790162
21315000 0.000775145
21330000 0.000749694
21345000 0.00073866
21360000 0.00078543
21375000 0.000723645
21390000 0.000785278
21405000 0.00076427
21420000 0.000752245
21435000 0.0007493
21450000 0.000741877
21465000 0.000747836
21480000 0.000772619
21495000 0.000727779
21510000 0.000753916
21525000 0.000758431
21540000 0.000733305
21555000 0.000760068
21570000 0.000754822
21585000 0.000744437
21600000 0.000753686
21615000 0.000734833
21630000 0.000773077
21645000 0.000764974
21660000 0.000734576
21675000 0.000741457
21690000 0.000725402
21705000 0.000728381
21720000 0.000768713
21735000 0.000736791
21750000 0.000733347
21765000 0.000789529
21780000 0.000736456
21795000 0.000764463
21810000 0.000725785
21825000 0.000745336
21840000 0.000769624
21855000 0.000729744
21870000 0.000757538
21885000 0.00075062
21900000 0.000709089
21915000 0.000722108
21930000 0.000744208
21945000 0.000716332
21960000 0.000786591
21975000 0.00075265
21990000 0.000705451
22005000 0.000730422
22020000 0.000741212
22035000 0.000708863
22050000 0.000734502
22065000 0.00074084
22080000 0.000705097
22095000 0.000747919
22110000 0.000779947
22125000 0.000771559
22140000 0.000763558
22155000 0.000723566
22170000 0.000701866
22185000 0.000777592
22200000 0.000733711
22215000 0.000747705
22230000 0.000748787
22245000 0.000742351
22260000 0.000733984
22275000 0.000754867
22290000 0.000732635
22305000 0.000733996
22320000 0.000719878
22335000 0.000729418
22350000 0.000734743
22365000 0.000761288
22380000 0.000723685
22395000 0.000735377
22410000 0.000733158
22425000 0.000750831
22440000 0.000739116
22455000 0.000750065
22470000 0.000753537
22485000 0.00073909
22500000 0.000730883
22515000 0.000706449
22530000 0.000721327
22545000 0.000721565
22560000 0.000748867
22575000 0.000728121
22590000 0.000745845
22605000 0.000716182
22620000 0.000689118
22635000 0.000713967
22650000 0.000704512
22665000 0.000720938
22680000 0.00072918
22695000 0.000718034
22710000 0.000728709
22725000 0.000694554
22740000 0.000720385
22755000 0.000699689
22770000 0.000710451
22785000 0.000743629
22800000 0.000715669
22815000 0.000739785
22830000 0.000750362
22845000 0.000721125
22860000 0.000679538
22875000 0.000725152
22890000 0.000742156
22905000 0.000709714
22920000 0.00069889
22935000 0.000743597
22950000 0.000768606
22965000 0.000702578
22980000 0.000739511
22995000 0.000745848
23010000 0.000722696
23025000 0.000710051
23040000 0.000710006
23055000 0.000722249
23070000 0.000707174
23085000 0.000753652
23100000 0.000728715
23115000 0.000710669
23130000 0.000693283
23145000 0.000719399
23160000 0.000754769
23175000 0.000741133
23190000 0.000727776
23205000 0.000701617
23220000 0.000703336
23235000 0.00072028
23250000 0.000689099
23265000 0.000724989
23280000 0.000739667
23295000 0.000742937
23310000 0.000704051
23325000 0.000704972
23340000 0.000711938
23355000 0.000702783
23370000 0.000740406
23385000 0.000715451
23400000 0.000718084
23415000 0.000716474
23430000 0.000715726
23445000 0.000736661
23460000 0.000692688
23475000 0.000699359
23490000 0.000712361
23505000 0.000756522
23520000 0.000718267
23535000 0.00070451
23550000 0.000687858
23565000 0.000738371
23580000 0.000705224
23595000 0.000725676
23610000 0.000707279
23625000 0.000703475
23640000 0.000686282
23655000 0.000717144
23670000 0.000730817
23685000 0.000718038
23700000 0.000688531
23715000 0.000731165
23730000 0.000713173
23745000 0.000707388
23760000 0.000719084
23775000 0.000723442
23790000 0.000705246
23805000 0.00074759
23820000 0.000718571
23835000 0.00070317
23850000 0.000662511
23865000 0.000684625
23880000 0.000745408
23895000 0.000701235
23910000 0.000714436
23925000 0.000725057
23940000 0.000726377
23955000 0.000708439
23970000 0.000685504
23985000 0.000675876
24000000 0.000679225
24015000 0.000721878
24030000 0.000682416
24045000 0.00070764
24060000 0.00070352
24075000 0.00074905
24090000 0.000713029
24105000 0.000663512
24120000 0.000706888
24135000 0.0007118
24150000 0.0007002
24165000 0.00073034
24180000 0.000722597
24195000 0.000716729
24210000 0.000691931
24225000 0.000701891
24240000 0.00070661
24255000 0.000701975
24270000 0.000741812
24285000 0.000697858
24300000 0.000697602
24315000 0.000752706
24330000 0.000782763
24345000 0.000701851
24360000 0.000671963
24375000 0.000717013
24390000 0.000682959
24405000 0.000699493
24420000 0.000692054
24435000 0.000695793
24450000 0.000692983
24465000 0.000678711
24480000 0.000697212
24495000 0.000683765
24510000 0.000702599
24525000 0.000699263
24540000 0.000722476
24555000 0.000685623
24570000 0.000732466
24585000 0.000673939
24600000 0.000717946
24615000 0.000685568
24630000 0.000704153
24645000 0.000718673
24660000 0.000725872
24675000 0.000671704
24690000 0.000708954
24705000 0.000716854
24720000 0.000707701
24735000 0.000680486
24750000 0.000674306
24765000 0.000695365
24780000 0.000681655
24795000 0.000683062
24810000 0.000696401
24825000 0.000687088
24840000 0.000718718
24855000 0.000715595
24870000 0.000698499
24885000 0.000676673
24900000 0.00073168
24915000 0.000691398
24930000 0.000721472
24945000 0.000686926
24960000 0.00070437
24975000 0.000669845
24990000 0.000659042
25005000 0.000668323
25020000 0.000709421
25035000 0.000667498
25050000 0.000651532
25065000 0.000709162
25080000 0.000706154
25095000 0.000704367
25110000 0.000703612
25125000 0.000682915
25140000 0.00068614
25155000 0.000686528
25170000 0.000697741
25185000 0.000663351
25200000 0.000656197
25215000 0.000698158
25230000 0.000704258
25245000 0.000680373
25260000 0.00067047
25275000 0.000710606
25290000 0.000673641
25305000 0.000706698
25320000 0.000676887
25335000 0.000663007
25350000 0.000709637
25365000 0.000704857
25380000 0.000683793
25395000 0.000694378
25410000 0.000709618
25425000 0.000702985
25440000 0.000675686
25455000 0.000681148
25470000 0.000661324
25485000 0.000687584
25500000 0.000673108
25515000 0.000678693
25530000 0.000688836
25545000 0.000660133
25560000 0.0006878
25575000 0.00065129
25590000 0.000676022
25605000 0.000698751
25620000 0.000657965
25635000 0.000702386
25650000 0.000656388
25665000 0.000645791
25680000 0.000670342
25695000 0.000714215
25710000 0.000689447
25725000 0.000659943
25740000 0.000682708
25755000 0.000686377
25770000 0.000688946
25785000 0.000683481
25800000 0.000703814
25815000 0.000700911
25830000 0.000690621
25845000 0.000654307
25860000 0.000658863
25875000 0.000674718
25890000 0.000686233
25905000 0.000685953
25920000 0.000657161
25935000 0.00065852
25950000 0.000735232
25965000 0.000662054
25980000 0.000670696
25995000 0.000659703
26010000 0.000692423
26025000 0.000679264
26040000 0.000671545
26055000 0.000697092
26070000 0.000689772
26085000 0.000688251
26100000 0.000682941
26115000 0.000707672
26130000 0.000646273
26145000 0.000693415
26160000 0.000670066
26175000 0.000686091
26190000 0.000661373
26205000 0.000684951
26220000 0.000683872
26235000 0.000679018
26250000 0.000672122
26265000 0.000663327
26280000 0.000685399
26295000 0.00064158
26310000 0.000662265
26325000 0.0006267
26340000 0.00062421
26355000 0.000677749
26370000 0.000652141
26385000 0.000670249
26400000 0.000656675
26415000 0.000654091
26430000 0.000643597
26445000 0.000681431
26460000 0.000681015
26475000 0.000675231
26490000 0.000639796
26505000 0.000702564
26520000 0.000661857
26535000 0.000657716
26550000 0.000699892
26565000 0.000705132
26580000 0.000698856
26595000 0.000680164
26610000 0.000675364
26625000 0.000679794
26640000 0.000636244
26655000 0.000685069
26670000 0.000685727
26685000 0.000666303
26700000 0.000692605
26715000 0.000658308
26730000 0.000688464
26745000 0.000663034
26760000 0.000699301
26775000 0.000662149
26790000 0.000690848
26805000 0.000668493
26820000 0.000687852
26835000 0.000660214
26850000 0.000684565
26865000 0.000672533
26880000 0.000658688
26895000 0.000663297
26910000 0.000644974
26925000 0.00070471
26940000 0.000652327
26955000 0.000663492
26970000 0.000685504
26985000 0.000658534
27000000 0.000682417
27015000 0.000647332
27030000 0.000680616
27045000 0.000635736
27060000 0.000667523
27075000 0.000685572
27090000 0.000698733
27105000 0.000653328
27120000 0.00065708
27135000 0.000663963
27150000 0.00067702
27165000 0.000662688
27180000 0.00066279
27195000 0.000666347
27210000 0.000659361
27225000 0.000673433
27240000 0.000676346
27255000 0.000647193
27270000 0.000667725
27285000 0.00068538
27300000 0.000651489
27315000 0.00066973
27330000 0.000650714
27345000 0.000655374
27360000 0.000658733
27375000 0.000657294
27390000 0.000604088
27405000 0.000683287
27420000 0.000644975
27435000 0.000665242
27450000 0.00065632
27465000 0.000652219
27480000 0.000672421
27495000 0.000673604
27510000 0.000648787
27525000 0.000620262
27540000 0.000681416
27555000 0.000655095
27570000 0.000668885
27585000 0.000659047
27600000 0.00064799
27615000 0.000667334
27630000 0.000657107
27645000 0.000677938
27660000 0.00063411
27675000 0.000669725
27690000 0.000674484
27705000 0.000631055
27720000 0.00067359
27735000 0.000646244
27750000 0.000640792
27765000 0.000641386
27780000 0.000646485
27795000 0.000666929
27810000 0.000675699
27825000 0.0006523
27840000 0.000659891
27855000 0.000636086
27870000 0.000620877
27885000 0.000644072
27900000 0.000657261
27915000 0.000659631
27930000 0.000639345
27945000 0.000696665
27960000 0.000665048
27975000 0.000669889
27990000 0.000685214
28005000 0.000637437
28020000 0.000664013
28035000 0.000657888
28050000 0.00064309
28065000 0.000697544
28080000 0.000656458
28095000 0.000683517
28110000 0.000673702
28125000 0.000672247
28140000 0.000678496
28155000 0.000659398
28170000 0.000647612
28185000 0.000649294
28200000 0.000642016
28215000 0.000689528
28230000 0.000691363
28245000 0.000657934
28260000 0.000658098
28275000 0.000647272
28290000 0.000675303
28305000 0.000642712
28320000 0.000672933
28335000 0.000663666
28350000 0.000658715
28365000 0.000640598
28380000 0.000655619
28395000 0.000645047
28410000 0.000627687
28425000 0.000641395
28440000 0.000663879
28455000 0.000652537
28470000 0.000661512
28485000 0.000658759
28500000 0.000630557
28515000 0.000661349
28530000 0.000646004
28545000 0.000664974
28560000 0.000660872
28575000 0.000639084
28590000 0.000649784
28605000 0.000595788
28620000 0.000636244
28635000 0.00066591
28650000 0.00065932
28665000 0.00069374
28680000 0.000661862
28695000 0.000651704
28710000 0.000630857
28725000 0.000615562
28740000 0.000618492
28755000 0.00063954
28770000 0.000642522
28785000 0.000653269
28800000 0.000661809
28815000 0.00064473
28830000 0.000607424
28845000 0.000636788
28860000 0.00065745
28875000 0.000655092
28890000 0.000635615
28905000 0.000648632
28920000 0.000626875
28935000 0.000650505
28950000 0.000642124
28965000 0.000636687
28980000 0.00064986
28995000 0.000634604
29010000 0.000665176
29025000 0.000646285
29040000 0.00066038
29055000 0.000652421
29070000 0.000621337
29085000 0.000637604
29100000 0.000634105
29115000 0.000612638
29130000 0.000668872
29145000 0.000628382
29160000 0.000638748
29175000 0.000667967
29190000 0.000653523
29205000 0.000622397
29220000 0.000640883
29235000 0.000641874
29250000 0.000651329
29265000 0.000641669
29280000 0.000636034
29295000 0.00064077
29310000 0.000637366
29325000 0.000598461
29340000 0.0006415
29355000 0.000633861
29370000 0.000615087
29385000 0.000618527
29400000 0.000620076
29415000 0.000642667
29430000 0.000624959
29445000 0.000635457
29460000 0.000600247
29475000 0.000638785
29490000 0.000589612
29505000 0.000608839
29520000 0.000601773
29535000 0.00058896
29550000 0.000617039
29565000 0.000638818
29580000 0.000618046
29595000 0.000643882
29610000 0.000632096
29625000 0.000669251
29640000 0.000619641
29655000 0.000637562
29670000 0.000638068
29685000 0.000623376
29700000 0.000624487
29715000 0.000605325
29730000 0.000623059
29745000 0.000632857
29760000 0.00060952
29775000 0.000634705
29790000 0.00066396
29805000 0.00062689
29820000 0.000620746
29835000 0.000618714
29850000 0.000635082
29865000 0.000607623
29880000 0.000628234
29895000 0.000629149
29910000 0.000629928
29925000 0.00064167
29940000 0.000638931
29955000 0.000637103
29970000 0.00063628
29985000 0.00061958
30000000 0.000607092
30015000 0.000593598
30030000 0.000618244
30045000 0.000615863
30060000 0.000631791
30075000 0.000588977
30090000 0.000620237
30105000 0.000606758
30120000 0.000648737
30135000 0.000594698
30150000 0.000614571
30165000 0.000603779
30180000 0.000620543
30195000 0.000616284
30210000 0.000664434
30225000 0.000626967
30240000 0.000599739
30255000 0.000643981
30270000 0.000609937
30285000 0.000590344
30300000 0.00063653
30315000 0.000608214
30330000 0.000631259
30345000 0.000604055
30360000 0.000674859
30375000 0.000597657
30390000 0.00062404
30405000 0.000629685
30420000 0.000591724
30435000 0.000611819
30450000 0.000631465
30465000 0.000619974
30480000 0.000624438
30495000 0.000636407
30510000 0.000615161
30525000 0.00061413
30540000 0.00062456
30555000 0.000627227
30570000 0.00063884
30585000 0.000648587
30600000 0.000589038
30615000 0.000612279
30630000 0.000630191
30645000 0.000644264
30660000 0.000625434
30675000 0.000639559
30690000 0.000592992
30705000 0.000604258
30720000 0.000606
30735000 0.000644696
30750000 0.000625996
30765000 0.000614658
30780000 0.00063094
30795000 0.000606537
30810000 0.000591924
30825000 0.000634501
30840000 0.000623393
30855000 0.000612794
30870000 0.000650569
30885000 0.000616293
30900000 0.00060855
30915000 0.000603409
30930000 0.000600577
30945000 0.000630785
30960000 0.000618031
30975000 0.00058922
30990000 0.000621003
31005000 0.000611167
31020000 0.000622437
31035000 0.000610045
31050000 0.000627069
31065000 0.000605519
31080000 0.000623005
31095000 0.000628533
31110000 0.000575929
31125000 0.00061701
31140000 0.000629429
31155000 0.000604567
31170000 0.000600818
31185000 0.000602692
31200000 0.000581359
31215000 0.000585726
31230000 0.000602922
31245000 0.000634382
31260000 0.000578988
31275000 0.000607997
31290000 0.000637054
31305000 0.000601558
31320000 0.000619394
31335000 0.000622296
31350000 0.000584288
31365000 0.000613519
31380000 0.000594364
31395000 0.000634155
31410000 0.000606948
31425000 0.000577685
31440000 0.000620661
31455000 0.000651579
31470000 0.000604259
31485000 0.00060581
31500000 0.000586286
31515000 0.000607715
31530000 0.00061121
31545000 0.00062648
31560000 0.000624093
31575000 0.000630871
31590000 0.000576286
31605000 0.000594282
31620000 0.000597753
31635000 0.000601048
31650000 0.000618696
31665000 0.000627641
31680000 0.00061644
31695000 0.000605023
31710000 0.000628931
31725000 0.000606551
31740000 0.000620003
31755000 0.000623225
31770000 0.000601793
31785000 0.000594229
31800000 0.000592528
31815000 0.000613211
31830000 0.000591273
31845000 0.000620856
31860000 0.000606161
31875000 0.000590875
31890000 0.000602714
31905000 0.000593322
31920000 0.000598845
31935000 0.000625339
31950000 0.00061306
31965000 0.000600362
31980000 0.000621059
31995000 0.00060938
32010000 0.000617281
32025000 0.000626359
32040000 0.00058343
32055000 0.000571337
32070000 0.000613472
32085000 0.000616481
32100000 0.000596483
32115000 0.000614726
32130000 0.000568008
32145000 0.000572623
32160000 0.000596651
32175000 0.000633953
32190000 0.000598445
32205000 0.000578868
32220000 0.000606197
32235000 0.000597648
32250000 0.000596878
32265000 0.000593888
32280000 0.000629633
32295000 0.000581494
32310000 0.00062045
32325000 0.000635504
32340000 0.000572883
32355000 0.000593089
32370000 0.000572701
32385000 0.000593764
32400000 0.000611092
32415000 0.000584117
32430000 0.000589491
32445000 0.000633091
32460000 0.000587952
32475000 0.000576029
32490000 0.000606508
32505000 0.000609526
32520000 0.00060764
32535000 0.00057699
32550000 0.000632244
32565000 0.00061164
32580000 0.000587801
32595000 0.000586397
32610000 0.000621698
32625000 0.000604593
32640000 0.000609514
32655000 0.000600904
32670000 0.000585115
32685000 0.000594142
32700000 0.000551876
32715000 0.000602509
32730000 0.000610521
32745000 0.000595971
32760000 0.000574317
32775000 0.000608274
32790000 0.000615974
32805000 0.000562155
32820000 0.00056338
32835000 0.000604434
32850000 0.000572152
32865000 0.000568925
32880000 0.000612304
32895000 0.000597971
32910000 0.000558668
32925000 0.000604213
32940000 0.000603087
32955000 0.00059496
32970000 0.00059211
32985000 0.000584723
33000000 0.000576267
33015000 0.00060866
33030000 0.000617579
33045000 0.000549283
33060000 0.000569734
33075000 0.000580054
33090000 0.000576901
33105000 0.000595356
33120000 0.000607165
33135000 0.000619245
33150000 0.000606856
33165000 0.000576663
33180000 0.00057727
33195000 0.000598705
33210000 0.00058093
33225000 0.000579869
33240000 0.00058852
33255000 0.000567449
33270000 0.000561284
33285000 0.000596737
33300000 0.000581463
33315000 0.000622724
33330000 0.000594844
33345000 0.000578643
33360000 0.000601078
33375000 0.00058553
33390000 0.000560084
33405000 0.000585353
33420000 0.000587733
33435000 0.000571959
33450000 0.000553613
33465000 0.000600432
33480000 0.000580048
33495000 0.000587575
33510000 0.000581962
33525000 0.000614555
33540000 0.00059998
33555000 0.000582313
33570000 0.000575483
33585000 0.00059075
33600000 0.000567459
33615000 0.000574869
33630000 0.000596297
33645000 0.000614208
33660000 0.000579711
33675000 0.000585557
33690000 0.000626551
33705000 0.000619362
33720000 0.000577592
33735000 0.000567853
33750000 0.000568383
33765000 0.000558424
33780000 0.000540724
33795000 0.000574025
33810000 0.000568953
33825000 0.000572178
33840000 0.000601764
33855000 0.000589363
33870000 0.000604722
33885000 0.000548119
33900000 0.000603035
33915000 0.00055362
33930000 0.000579457
33945000 0.000569847
33960000 0.000537293
33975000 0.000558844
33990000 0.000578741
34005000 0.000584297
34020000 0.000562644
34035000 0.000595372
34050000 0.000579047
34065000 0.00058015
34080000 0.000550682
34095000 0.000555948
34110000 0.000561837
34125000 0.000587149
34140000 0.0005967
34155000 0.000561888
34170000 0.000577069
34185000 0.000584363
34200000 0.000587024
34215000 0.000602817
34230000 0.000581429
34245000 0.000574395
34260000 0.000589955
34275000 0.000555861
34290000 0.000554369
34305000 0.000565466
34320000 0.000579989
34335000 0.000551066
34350000 0.000546638
34365000 0.000569205
34380000 0.000573741
34395000 0.000564181
34410000 0.000551686
34425000 0.000582064
34440000 0.000571894
34455000 0.000574349
34470000 0.00054087
34485000 0.000591512
34500000 0.000586157
34515000 0.00055579
34530000 0.000568059
34545000 0.000566823
34560000 0.00057954
34575000 0.00057757
34590000 0.000563553
34605000 0.000578373
34620000 0.000565986
34635000 0.000558378
34650000 0.000564344
34665000 0.000573845
34680000 0.000548447
34695000 0.00057171
34710000 0.00056005
34725000 0.00061037
34740000 0.000552374
34755000 0.000561337
34770000 0.000573772
34785000 0.000567249
34800000 0.000592617
34815000 0.000537806
34830000 0.000562159
34845000 0.000574959
34860000 0.000545323
34875000 0.00057301
34890000 0.00057477
34905000 0.000575109
34920000 0.000581403
34935000 0.000542829
34950000 0.000594809
34965000 0.00055788
34980000 0.00053596
34995000 0.000551287
35010000 0.000567141
35025000 0.000568028
35040000 0.000593833
35055000 0.00056878
35070000 0.000593554
35085000 0.00054483
35100000 0.000564945
35115000 0.000596274
35130000 0.000574642
35145000 0.000573296
35160000 0.000557103
35175000 0.000555639
35190000 0.000570773
35205000 0.000573095
35220000 0.000576075
35235000 0.000587174
35250000 0.000553054
35265000 0.000541841
35280000 0.000573548
35295000 0.000555492
35310000 0.000584662
35325000 0.000570723
35340000 0.000575276
35355000 0.000537699
35370000 0.000547816
35385000 0.000576124
35400000 0.00055994
35415000 0.000559751
35430000 0.000551243
35445000 0.00055432
35460000 0.000570828
35475000 0.000561146
35490000 0.000572917
35505000 0.000547096
35520000 0.000584525
35535000 0.000556839
35550000 0.000555907
35565000 0.000588308
35580000 0.000535966
35595000 0.000572521
35610000 0.000552742
35625000 0.000552204
35640000 0.000533623
35655000 0.000554932
35670000 0.000543635
35685000 0.000575768
35700000 0.000552788
35715000 0.00057454
35730000 0.000549326
35745000 0.000532898
35760000 0.00054563
35775000 0.000585144
35790000 0.000550676
35805000 0.000553329
35820000 0.000585103
35835000 0.000565836
35850000 0.000580056
35865000 0.000567675
35880000 0.000579666
35895000 0.000573144
35910000 0.000517138
35925000 0.000578275
35940000 0.000570528
35955000 0.000535704
35970000 0.000557935
35985000 0.000562811
36000000 0.000538424
36015000 0.000565758
36030000 0.000558308
36045000 0.000564255
36060000 0.000523395
36075000 0.000549368
36090000 0.000551278
36105000 0.000574422
36120000 0.000566708
36135000 0.000563606
36150000 0.000531562
36165000 0.00054719
36180000 0.000557652
36195000 0.000574355
36210000 0.000553845
36225000 0.000566122
36240000 0.000574547
36255000 0.00053501
36270000 0.0005811
36285000 0.000543233
36300000 0.000561655
36315000 0.000539704
36330000 0.000552117
36345000 0.000568942
36360000 0.000576718
36375000 0.000564531
36390000 0.000545552
36405000 0.000552681
36420000 0.000517452
36435000 0.000540084
36450000 0.000516073
36465000 0.000556006
36480000 0.000549423
36495000 0.00056593
36510000 0.000560247
36525000 0.000548007
36540000 0.000525912
36555000 0.000553679
36570000 0.000548046
36585000 0.000566179
36600000 0.000531581
36615000 0.000541355
36630000 0.000562088
36645000 0.00055132
36660000 0.000568509
36675000 0.000547434
36690000 0.000539326
36705000 0.00054779
36720000 0.000557386
36735000 0.000557633
36750000 0.000561652
36765000 0.000526014
36780000 0.000560994
36795000 0.000558369
36810000 0.000552558
36825000 0.000546555
36840000 0.000528149
36855000 0.000554665
36870000 0.000548274
36885000 0.000564909
36900000 0.000550122
36915000 0.000550392
36930000 0.000539357
36945000 0.000519179
36960000 0.00052079
36975000 0.000541359
36990000 0.000540024
37005000 0.00057257
37020000 0.000550629
37035000 0.000559854
37050000 0.000576465
37065000 0.000544175
37080000 0.000529306
37095000 0.000550468
37110000 0.000538587
37125000 0.000553398
37140000 0.000538197
37155000 0.000527972
37170000 0.000538626
37185000 0.000526154
37200000 0.000547454
37215000 0.00053595
37230000 0.000522727
37245000 0.000537875
37260000 0.000538874
37275000 0.000538794
37290000 0.000546643
37305000 0.000550962
37320000 0.000569129
37335000 0.00054512
37350000 0.00052656
37365000 0.000563845
37380000 0.000540206
37395000 0.000538621
37410000 0.000537815
37425000 0.000558291
37440000 0.000550869
37455000 0.000530378
37470000 0.000522499
37485000 0.000533537
37500000 0.00056427
37515000 0.00056149
37530000 0.000548395
37545000 0.000559016
37560000 0.000531763
37575000 0.00053869
37590000 0.00052156
37605000 0.000524952
37620000 0.000557438
37635000 0.00054246
37650000 0.00055434
37665000 0.000522296
37680000 0.00053673
37695000 0.000527625
37710000 0.000529314
37725000 0.000532928
37740000 0.000541136
37755000 0.000546109
37770000 0.000531678
37785000 0.000506861
37800000 0.00054421
37815000 0.000529672
37830000 0.000544473
37845000 0.000540234
37860000 0.000538813
37875000 0.000519914
37890000 0.000526344
37905000 0.000536252
37920000 0.000512921
37935000 0.00052516
37950000 0.000537237
37965000 0.00051449
37980000 0.00056617
37995000 0.000539698
38010000 0.000533195
38025000 0.000500901
38040000 0.000560914
38055000 0.000532786
38070000 0.000536234
38085000 0.000535633
38100000 0.000562411
38115000 0.000527791
38130000 0.000537825
38145000 0.000545749
38160000 0.000523171
38175000 0.000542425
38190000 0.000533069
38205000 0.000554337
38220000 0.00055255
38235000 0.000504998
38250000 0.000522046
38265000 0.000513405
38280000 0.000530388
38295000 0.000551672
38310000 0.00055019
38325000 0.000523568
38340000 0.000571614
38355000 0.000507137
38370000 0.000533396
38385000 0.000526917
38400000 0.000519466
38415000 0.000498903
38430000 0.000531919
38445000 0.000521938
38460000 0.000526561
38475000 0.000493154
38490000 0.000533918
38505000 0.000546365
38520000 0.00051977
38535000 0.000532066
38550000 0.000526964
38565000 0.000536844
38580000 0.000531998
38595000 0.00051785
38610000 0.000526491
38625000 0.000546102
38640000 0.000516451
38655000 0.000543359
38670000 0.000506099
38685000 0.000533575
38700000 0.000540229
38715000 0.000518721
38730000 0.000495837
38745000 0.000524851
38760000 0.000547609
38775000 0.000521253
38790000 0.000549836
38805000 0.00053285
38820000 0.000539969
38835000 0.000521377
38850000 0.00051826
38865000 0.000523224
38880000 0.000529631
38895000 0.000530832
38910000 0.000531812
38925000 0.000551486
38940000 0.00052795
38955000 0.00054884
38970000 0.000526052
38985000 0.000513591
39000000 0.000519763
39015000 0.000509649
39030000 0.000515989
39045000 0.000513293
39060000 0.000515275
39075000 0.000542179
39090000 0.000532509
39105000 0.000533983
39120000 0.000499289
39135000 0.000536587
39150000 0.00053365
39165000 0.000541644
39180000 0.000529484
39195000 0.000503663
39210000 0.000540955
39225000 0.000541699
39240000 0.000513963
39255000 0.000533713
39270000 0.00053138
39285000 0.000498261
39300000 0.000502576
39315000 0.000537097
39330000 0.000510798
39345000 0.000530264
39360000 0.000505663
39375000 0.000549855
39390000 0.000515367
39405000 0.00052803
39420000 0.000527618
39435000 0.000522527
39450000 0.000552189
39465000 0.000517502
39480000 0.000547459
39495000 0.00050958
39510000 0.000527273
39525000 0.000516272
39540000 0.000510786
39555000 0.000548174
39570000 0.000541793
39585000 0.000546913
39600000 0.000537537
39615000 0.000517799
39630000 0.000547557
39645000 0.000521015
39660000 0.000512526
39675000 0.000513863
39690000 0.000537211
39705000 0.000536759
39720000 0.000514603
39735000 0.000520046
39750000 0.000488813
39765000 0.00051837
39780000 0.000522075
39795000 0.000517537
39810000 0.000511768
39825000 0.000470761
39840000 0.000521211
39855000 0.000539102
39870000 0.000507631
39885000 0.000540296
39900000 0.000498257
39915000 0.000518003
39930000 0.0005073
39945000 0.000497839
39960000 0.000522919
39975000 0.000517853
39990000 0.00052713
40005000 0.000488566
40020000 0.000523664
40035000 0.000511715
40050000 0.000539422
40065000 0.000519145
40080000 0.000502995
40095000 0.000497127
40110000 0.000536199
40125000 0.000516169
40140000 0.000507695
40155000 0.000506972
40170000 0.000500719
40185000 0.000494769
40200000 0.000531743
40215000 0.000499452
40230000 0.000516068
40245000 0.000543925
40260000 0.000524133
40275000 0.000516393
40290000 0.00051892
40305000 0.000488286
40320000 0.000517476
40335000 0.000504704
40350000 0.000520443
40365000 0.000525504
40380000 0.000494319
40395000 0.000529928
40410000 0.000523173
40425000 0.000497506
40440000 0.000520665
40455000 0.000489341
40470000 0.000500891
40485000 0.000502452
40500000 0.000523476
40515000 0.000517187
40530000 0.000524914
40545000 0.000508952
40560000 0.000497838
40575000 0.000524791
40590000 0.000509736
40605000 0.000515507
40620000 0.000517878
40635000 0.000482581
40650000 0.000502589
40665000 0.000510412
40680000 0.000518818
40695000 0.000518231
40710000 0.00052388
40725000 0.000512387
40740000 0.000499063
40755000 0.00053148
40770000 0.000504573
40785000 0.000511506
40800000 0.000527894
40815000 0.000530896
40830000 0.000474297
40845000 0.000514976
40860000 0.00052138
40875000 0.000501472
40890000 0.000525229
40905000 0.000496609
40920000 0.000510878
40935000 0.000513951
40950000 0.000505275
40965000 0.000513676
40980000 0.000497093
40995000 0.000497874
41010000 0.000506899
41025000 0.000533722
41040000 0.000483258
41055000 0.000510404
41070000 0.000516201
41085000 0.000501879
41100000 0.00053571
41115000 0.000513571
41130000 0.000489122
41145000 0.000527573
41160000 0.000489147
41175000 0.0005185
41190000 0.000482869
41205000 0.000486613
41220000 0.000509954
41235000 0.000521688
41250000 0.000507313
41265000 0.000500276
41280000 0.000509962
41295000 0.000511997
41310000 0.000510204
41325000 0.000534763
41340000 0.000506087
41355000 0.000512222
41370000 0.000516496
41385000 0.000513419
41400000 0.000503293
41415000 0.000528484
41430000 0.000500475
41445000 0.000510591
41460000 0.000481607
41475000 0.000488719
41490000 0.000497147
41505000 0.000497046
41520000 0.000492922
41535000 0.000514141
41550000 0.000500515
41565000 0.000490813
41580000 0.000521558
41595000 0.000501648
41610000 0.000531192
41625000 0.000518422
41640000 0.000506312
41655000 0.000500775
41670000 0.000502418
41685000 0.000490495
41700000 0.000491521
41715000 0.000523559
41730000 0.000508327
41745000 0.000515921
41760000 0.000489945
41775000 0.000496913
41790000 0.000493614
41805000 0.000489386
41820000 0.000494636
41835000 0.000522927
41850000 0.000476855
41865000 0.000496914
41880000 0.000508973
41895000 0.000502209
41910000 0.000500304
41925000 0.000509121
41940000 0.000521259
41955000 0.000493305
41970000 0.00049861
41985000 0.0005124
42000000 0.000495935
42015000 0.000494196
42030000 0.000496595
42045000 0.000507802
42060000 0.000501066
42075000 0.00051042
42090000 0.000499262
42105000 0.000493622
42120000 0.000486346
42135000 0.000496194
42150000 0.000497416
42165000 0.000520878
42180000 0.00050676
42195000 0.000519752
42210000 0.000478084
42225000 0.000497182
42240000 0.00050951
42255000 0.00048385
42270000 0.00051337
42285000 0.000520975
42300000 0.000508566
42315000 0.000517366
42330000 0.000533417
42345000 0.000496031
42360000 0.000490141
42375000 0.000508525
42390000 0.000478433
42405000 0.000515288
42420000 0.000533523
42435000 0.000498453
42450000 0.000507085
42465000 0.000507946
42480000 0.00051918
42495000 0.000490464
42510000 0.000502945
42525000 0.000494143
42540000 0.000495147
42555000 0.000470799
42570000 0.000497307
42585000 0.000491658
42600000 0.000484244
42615000 0.00047864
42630000 0.000502471
42645000 0.000500737
42660000 0.000511062
42675000 0.000507966
42690000 0.000483144
42705000 0.000521453
42720000 0.000469371
42735000 0.000498478
42750000 0.000514955
42765000 0.000510632
42780000 0.000526454
42795000 0.000502587
42810000 0.000491311
42825000 0.000497862
42840000 0.000515888
42855000 0.000513866
42870000 0.000484581
42885000 0.000509556
42900000 0.000496284
42915000 0.000467338
42930000 0.000491146
42945000 0.000493501
42960000 0.000490849
42975000 0.000494837
42990000 0.000497557
43005000 0.000500509
43020000 0.000488126
43035000 0.000476309
43050000 0.000499862
43065000 0.00047975
43080000 0.000513695
43095000 0.00049553
43110000 0.000482068
43125000 0.000497159
43140000 0.000496331
43155000 0.000521858
43170000 0.000480491
43185000 0.000484753
43200000 0.000492187
43215000 0.000513336
43230000 0.000484386
43245000 0.000524144
43260000 0.000504037
43275000 0.000516525
43290000 0.00051142
43305000 0.000496181
43320000 0.000478282
43335000 0.000484997
43350000 0.000472999
43365000 0.000502486
43380000 0.000484648
43395000 0.000494221
43410000 0.000500178
43425000 0.000507743
43440000 0.000482233
43455000 0.000496303
43470000 0.000479238
43485000 0.000520272
43500000 0.000494087
43515000 0.000489616
43530000 0.000470084
43545000 0.000496105
43560000 0.000500018
43575000 0.000492157
43590000 0.000486824
43605000 0.000503634
43620000 0.000499652
43635000 0.000502302
43650000 0.000522079
43665000 0.0004941
43680000 0.000474121
43695000 0.000477805
43710000 0.000494755
43725000 0.000503818
43740000 0.000492769
43755000 0.000516344
43770000 0.000499032
43785000 0.000501413
43800000 0.000470099
43815000 0.000469089
43830000 0.000503389
43845000 0.000507737
43860000 0.000508369
43875000 0.000472501
43890000 0.00049995
43905000 0.000480794
43920000 0.000502271
43935000 0.000469367
43950000 0.000476655
43965000 0.000488386
43980000 0.000489347
43995000 0.000483295
44010000 0.000487411
44025000 0.000485447
44040000 0.000482061
44055000 0.000482163
44070000 0.000473802
44085000 0.000487491
44100000 0.000488145
44115000 0.00050347
44130000 0.000476418
44145000 0.000485174
44160000 0.00048035
44175000 0.00047927
44190000 0.000479204
44205000 0.000502329
44220000 0.000490284
44235000 0.000477246
44250000 0.000481266
44265000 0.000476486
44280000 0.000492696
44295000 0.000476843
44310000 0.000491558
44325000 0.00048578
44340000 0.000509313
44355000 0.000481041
44370000 0.000462587
44385000 0.000487808
44400000 0.000473953
44415000 0.000483857
44430000 0.000504048
44445000 0.000456886
44460000 0.000472274
44475000 0.000461778
44490000 0.00047397
44505000 0.000470206
44520000 0.000463763
44535000 0.000477454
44550000 0.000476549
44565000 0.000470988
44580000 0.00049419
44595000 0.00048475
44610000 0.000504987
44625000 0.000489063
44640000 0.000481705
44655000 0.000476523
44670000 0.000493449
44685000 0.000492306
44700000 0.000484735
44715000 0.000488882
44730000 0.000474229
44745000 0.00048785
44760000 0.000467817
44775000 0.00047816
44790000 0.000472845
44805000 0.000478927
44820000 0.000480856
44835000 0.000479305
44850000 0.00047851
44865000 0.000483058
44880000 0.00049172
44895000 0.000489353
44910000 0.000473884
44925000 0.000479989
44940000 0.000462917
44955000 0.000460719
44970000 0.000478032
44985000 0.000493132
45000000 0.000467472
45015000 0.000487594
45030000 0.000499337
45045000 0.00048772
45060000 0.000490009
45075000 0.000495263
45090000 0.000505348
45105000 0.000481192
45120000 0.000464059
45135000 0.000488413
45150000 0.0004795
45165000 0.00051307
45180000 0.000497487
45195000 0.000475785
45210000 0.000480077
45225000 0.000465927
45240000 0.000472835
45255000 0.000475817
45270000 0.000460301
45285000 0.000480612
45300000 0.0004638
45315000 0.0004705
45330000 0.000456036
45345000 0.00047796
45360000 0.000483285
45375000 0.000489917
45390000 0.00048476
45405000 0.000485265
45420000 0.000457756
45435000 0.000476239
45450000 0.00048666
45465000 0.00048927
45480000 0.000471906
45495000 0.000483544
45510000 0.000477531
45525000 0.000452274
45540000 0.000461491
45555000 0.000467773
45570000 0.00045531
45585000 0.000468169
45600000 0.000471015
45615000 0.000437271
45630000 0.000484521
45645000 0.000459855
45660000 0.00046138
45675000 0.000486109
45690000 0.00044343
45705000 0.000457867
45720000 0.000476817
45735000 0.000465201
45750000 0.000467835
45765000 0.000477575
45780000 0.000474022
45795000 0.000463523
45810000 0.00045508
45825000 0.000454376
45840000 0.000455624
45855000 0.000473778
45870000 0.000473633
45885000 0.000480744
45900000 0.000484567
45915000 0.000476169
45930000 0.000479866
45945000 0.000469154
45960000 0.000456953
45975000 0.000443352
45990000 0.000445451
46005000 0.000470301
46020000 0.000454994
46035000 0.000462245
46050000 0.000473897
46065000 0.000489864
46080000 0.000473117
46095000 0.000470423
46110000 0.00046704
46125000 0.000478789
46140000 0.000500425
46155000 0.000490053
46170000 0.000480486
46185000 0.000469893
46200000 0.000500767
46215000 0.000463734
46230000 0.000454663
46245000 0.000481742
46260000 0.00046056
46275000 0.000482579
46290000 0.000462218
46305000 0.00047538
46320000 0.000446849
46335000 0.000469759
46350000 0.000469104
46365000 0.000474073
46380000 0.000491704
46395000 0.000482912
46410000 0.000472985
46425000 0.000458355
46440000 0.000478069
46455000 0.000460377
46470000 0.000483759
46485000 0.000464085
46500000 0.000477562
46515000 0.000462694
46530000 0.00045918
46545000 0.000464003
46560000 0.000454263
46575000 0.000473884
46590000 0.000468964
46605000 0.000454933
46620000 0.000479913
46635000 0.00047382
46650000 0.000461459
46665000 0.000467972
46680000 0.000441112
46695000 0.000470321
46710000 0.000469179
46725000 0.000476703
46740000 0.000470518
46755000 0.000449691
46770000 0.000463164
46785000 0.000461024
46800000 0.000471576
46815000 0.000449864
46830000 0.000448622
46845000 0.00046955
46860000 0.000474589
46875000 0.000441464
46890000 0.000470313
46905000 0.000450004
46920000 0.000447835
46935000 0.00046381
46950000 0.000457839
46965000 0.00045629
46980000 0.000478661
46995000 0.000482559
47010000 0.000459431
47025000 0.000466246
47040000 0.000478611
47055000 0.000446352
47070000 0.000462592
47085000 0.00044098
47100000 0.000469302
47115000 0.00047379
47130000 0.000467445
47145000 0.000462535
47160000 0.000469731
47175000 0.00045362
47190000 0.0004505
47205000 0.000474342
47220000 0.000482486
47235000 0.00047502
47250000 0.000464689
47265000 0.000454558
47280000 0.000470515
47295000 0.000453972
47310000 0.000458073
47325000 0.000489482
47340000 0.000445353
47355000 0.000454966
47370000 0.000465647
47385000 0.000441656
47400000 0.000463966
47415000 0.000462971
47430000 0.000453675
47445000 0.000450381
47460000 0.00046307
47475000 0.000452656
47490000 0.00045809
47505000 0.000444285
47520000 0.000456021
47535000 0.000453393
47550000 0.000443477
47565000 0.000468762
47580000 0.000463283
47595000 0.000474505
47610000 0.00046879
47625000 0.000465604
47640000 0.000454629
47655000 0.000480701
47670000 0.000421936
47685000 0.000447692
47700000 0.000460088
47715000 0.00047087
47730000 0.000461244
47745000 0.000447838
47760000 0.000466152
47775000 0.000452829
47790000 0.000440512
47805000 0.000464163
47820000 0.000461973
47835000 0.000474267
47850000 0.000438637
47865000 0.000477275
47880000 0.000454639
47895000 0.000470342
47910000 0.000464184
47925000 0.000441588
47940000 0.000473858
47955000 0.000460524
47970000 0.000453647
47985000 0.000447116
48000000 0.000435294
48015000 0.000443866
48030000 0.000431238
48045000 0.00046117
48060000 0.00047063
48075000 0.000448631
48090000 0.000458233
48105000 0.000457487
48120000 0.000434193
48135000 0.000464757
48150000 0.000457639
48165000 0.000444224
48180000 0.000475217
48195000 0.00046302
48210000 0.000429251
48225000 0.000443739
48240000 0.000472329
48255000 0.000445868
48270000 0.000437259
48285000 0.000441232
48300000 0.000452843
48315000 0.000472855
48330000 0.000445302
48345000 0.00045722
48360000 0.000460208
48375000 0.000439861
48390000 0.000459781
48405000 0.000440303
48420000 0.000437115
48435000 0.000437212
48450000 0.000464432
48465000 0.000460521
48480000 0.000462476
48495000 0.000435052
48510000 0.000453943
48525000 0.000454174
48540000 0.000437194
48555000 0.000437169
48570000 0.000432009
48585000 0.000448845
48600000 0.000433255
48615000 0.000461356
48630000 0.000446215
48645000 0.000451602
48660000 0.000465251
48675000 0.000452666
48690000 0.000442115
48705000 0.000451073
48720000 0.000435503
48735000 0.000456045
48750000 0.000444502
48765000 0.000442974
48780000 0.000456177
48795000 0.000482796
48810000 0.000433138
48825000 0.000449406
48840000 0.000448245
48855000 0.00044987
48870000 0.000459417
48885000 0.000433111
48900000 0.000440792
48915000 0.000447707
48930000 0.000452394
48945000 0.000437695
48960000 0.000444838
48975000 0.000455696
48990000 0.00043888
49005000 0.000466312
49020000 0.000452153
49035000 0.00043633
49050000 0.000469847
49065000 0.000453825
49080000 0.000447031
49095000 0.000484496
49110000 0.000436105
49125000 0.000415305
49140000 0.000466473
49155000 0.00044753
49170000 0.000409748
49185000 0.000470912
49200000 0.000462236
49215000 0.000446599
49230000 0.000462923
49245000 0.00043473
49260000 0.000450137
49275000 0.000426646
49290000 0.00043776
49305000 0.000438692
49320000 0.000424781
49335000 0.000437099
49350000 0.000460527
49365000 0.000452606
49380000 0.000446103
49395000 0.000447325
49410000 0.000450371
49425000 0.000433143
49440000 0.000441886
49455000 0.000438247
49470000 0.000459866
49485000 0.000434975
49500000 0.000455136
49515000 0.000457878
49530000 0.000456483
49545000 0.000450766
49560000 0.000440271
49575000 0.000446892
49590000 0.000430213
49605000 0.000423913
49620000 0.000430213
49635000 0.000415731
49650000 0.000457452
49665000 0.00042207
49680000 0.000435772
49695000 0.000462207
49710000 0.000431423
49725000 0.000446592
49740000 0.000452288
49755000 0.000443383
49770000 0.000451224
49785000 0.000413416
49800000 0.000444352
49815000 0.000426932
49830000 0.00045395
49845000 0.000450612
49860000 0.000447269
49875000 0.000452013
49890000 0.000438234
49905000 0.000475568
49920000 0.00044781
49935000 0.000462951
49950000 0.000431085
49965000 0.000437096
49980000 0.000431476
