1.0 0.1533560326361599
2.0 0.18893015876703997
3.0 0.20958919868735998
4.0 0.22607412390607995
5.0 0.24123742326016004
6.0 0.25595044274048007
7.0 0.27069469984943995
8.0 0.28581193049616
9.0 0.30129858204864
10.0 0.3173165788676801
11.0 0.33391374258096
12.0 0.3510936331328
13.0 0.36896869546576
14.0 0.38747154206047985
15.0 0.40666785032319985
16.0 0.4265207996003199
17.0 0.44701166142720006
18.0 0.46809687213152024
19.0 0.48987210941167997
20.0 0.5124140381416
21.0 0.5355662345644798
22.0 0.5594165228345601
23.0 0.58387651121728
24.0 0.609029615072
25.0 0.6348274014228803
26.0 0.66142685731968
27.0 0.6885874099968003
28.0 0.7164714272568001
29.0 0.7449200344073599
30.0 0.7740832982116801
31.0 0.8039313660696001
32.0 0.8344689640463997
33.0 0.8657389735379202
34.0 0.8976229435611197
35.0 0.9301832702059203
36.0 0.96333701897808
37.0 0.9972193414924801
38.0 1.03175719683504
39.0 1.06696435333456
40.0 1.10280462600544
41.0 1.13928733194752
42.0 1.1764287125076798
43.0 1.2142936967100797
44.0 1.25282779825584
45.0 1.2919119758611197
46.0 1.3318052772351998
47.0 1.3722207831817599
48.0 1.4133645063305598
49.0 1.45520218763008
50.0 1.4977060387449592
51.0 1.5409261429904002
52.0 1.58485207500912
53.0 1.6293443022475205
54.0 1.6745974127580798
55.0 1.7204564225257595
56.0 1.766962797786401
57.0 1.8140870354384
58.0 1.861895033630559
59.0 1.9103864023982404
60.0 1.9594942555193604
61.0 2.009388443900961
62.0 2.0598189275830405
63.0 2.1109265547068787
64.0 2.16274444101328
65.0 2.2151614395526398
66.0 2.2682129894161602
67.0 2.3219267629236806
68.0 2.3762585749329594
69.0 2.4312726582743998
70.0 2.4869663366616015
71.0 2.5432772433863993
72.0 2.6002339599081603
73.0 2.6579078367553612
74.0 2.71629013171408
75.0 2.7752504675543994
76.0 2.834864498219839
77.0 2.895202729816959
78.0 2.956095759595201
79.0 3.01767610361456
80.0 3.080002735787361
81.0 3.1429858090012806
82.0 3.20653390249952
83.0 3.2707162169718407
84.0 3.3356628785716795
85.0 3.4011951191254406
86.0 3.4673255850979188
87.0 3.5341789079016004
88.0 3.6015684541932793
89.0 3.66969211109872
90.0 3.738404742315681
91.0 3.807656184820638
92.0 3.87768221623744
93.0 3.948397874196002
94.0 4.019726563263521
95.0 4.091670451464961
96.0 4.1641757750500785
97.0 4.237442211552802
98.0 4.31136309707888
99.0 4.38599479538736
100.0 4.461180870880319
101.0 4.537031303725919
102.0 4.61359124038224
103.0 4.690799799814399
104.0 4.7686207099536
105.0 4.847002952407359
106.0 4.9260411708945595
107.0 5.005667072775199
108.0 5.08592328340624
109.0 5.166924330384803
110.0 5.248540536461759
111.0 5.330748150818721
112.0 5.413540791159841
113.0 5.49705845591344
114.0 5.58117677003888
115.0 5.665916118605437
116.0 5.7513629873448
117.0 5.837357782598401
118.0 5.924103299568001
119.0 6.01146678135296
120.0 6.09954693906144
121.0 6.188211139215679
122.0 6.27755903509888
123.0 6.36756079926096
124.0 6.458163303810397
125.0 6.549442687257918
126.0 6.64135816737024
127.0 6.733872232120801
128.0 6.827009864031039
129.0 6.9208451969958436
130.0 7.015239391592959
131.0 7.110288762956641
132.0 7.205915543819522
133.0 7.3022464125124795
134.0 7.399254147903679
135.0 7.496866796474082
136.0 7.595097354522878
137.0 7.693931168699999
138.0 7.793409712479841
139.0 7.893562696505922
140.0 7.994318359387043
141.0 8.09571014582224
142.0 8.197718058788162
143.0 8.300387416914878
144.0 8.403719566191358
145.0 8.507663433355038
146.0 8.612149557178398
147.0 8.717335481179521
148.0 8.82312826584544
149.0 8.929488819021437
150.0 9.036574988180002
151.0 9.144242228635683
152.0 9.252448168997281
153.0 9.361354967038721
154.0 9.47088177933504
155.0 9.580965087045438
156.0 9.691695002099994
157.0 9.803000597890557
158.0 9.914943750316954
159.0 10.027603749943527
160.0 10.140891863340318
161.0 10.254824744630717
162.0 10.369305917486558
163.0 10.484521736975681
164.0 10.60033867613952
165.0 10.716693463379361
166.0 10.833736561228964
167.0 10.951388818666242
168.0 11.069602089275842
169.0 11.188472812216476
170.0 11.3080457031728
171.0 11.428166055579197
172.0 11.548752590448
173.0 11.670169741044798
174.0 11.792131243368003
175.0 11.914710825169598
176.0 12.0380038548256
177.0 12.161799101830404
178.0 12.2863022031312
179.0 12.411468404380797
180.0 12.5372050623856
181.0 12.663545901507195
182.0 12.790544008100806
183.0 12.9181413061776
184.0 13.046390357039993
185.0 13.175259275587198
186.0 13.304697818372796
187.0 13.434786303288003
188.0 13.5654205408272
189.0 13.696729979604793
190.0 13.828656181969603
191.0 13.961084457883198
192.0 14.094121496118396
193.0 14.227770262344006
194.0 14.361994198369604
195.0 14.496896121164804
196.0 14.632393313241597
197.0 14.7685293562128
198.0 14.905223517174397
199.0 15.042567723664003
200.0 15.180457189297599
201.0 15.319057289953596
202.0 15.458191017572798
203.0 15.598150092863994
204.0 15.738616414371212
205.0 15.8797683295072
206.0 16.021511812024
207.0 16.163835194225605
208.0 16.3067447294592
209.0 16.450290123329605
210.0 16.594380724169596
211.0 16.739224121888
212.0 16.8846494733664
213.0 17.0306244074352
214.0 17.1772421316288
215.0 17.3245376333904
216.0 17.47238630341119
217.0 17.62085425213121
218.0 17.7700094008976
219.0 17.919780089755207
220.0 18.0701393195152
221.0 18.22111012135681
222.0 18.372670770673597
223.0 18.5248799542144
224.0 18.67769709436
225.0 18.831071068059185
226.0 18.9850562413536
227.0 19.139561300187204
228.0 19.294719930454395
229.0 19.450507925156806
230.0 19.606956830569594
231.0 19.763921848055993
232.0 19.921523371526405
233.0 20.079734619572797
234.0 20.2385632923184
235.0 20.397992500537608
236.0 20.558017965329597
237.0 20.718694260036806
238.0 20.880003385371204
239.0 21.04184260038721
240.0 21.204256171440008
241.0 21.367289778542403
242.0 21.530970744926396
243.0 21.695268290691207
244.0 21.860169686195196
245.0 22.02560055716638
246.0 22.191661606292804
247.0 22.358300380134395
248.0 22.5255233752272
249.0 22.693399195148807
250.0 22.861902160731198
251.0 23.030997095307193
252.0 23.2006575704192
253.0 23.37098563680641
254.0 23.541801695401595
255.0 23.713357560187198
256.0 23.885454823451205
257.0 24.058235539873596
258.0 24.231592875220795
259.0 24.405614812036802
260.0 24.580182524403206
261.0 24.755412404740806
262.0 24.93130054748799
263.0 25.1077571934864
264.0 25.284863518616014
265.0 25.462538048884795
266.0 25.640748985880002
267.0 25.819625757886392
268.0 25.9990202786432
269.0 26.178978825355205
270.0 26.3595295809824
271.0 26.54068649894241
272.0 26.722440163087988
273.0 26.904892036128
274.0 27.087955083364797
275.0 27.2714978281328
276.0 27.4557302762912
277.0 27.640613179023994
278.0 27.82603806096001
279.0 28.01199228410879
280.0 28.198540441315192
281.0 28.38579559185921
282.0 28.573600448191996
283.0 28.761989744364804
284.0 28.9509790752624
285.0 29.14063029033599
286.0 29.330796381024005
287.0 29.521626813166392
288.0 29.713148378348798
289.0 29.9051829120224
290.0 30.09791040149121
291.0 30.29130226641761
292.0 30.485230096319988
293.0 30.6797428995584
294.0 30.8748830242048
295.0 31.070639032449606
296.0 31.26695854683202
297.0 31.46383128896802
298.0 31.66135876312641
299.0 31.85943931746881
300.0 32.0581663039472
301.0 32.2575167347136
302.0 32.45742428302238
303.0 32.657933096887994
304.0 32.859078644300816
305.0 33.0607036698912
306.0 33.262878793220814
307.0 33.4657486806896
308.0 33.66915090742079
309.0 33.873166795246405
310.0 34.07770618184641
311.0 34.2829272782592
312.0 34.488613188768
313.0 34.69488829946398
314.0 34.90182355504801
315.0 35.10931224314401
316.0 35.317425328687996
317.0 35.526037296048
318.0 35.7352916111392
319.0 35.9451353871648
320.0 36.15552514886399
321.0 36.366568800072
322.0 36.57814640188321
323.0 36.790406901955194
324.0 37.00324749168159
325.0 37.21670498214078
326.0 37.43068214003041
327.0 37.64530853577279
328.0 37.86047129543201
329.0 38.076226921796795
330.0 38.292605197542386
331.0 38.50956456487838
332.0 38.72696303103361
333.0 38.94508844452482
334.0 39.16371714710238
335.0 39.383011363407995
336.0 39.6029018315504
337.0 39.8233363942144
338.0 40.044287523292816
339.0 40.26587057409122
340.0 40.487968356499195
341.0 40.71067197880478
342.0 40.933906281083196
343.0 41.15785301551842
344.0 41.38236975380321
345.0 41.607433841662406
346.0 41.83314536591999
347.0 42.059454767713596
348.0 42.286426155603195
349.0 42.513991546558415
350.0 42.7421037016656
351.0 42.97089623104321
352.0 43.20021420074239
353.0 43.43006769837601
354.0 43.66050178117599
355.0 43.891555966700786
356.0 44.12308468009441
357.0 44.355223892158406
358.0 44.58797492307198
359.0 44.82132962948001
360.0 45.0552497970768
361.0 45.28976292378401
362.0 45.52488226152159
363.0 45.76055867869601
364.0 45.99697326565121
365.0 46.23381235465439
366.0 46.47127505857439
367.0 46.70933568694879
368.0 46.947989380787185
369.0 47.18730238039841
370.0 47.42713575965918
371.0 47.6675414504784
372.0 47.90847344432641
373.0 48.15012269756481
374.0 48.39223568675839
375.0 48.634992782206396
376.0 48.878266362683206
377.0 49.1221379605296
378.0 49.366590325159976
379.0 49.61162640883677
380.0 49.85718895513595
381.0 50.103337092854375
382.0 50.350076189222406
383.0 50.59740474743681
384.0 50.84523312977597
385.0 51.09355477273761
386.0 51.342584598620796
387.0 51.592127051563224
388.0 51.84218889341279
389.0 52.092860998633604
390.0 52.344032681532816
391.0 52.5958810418288
392.0 52.84828457983521
393.0 53.10119811544644
394.0 53.35472836278721
395.0 53.60892518842079
396.0 53.8636343693424
397.0 54.11884321274722
398.0 54.37464708666397
399.0 54.6310539619472
400.0 54.88803027551842
401.0 55.14557769303201
402.0 55.40377146104159
403.0 55.66252913313921
404.0 55.921892835720016
405.0 56.18182438082721
406.0 56.44244709496801
407.0 56.70346131399519
408.0 56.9651461792256
409.0 57.22738031430242
410.0 57.490024865140796
411.0 57.753265805704004
412.0 58.017235933097595
413.0 58.2816469000928
414.0 58.546682233630385
415.0 58.812243722739176
416.0 59.07831048022079
417.0 59.345084012683174
418.0 59.612345667172804
419.0 59.880211188998445
420.0 60.148616939456
421.0 60.4176087849072
422.0 60.68717245200637
423.0 60.957248040129606
424.0 61.22792224360478
425.0 61.49927226745119
426.0 61.771096274356786
427.0 62.04357641566082
428.0 62.3166094670864
429.0 62.59029841385281
430.0 62.86444939348638
431.0 63.13926201943517
432.0 63.41463903412803
433.0 63.690646044568005
434.0 63.96717433958719
435.0 64.24416252836804
436.0 64.5217090776288
437.0 64.79985268945438
438.0 65.07871425790879
439.0 65.35812640568
440.0 65.63815066088002
441.0 65.91870827636957
442.0 66.1997490759152
443.0 66.48145354763999
444.0 66.76371826460635
445.0 67.046624100888
446.0 67.32994705032165
447.0 67.6138975298928
448.0 67.89837893415367
449.0 68.18347586310239
450.0 68.4691929196224
451.0 68.7554765274432
452.0 69.04227680461436
453.0 69.32958985440642
454.0 69.617513205488
455.0 69.90605820780799
456.0 70.19520972164801
457.0 70.4849545089584
458.0 70.77522096283364
459.0 71.06607723505277
460.0 71.35746065052959
461.0 71.64949307047522
462.0 71.94202962536318
463.0 72.23520283990717
464.0 72.52889746912642
465.0 72.82319807170079
466.0 73.11818313503366
467.0 73.41369279655999
468.0 73.70983608135201
469.0 74.0064670793488
470.0 74.30365300266563
471.0 74.60138602066237
472.0 74.89965741772157
473.0 75.19855502966875
474.0 75.49801181342718
475.0 75.79804168132321
476.0 76.09872161991525
477.0 76.399790908672
478.0 76.70150647116162
479.0 77.00377157817923
480.0 77.30661059166562
481.0 77.60990565511038
482.0 77.91386760028163
483.0 78.21836550420481
484.0 78.5233531242064
485.0 78.8288907868192
486.0 79.13491416512798
487.0 79.4415623200816
488.0 79.7488051549648
489.0 80.0567600888256
490.0 80.36522131544157
491.0 80.67413451744002
492.0 80.98369813031039
493.0 81.29377034277603
494.0 81.60436453262878
495.0 81.91555968943197
496.0 82.22729454139355
497.0 82.53964433057601
498.0 82.85245712920803
499.0 83.16590907704956
500.0 83.47991499468642
501.0 83.79447393852801
502.0 84.10953942445282
503.0 84.42522373157438
504.0 84.74143325570242
505.0 85.05830588575681
506.0 85.375775622016
507.0 85.693748694464
508.0 86.0123514741392
509.0 86.33148210779197
510.0 86.65121048735357
511.0 86.97154750155042
512.0 87.29247700658884
513.0 87.61393354517445
514.0 87.93587261205758
515.0 88.25842657867835
516.0 88.58149364455676
517.0 88.90523454901123
518.0 89.2295433196992
519.0 89.55438632053603
520.0 89.87983662558078
521.0 90.20585919367679
522.0 90.53246359053281
523.0 90.8595755191088
524.0 91.18727218390885
525.0 91.51551404416965
526.0 91.84440268002237
527.0 92.17371115954879
528.0 92.50372964928319
529.0 92.8343544340544
530.0 93.16556181755675
531.0 93.49723481369918
532.0 93.82954712276798
533.0 94.16233753790881
534.0 94.49576056149124
535.0 94.82970512206562
536.0 95.16425454687842
537.0 95.49933479667042
538.0 95.83501518927838
539.0 96.17128304480154
540.0 96.50818018532479
541.0 96.84562191004642
542.0 97.18367001221601
543.0 97.52222300523519
544.0 97.861425828304
545.0 98.20116729320964
546.0 98.54149399492641
547.0 98.88233064306716
548.0 99.22374729003678
549.0 99.56561598958561
550.0 99.9081335560512
551.0 100.25129539359038
552.0 100.59498576338402
553.0 100.93913459887361
554.0 101.28390134809119
555.0 101.62937070792643
556.0 101.9753636884528
557.0 102.3218986538368
558.0 102.66901259357921
559.0 103.01674774010239
560.0 103.36495400126242
561.0 103.71376070047518
562.0 104.0631196741488
563.0 104.41305147839678
564.0 104.76355534823196
565.0 105.11459770778715
566.0 105.46625108273118
567.0 105.81848573177597
568.0 106.17128374316326
569.0 106.52461566824635
570.0 106.87864695932004
571.0 107.23328411681598
572.0 107.58851283114556
573.0 107.94431023453917
574.0 108.30061461217599
575.0 108.65745868972802
576.0 109.01490514451515
577.0 109.37290303039681
578.0 109.73144838360959
579.0 110.09051491333439
580.0 110.45013847795678
581.0 110.81037651987678
582.0 111.17126428919839
583.0 111.5327144684992
584.0 111.89468070431363
585.0 112.25720600817756
586.0 112.6203270306736
587.0 112.9840262938864
588.0 113.34835923752003
589.0 113.71323422877276
590.0 114.0787459123728
591.0 114.44464043931842
592.0 114.81105322976642
593.0 115.17814769745765
594.0 115.54572209206565
595.0 115.91391914514402
596.0 116.28264559927841
597.0 116.65192419357273
598.0 117.02174852061914
599.0 117.392249276352
600.0 117.76320011047514
601.0 118.13478027949604
602.0 118.50697277828806
603.0 118.87963179928951
604.0 119.25287825360002
605.0 119.62665354799523
606.0 120.00100622866562
607.0 120.37597241087197
608.0 120.75145576424158
609.0 121.12747671430722
610.0 121.50405015416004
611.0 121.8812726180272
612.0 122.25897476247044
613.0 122.63730241869447
614.0 123.016030965368
615.0 123.39543944375048
616.0 123.77546526341118
617.0 124.15609994967686
618.0 124.53721590885921
619.0 124.91897459854559
620.0 125.30131642866081
621.0 125.68425458199519
622.0 126.0676929295616
623.0 126.45175611200952
624.0 126.8363901020384
625.0 127.22148459365596
626.0 127.6073153608784
627.0 127.99376289370238
628.0 128.3807590764976
629.0 128.76822574312
630.0 129.15627926857593
631.0 129.544915587648
632.0 129.93405053796806
633.0 130.32380721241594
634.0 130.714039911008
635.0 131.10485116163198
636.0 131.496267779392
637.0 131.88819989113603
638.0 132.2808341322721
639.0 132.6739426815039
640.0 133.06743820572808
641.0 133.46156213057597
642.0 133.856257853616
643.0 134.25138891385603
644.0 134.64708135564803
645.0 135.043452363568
646.0 135.44026242766398
647.0 135.83766941033602
648.0 136.23557441710395
649.0 136.63398470367997
650.0 137.03305265867195
651.0 137.43262679411208
652.0 137.83275816763202
653.0 138.23347010646404
654.0 138.63474126752004
655.0 139.03654449537595
656.0 139.43878133248
657.0 139.84162866321594
658.0 140.24494520785606
659.0 140.64863091886406
660.0 141.05296031361596
661.0 141.45778484441604
662.0 141.86313207164798
663.0 142.26909269614396
664.0 142.67558882649604
665.0 143.08273559785601
666.0 143.4902854508
667.0 143.898401054496
668.0 144.30700729984
669.0 144.716165026688
670.0 145.12600778076802
671.0 145.5364409438881
672.0 145.94742591294388
673.0 146.3590461121919
674.0 146.77121274254404
675.0 147.18394811524797
676.0 147.5971882668801
677.0 148.01109819529603
678.0 148.425588411024
679.0 148.84057482596802
680.0 149.25600635641598
681.0 149.67205181398404
682.0 150.08859113124794
683.0 150.50575200852796
684.0 150.92351011424006
685.0 151.34167165641605
686.0 151.76036148615998
687.0 152.17963967824
688.0 152.599426403216
689.0 153.01967941214392
690.0 153.440506348016
691.0 153.861885343088
692.0 154.283793494432
693.0 154.70628553686396
694.0 155.1293742802559
695.0 155.553058623936
696.0 155.97730193531203
697.0 156.40208141428803
698.0 156.82747825132802
699.0 157.253285812752
700.0 157.67967262915207
701.0 158.106618053488
702.0 158.53408879476797
703.0 158.96219504720003
704.0 159.39086475737602
705.0 159.82002866663998
706.0 160.249701794336
707.0 160.68009501174393
708.0 161.11094592792006
709.0 161.5424256270561
710.0 161.974552947824
711.0 162.40715025031997
712.0 162.84022763793598
713.0 163.27384350288003
714.0 163.7080715990561
715.0 164.14280201977596
716.0 164.578065980304
717.0 165.01395101283194
718.0 165.45043547775998
719.0 165.8874488246882
720.0 166.3249081482879
721.0 166.7629334495201
722.0 167.20142845139196
723.0 167.64065112688
724.0 168.08039541086399
725.0 168.52067041535994
726.0 168.96147164105608
727.0 169.402849279024
728.0 169.844647133248
729.0 170.28726345734398
730.0 170.73017698852803
731.0 171.17381202835202
732.0 171.617854748208
733.0 172.06248517302404
734.0 172.50751093798394
735.0 172.95306566519997
736.0 173.39923966604798
737.0 173.84585404166404
738.0 174.2931515223519
739.0 174.740796098352
740.0 175.18901292583993
741.0 175.63770927087992
742.0 176.087054318592
743.0 176.53682094495994
744.0 176.98721720331199
745.0 177.4381434543199
746.0 177.889518738592
747.0 178.34139047740805
748.0 178.79383123155202
749.0 179.24686892870398
750.0 179.70049302224012
751.0 180.15470822224003
752.0 180.60950478689608
753.0 181.06474160414396
754.0 181.520588265168
755.0 181.97691244667206
756.0 182.43381976478403
757.0 182.89114512550398
758.0 183.348924910672
759.0 183.80736969934398
760.0 184.26635995976002
761.0 184.72593515828802
762.0 185.18611259518386
763.0 185.6467561455359
764.0 186.107976042288
765.0 186.56967127478396
766.0 187.03189518297594
767.0 187.49474851175992
768.0 187.9580264519041
769.0 188.4218342602881
770.0 188.88620678084797
771.0 189.35111963956805
772.0 189.81651109644795
773.0 190.282475716992
774.0 190.748959790928
775.0 191.21599200144001
776.0 191.68355102711993
777.0 192.15177315190402
778.0 192.62048336958404
779.0 193.0897068397279
780.0 193.55946297924794
781.0 194.02984952862408
782.0 194.5006767146881
783.0 194.97206623286402
784.0 195.4440050726401
785.0 195.916399590368
786.0 196.38946493495996
787.0 196.86308991836813
788.0 197.33716153310397
789.0 197.81182061265608
790.0 198.286909306816
791.0 198.76263409798403
792.0 199.238697845312
793.0 199.7152470759199
794.0 200.19236999907199
795.0 200.66999056216005
796.0 201.14831467331197
797.0 201.62726188412796
798.0 202.10670561150403
799.0 202.58661088259197
800.0 203.06712322870393
801.0 203.54825834065602
802.0 204.02987736758396
803.0 204.51208123712001
804.0 204.994755813184
805.0 205.47805148187203
806.0 205.961824474896
807.0 206.446099488576
808.0 206.93089369928003
809.0 207.416166374848
810.0 207.90209704534405
811.0 208.38852626375996
812.0 208.87535405598402
813.0 209.362770181504
814.0 209.85072516657607
815.0 210.3392930285441
816.0 210.82826854190398
817.0 211.31782418638414
818.0 211.80787638385596
819.0 212.29849044096005
820.0 212.78964681147198
821.0 213.281302665664
822.0 213.77357404836803
823.0 214.26633044580802
824.0 214.75952174344008
825.0 215.25329629747202
826.0 215.74770092068783
827.0 216.24276786203194
828.0 216.73838375503996
829.0 217.234412848
830.0 217.7309388653921
831.0 218.22802317783993
832.0 218.72558203335998
833.0 219.22372744121594
834.0 219.7224344880001
835.0 220.22151073239993
836.0 220.72109733567999
837.0 221.2212722416479
838.0 221.72201767220804
839.0 222.22327352211204
840.0 222.72516067369583
841.0 223.22750307492797
842.0 223.73038180979196
843.0 224.23387261107194
844.0 224.73790093670397
845.0 225.24253927313603
846.0 225.7476155049601
847.0 226.2532484157279
848.0 226.7593867489439
849.0 227.2660240168801
850.0 227.77322547222397
851.0 228.2809972935201
852.0 228.78913743579193
853.0 229.297856499504
854.0 229.80697492955196
855.0 230.31656821108808
856.0 230.82679801228795
857.0 231.33744129998414
858.0 231.84862928140805
859.0 232.36034025359987
860.0 232.8725542494081
861.0 233.38538144532794
862.0 233.89866207281594
863.0 234.41241801515199
864.0 234.92677677006412
865.0 235.44175446072
866.0 235.95717688782398
867.0 236.47325439153602
868.0 236.98975479302402
869.0 237.50690484039993
870.0 238.0247012645441
871.0 238.54299450342393
872.0 239.0617533375841
873.0 239.58112972251212
874.0 240.10100990895995
875.0 240.621342836784
876.0 241.1421819048961
877.0 241.66351495924786
878.0 242.18546222710398
879.0 242.70796209771203
880.0 243.23085098139208
881.0 243.754502629744
882.0 244.27872559784004
883.0 244.80331371827214
884.0 245.32852007145613
885.0 245.8542024705599
886.0 246.38040053796811
887.0 246.907254614272
888.0 247.43478985102396
889.0 247.962732245728
890.0 248.4913411430719
891.0 249.02034898886413
892.0 249.5500282168001
893.0 250.08020698848009
894.0 250.610965992416
895.0 251.1423256104321
896.0 251.67424991102408
897.0 252.20669331742403
898.0 252.73966234929603
899.0 253.2731866902399
900.0 253.80736717228805
901.0 254.34202547347203
902.0 254.8772740612479
903.0 255.41311516912015
904.0 255.94952733491192
905.0 256.48640778116805
906.0 257.023919958336
907.0 257.562039506528
908.0 258.100510231104
909.0 258.6394889732
910.0 259.1789787090561
911.0 259.7191260711679
912.0 260.25981214580804
913.0 260.80099833760016
914.0 261.342607050064
915.0 261.8847786231839
916.0 262.427307108016
917.0 262.9705046387839
918.0 263.51413000255997
919.0 264.0583166149439
920.0 264.603033617136
921.0 265.148251300144
922.0 265.693903206448
923.0 266.2400451911518
924.0 266.7868112264159
925.0 267.334196520112
926.0 267.882114601568
927.0 268.4305391297762
928.0 268.979499484368
929.0 269.52902911404806
930.0 270.079146091584
931.0 270.6299646005441
932.0 271.18138958046404
933.0 271.7333215554721
934.0 272.28567552683194
935.0 272.83864566308796
936.0 273.39209394911995
937.0 273.946105862496
938.0 274.50051561300796
939.0 275.05541218279996
940.0 275.61095360009597
941.0 276.16701385184
942.0 276.72355733864
943.0 277.2807150272961
944.0 277.83842192254394
945.0 278.39664011025604
946.0 278.9554044506241
947.0 279.5146920769921
948.0 280.07454979598407
949.0 280.63506206790396
950.0 281.196004629696
951.0 281.75738360475196
952.0 282.31940330772795
953.0 282.88204754628805
954.0 283.44510289587186
955.0 284.00878299812797
956.0 284.5728241072641
957.0 285.13755715612814
958.0 285.7028322167999
959.0 286.26863262028803
960.0 286.835035076976
961.0 287.40203359171204
962.0 287.969656717808
963.0 288.5378260791199
964.0 289.10666968113594
965.0 289.676055105664
966.0 290.245786491488
967.0 290.81615060049614
968.0 291.386922961984
969.0 291.95814219113595
970.0 292.53004290980783
971.0 293.1024239773442
972.0 293.67543760420796
973.0 294.2490777457121
974.0 294.82327216052823
975.0 295.397990562288
976.0 295.9731324056639
977.0 296.54863348635195
978.0 297.1245589228481
979.0 297.7010728609601
980.0 298.27812224912
981.0 298.8558578514881
982.0 299.4341680667841
983.0 300.013065198112
984.0 300.59267555158397
985.0 301.1726643230081
986.0 301.75330422374407
987.0 302.334380437312
988.0 302.916056680432
989.0 303.4982505178399
990.0 304.08092500062406
991.0 304.6641524980961
992.0 305.247955185488
993.0 305.8321879033282
994.0 306.417124847008
995.0 307.00243113391986
996.0 307.58829232910387
997.0 308.1745751121441
998.0 308.761474153536
999.0 309.34880985748816
1000.0 309.93676002103996
1001.0 310.5250953306239
1002.0 311.113985578192
1003.0 311.7032445470076
1004.0 312.293105955376
1005.0 312.88348158891205
1006.0 313.47441794619215
1007.0 314.06595357123194
1008.0 314.6579915519999
1009.0 315.2507699072159
1010.0 315.84378507041595
1011.0 316.437296278752
1012.0 317.03138532479994
1013.0 317.625991109056
1014.0 318.22121225249595
1015.0 318.8170172020001
1016.0 319.41337310436813
1017.0 320.0102366323521
1018.0 320.607736034112
1019.0 321.2057019680319
1020.0 321.80404507859174
1021.0 322.402871328128
1022.0 323.002308857152
1023.0 323.6022245570239
1024.0 324.20264519862417
1025.0 324.803601828016
1026.0 325.40503151468783
1027.0 326.007141405136
1028.0 326.609758015696
1029.0 327.212769297456
1030.0 327.81623003897596
1031.0 328.42015281099225
1032.0 329.02481545129604
1033.0 329.6300583480961
1034.0 330.2359017567519
1035.0 330.8421042764959
1036.0 331.4488333032161
1037.0 332.05609846864013
1038.0 332.66400698139205
1039.0 333.27256980403195
1040.0 333.8815909207682
1041.0 334.49130700158383
1042.0 335.1016574771842
1043.0 335.7123820682242
1044.0 336.3235531318879
1045.0 336.935296381376
1046.0 337.5475230683041
1047.0 338.1602921795839
1048.0 338.77370704248005
1049.0 339.3874415240639
1050.0 340.00172503665596
1051.0 340.616552663552
1052.0 341.23159268945597
1053.0 341.8473825543201
1054.0 342.4635941378399
1055.0 343.0804914477759
1056.0 343.698030259456
1057.0 344.31587116091197
1058.0 344.9340857347038
1059.0 345.5528374955042
1060.0 346.17224024267205
1061.0 346.792097723392
1062.0 347.41246096030403
1063.0 348.0333231568161
1064.0 348.654646931088
1065.0 349.27659722665595
1066.0 349.89905036894413
1067.0 350.52208047188805
1068.0 351.14571502686414
1069.0 351.7699722028481
1070.0 352.39471468713595
1071.0 353.0200163991521
1072.0 353.6457171085762
1073.0 354.2719327044321
1074.0 354.8984482633921
1075.0 355.525658773776
1076.0 356.15336915070407
1077.0 356.7817088825119
1078.0 357.4105929788482
1079.0 358.04001913939214
1080.0 358.67001688340804
1081.0 359.30076128819223
1082.0 359.9319752231041
1083.0 360.563730436896
1084.0 361.1960364083521
1085.0 361.828824607648
1086.0 362.4621484007521
1087.0 363.0960957007038
1088.0 363.730502068512
1089.0 364.3655946895521
1090.0 365.00127433411205
1091.0 365.6374953897439
1092.0 366.274187892864
1093.0 366.911319636064
1094.0 367.5490668919838
1095.0 368.187297171712
1096.0 368.8261038753281
1097.0 369.46545606121606
1098.0 370.1051241791839
1099.0 370.7454381477281
1100.0 371.38637829465586
1101.0 372.02778852046407
1102.0 372.66968681252786
1103.0 373.31224489696007
1104.0 373.95527237168017
1105.0 374.59897429059197
1106.0 375.2432454452799
1107.0 375.8880329742241
1108.0 376.5335016956802
1109.0 377.179536905664
1110.0 377.82602664660806
1111.0 378.4729966563361
1112.0 379.1205941070081
1113.0 379.76871576035194
1114.0 380.41743563972796
1115.0 381.0668001860961
1116.0 381.7166321465439
1117.0 382.3668101097119
1118.0 383.01757995608006
1119.0 383.66891217911996
1120.0 384.32059471769605
1121.0 384.9728807967839
1122.0 385.6256321783202
1123.0 386.2786883142882
1124.0 386.9324175005762
1125.0 387.58666165832
1126.0 388.2414703220478
1127.0 388.8966379582401
1128.0 389.55246527097586
1129.0 390.2087280576161
1130.0 390.8655511940641
1131.0 391.5227285260319
1132.0 392.180556578896
1133.0 392.83891473863997
1134.0 393.4977996934402
1135.0 394.1571269340158
1136.0 394.8168355307041
1137.0 395.476964300288
1138.0 396.1377954270883
1139.0 396.7991283484962
1140.0 397.4607891937281
1141.0 398.1230572107999
1142.0 398.7858028615839
1143.0 399.4489744560641
1144.0 400.1127142352318
1145.0 400.77701446676815
1146.0 401.44185615012805
1147.0 402.1071842840161
1148.0 402.7730442284483
1149.0 403.43928410391993
1150.0 404.1058032364481
1151.0 404.7728716802561
1152.0 405.44043572204805
1153.0 406.10853122012793
1154.0 406.77733661043214
1155.0 407.44664934124796
1156.0 408.1163995787361
1157.0 408.78665737427207
1158.0 409.45752122812803
1159.0 410.12888968136
1160.0 410.8006812909601
1161.0 411.47326811057593
1162.0 412.14626753728
1163.0 412.81978906652813
1164.0 413.49400121239995
1165.0 414.16857991860815
1166.0 414.8434967654401
1167.0 415.51887847636806
1168.0 416.1947579799838
1169.0 416.8710979309919
1170.0 417.5478264369278
1171.0 418.22517493830384
1172.0 418.9029919297759
1173.0 419.58127683332805
1174.0 420.2599440586723
1175.0 420.9393689068481
1176.0 421.61931827649613
1177.0 422.2997015236
1178.0 422.98063265139183
1179.0 423.66212601134396
1180.0 424.3442569768803
1181.0 425.0269903244318
1182.0 425.7099816003198
1183.0 426.39363956393606
1184.0 427.0778411720321
1185.0 427.76244199166393
1186.0 428.4475186440319
1187.0 429.133079755952
1188.0 429.819017823024
1189.0 430.5056065914242
1190.0 431.1928071664961
1191.0 431.880525565472
1192.0 432.568746944016
1193.0 433.2575015054563
1194.0 433.94668529340805
1195.0 434.63629775326416
1196.0 435.32621013918396
1197.0 436.01666885888
1198.0 436.7074772332802
1199.0 437.3989123123841
1200.0 438.09079918904007
1201.0 438.78334751980793
1202.0 439.4761260598881
1203.0 440.16949008520015
1204.0 440.8633062834081
1205.0 441.55774502206407
1206.0 442.25285484347216
1207.0 442.9484467883841
1208.0 443.6444947176481
1209.0 444.341255317184
1210.0 445.0386157031679
1211.0 445.73652107281566
1212.0 446.4350489726081
1213.0 447.1339815537761
1214.0 447.8334379189599
1215.0 448.5332935501601
1216.0 449.2338241052642
1217.0 449.93484625415977
1218.0 450.6363192490079
1219.0 451.3379483927679
1220.0 452.04020832340814
1221.0 452.74301120094435
1222.0 453.4463498981121
1223.0 454.15015111652804
1224.0 454.8544245995361
1225.0 455.5592231139681
1226.0 456.26444825158376
1227.0 456.9702132829922
1228.0 457.67655022294383
1229.0 458.3833799373759
1230.0 459.0907438380641
1231.0 459.79860944809604
1232.0 460.5068591074881
1233.0 461.2156312711839
1234.0 461.9249951100962
1235.0 462.634607003984
1236.0 463.34469361744004
1237.0 464.055293100992
1238.0 464.76633001499204
1239.0 465.47817612761594
1240.0 466.19045850977625
1241.0 466.90333103494396
1242.0 467.61683790179194
1243.0 468.3309880477761
1244.0 469.04555711355215
1245.0 469.760594546176
1246.0 470.4760727302558
1247.0 471.1919525990723
1248.0 471.90844208199985
1249.0 472.6254610979039
1250.0 473.3430767907681
1251.0 474.06123498350405
1252.0 474.78014468672006
1253.0 475.49931221470416
1254.0 476.21891472219204
1255.0 476.93893687195197
1256.0 477.6593711496642
1257.0 478.38017101688
1258.0 479.1013941753441
1259.0 479.8231447463198
1260.0 480.5456915496323
1261.0 481.2688388424961
1262.0 481.9925269803042
1263.0 482.7167203891361
1264.0 483.44141187409593
1265.0 484.1666917871362
1266.0 484.8923590272478
1267.0 485.61856854336
1268.0 486.34529451092783
1269.0 487.0724011022721
1270.0 487.8002493436
1271.0 488.52856567932815
1272.0 489.2573743667199
1273.0 489.9868216407682
1274.0 490.7165646246082
1275.0 491.4468245816641
1276.0 492.1776363043358
1277.0 492.90893564425585
1278.0 493.6408713305761
1279.0 494.37323080019223
1280.0 495.1061932595038
1281.0 495.83964699444834
1282.0 496.5736102321118
1283.0 497.3081197625279
1284.0 498.0430838124963
1285.0 498.7786888217761
1286.0 499.51474167878416
1287.0 500.25131134297624
1288.0 500.9882780759838
1289.0 501.72596226358417
1290.0 502.4641026764801
1291.0 503.20284638273586
1292.0 503.9423415775681
1293.0 504.6822207199044
1294.0 505.4225301238879
1295.0 506.16344144859204
1296.0 506.90492114787196
1297.0 507.64677628380787
1298.0 508.38925101739204
1299.0 509.1319882407038
1300.0 509.8752024736961
1301.0 510.618981235952
1302.0 511.36323303206365
1303.0 512.1080029767678
1304.0 512.8533609091518
1305.0 513.5993009273923
1306.0 514.345591160224
1307.0 515.092417436
1308.0 515.8396440644001
1309.0 516.5873190537438
1310.0 517.3356442680799
1311.0 518.0845297364801
1312.0 518.833822263008
1313.0 519.5838789543839
1314.0 520.3343326084639
1315.0 521.085300867872
1316.0 521.8366464111521
1317.0 522.5885980929278
1318.0 523.341025872224
1319.0 524.093903538848
1320.0 524.8473764604
1321.0 525.6013426246561
1322.0 526.355618685568
1323.0 527.1107479646719
1324.0 527.866158373568
1325.0 528.622119194928
1326.0 529.3785355866241
1327.0 530.135585178992
1328.0 530.8932961367678
1329.0 531.6513875723681
1330.0 532.4100498769119
1331.0 533.169087885248
1332.0 533.9288594686557
1333.0 534.6890532341922
1334.0 535.4500267028162
1335.0 536.2114189056481
1336.0 536.9734832032806
1337.0 537.7358956200642
1338.0 538.4985874763358
1339.0 539.2617541590556
1340.0 540.025555958896
1341.0 540.7897405940001
1342.0 541.5544470352958
1343.0 542.319582750416
1344.0 543.0851664819679
1345.0 543.8512427707681
1346.0 544.617840301056
1347.0 545.3848777958403
1348.0 546.1524021563521
1349.0 546.9204734065281
1350.0 547.689100683888
1351.0 548.4583256494718
1352.0 549.228191853488
1353.0 549.9986434269919
1354.0 550.7693727139035
1355.0 551.5406826088479
1356.0 552.312353667808
1357.0 553.0845595808162
1358.0 553.857365804176
1359.0 554.6303867314405
1360.0 555.4039903192963
1361.0 556.178070897168
1362.0 556.9529042498239
1363.0 557.7284078733917
1364.0 558.504524581152
1365.0 559.281211007808
1366.0 560.0583999902881
1367.0 560.8360004182238
1368.0 561.6141747779521
1369.0 562.3928931043038
1370.0 563.1720209882562
1371.0 563.9518627815039
1372.0 564.7320763062562
1373.0 565.5127917759843
1374.0 566.2940810830077
1375.0 567.0759455477759
1376.0 567.8582695462082
1377.0 568.6411241164003
1378.0 569.424570418272
1379.0 570.208470637824
1380.0 570.9927956953755
1381.0 571.7777401390556
1382.0 572.5630985867198
1383.0 573.349013436352
1384.0 574.1354127778236
1385.0 574.9222328306403
1386.0 575.709501557776
1387.0 576.4972311045278
1388.0 577.285358905584
1389.0 578.073934468592
1390.0 578.8629267528156
1391.0 579.6524612347681
1392.0 580.4427205646878
1393.0 581.2334698863199
1394.0 582.0247129378397
1395.0 582.8166998742242
1396.0 583.6090145804158
1397.0 584.4020364644477
1398.0 585.1953876658239
1399.0 585.9892936797279
1400.0 586.7835540125602
1401.0 587.5783701338241
1402.0 588.3738249162722
1403.0 589.1697957628161
1404.0 589.9660655719042
1405.0 590.762723898224
1406.0 591.5598228233919
1407.0 592.3576563035838
1408.0 593.1559067648799
1409.0 593.9546591961438
1410.0 594.7539238385123
1411.0 595.5536951627362
1412.0 596.3539174322078
1413.0 597.1546874215198
1414.0 597.9558678152323
1415.0 598.7574653687517
1416.0 599.5595821659039
1417.0 600.3621898050882
1418.0 601.165393220016
1419.0 601.9692213217597
1420.0 602.7734720754719
1421.0 603.5782421242081
1422.0 604.3834861440321
1423.0 605.1891840839202
1424.0 605.9954781966723
1425.0 606.8023878549598
1426.0 607.6096740048159
1427.0 608.4175870193122
1428.0 609.2260814882402
1429.0 610.0350410596004
1430.0 610.8446491444798
1431.0 611.654588657984
1432.0 612.465117634688
1433.0 613.2760047840477
1434.0 614.087508336608
1435.0 614.8995486391195
1436.0 615.711956256416
1437.0 616.5248537282399
1438.0 617.3381734924799
1439.0 618.15197376016
1440.0 618.9661523874402
1441.0 619.7810393090241
1442.0 620.5962723509917
1443.0 621.4119994491518
1444.0 622.2284086744161
1445.0 623.0453829240798
1446.0 623.8629140144805
1447.0 624.6808532901763
1448.0 625.4993260913118
1449.0 626.3183073967518
1450.0 627.1378952086718
1451.0 627.9578367317765
1452.0 628.7781136990719
1453.0 629.5989210147843
1454.0 630.4202973355038
1455.0 631.2421342798559
1456.0 632.0646558230559
1457.0 632.8877061923843
1458.0 633.7113691093275
1459.0 634.5354486406561
1460.0 635.3601392531683
1461.0 636.185415578384
1462.0 637.0111318527836
1463.0 637.8371128224
1464.0 638.6636697671995
1465.0 639.4906666360641
1466.0 640.3182038906401
1467.0 641.146585617472
1468.0 641.9755529209118
1469.0 642.8047023121601
1470.0 643.6343639044803
1471.0 644.4643537372962
1472.0 645.2948937084641
1473.0 646.1257220190236
1474.0 646.9573414764158
1475.0 647.7894625490078
1476.0 648.6220623672959
1477.0 649.4551307709759
1478.0 650.288638835008
1479.0 651.12261781936
1480.0 651.9572338666565
1481.0 652.7924092877759
1482.0 653.6279945189438
1483.0 654.4640333012001
1484.0 655.3003793222081
1485.0 656.1374553411678
1486.0 656.9750075493604
1487.0 657.8131737844321
1488.0 658.6516270640642
1489.0 659.4907669186239
1490.0 660.330198925808
1491.0 661.17019775568
1492.0 662.0103592858238
1493.0 662.8510162035999
1494.0 663.692236103616
1495.0 664.5341420336799
1496.0 665.3767342157281
1497.0 666.2199213769438
1498.0 667.0636116424478
1499.0 667.9076646260003
1500.0 668.7521750232484
1501.0 669.5971947889595
1502.0 670.4429319918237
1503.0 671.2890652877122
1504.0 672.1358254844642
1505.0 672.983165164608
1506.0 673.83103650592
1507.0 674.679259607296
1508.0 675.5282196140804
1509.0 676.3776270575202
1510.0 677.2275258259039
1511.0 678.0781569160961
1512.0 678.929177239952
1513.0 679.7806496347682
1514.0 680.6324543041118
1515.0 681.4849357600962
1516.0 682.3378816213279
1517.0 683.1915581042559
1518.0 684.0455444098081
1519.0 684.8998938227201
1520.0 685.7549176126561
1521.0 686.6102980121763
1522.0 687.4662821203199
1523.0 688.3227585525599
1524.0 689.1796464679203
1525.0 690.0372585299997
1526.0 690.8952370262557
1527.0 691.7536056392478
1528.0 692.6125865511365
1529.0 693.4719314090719
1530.0 694.3314793466557
1531.0 695.1915411555358
1532.0 696.052106763376
1533.0 696.9133655935519
1534.0 697.7750054831357
1535.0 698.637037711296
1536.0 699.4997332324
1537.0 700.3627698145439
1538.0 701.2262096097921
1539.0 702.0902939281284
1540.0 702.9546454665123
1541.0 703.819579466928
1542.0 704.68487514544
1543.0 705.5506513009279
1544.0 706.41689378656
1545.0 707.2837576031682
1546.0 708.1510972383037
1547.0 709.0189715394399
1548.0 709.8872338038241
1549.0 710.7560753816322
1550.0 711.6254027555042
1551.0 712.4950843038721
1552.0 713.3652522734554
1553.0 714.2357833707199
1554.0 715.107009207392
1555.0 715.9785886856482
1556.0 716.8506621167356
1557.0 717.7234525509764
1558.0 718.5967559239197
1559.0 719.4706970469445
1560.0 720.3452840725124
1561.0 721.2201630033762
1562.0 722.095550455488
1563.0 722.9714263399837
1564.0 723.8477991036799
1565.0 724.7244727858244
1566.0 725.6016684891196
1567.0 726.479151339024
1568.0 727.3571808721277
1569.0 728.2358197367198
1570.0 729.114975475856
1571.0 729.9946979501125
1572.0 730.874901880384
1573.0 731.755684931504
1574.0 732.6367641399202
1575.0 733.5180718292643
1576.0 734.4000731515519
1577.0 735.2827522093119
1578.0 736.165540154704
1579.0 737.0488093322081
1580.0 737.9326204478564
1581.0 738.8169250422079
1582.0 739.701759051728
1583.0 740.5869809415685
1584.0 741.472669414208
1585.0 742.3590148810401
1586.0 743.2458614686084
1587.0 744.133091451136
1588.0 745.020788542192
1589.0 745.9089295158402
1590.0 746.7975816947521
1591.0 747.6866433350722
1592.0 748.5764245120798
1593.0 749.4668095058398
1594.0 750.3572934197597
1595.0 751.2481366199521
1596.0 752.13958069904
1597.0 753.031668756496
1598.0 753.9240977874243
1599.0 754.8170159886402
1600.0 755.7105138436319
1601.0 756.6045269545764
1602.0 757.498912176032
1603.0 758.3939823323041
1604.0 759.2892118263679
1605.0 760.1849749422724
1606.0 761.0814162085759
1607.0 761.9782303680157
1608.0 762.8753319970723
1609.0 763.7730502230239
1610.0 764.67128956512
1611.0 765.5700386024639
1612.0 766.4694228168006
1613.0 767.369101105456
1614.0 768.2693046062874
1615.0 769.1698986338404
1616.0 770.0711121611362
1617.0 770.9727481817438
1618.0 771.8749621763039
1619.0 772.7775143386561
1620.0 773.680417151872
1621.0 774.584017671152
1622.0 775.488058170464
1623.0 776.392509230416
1624.0 777.2974881317442
1625.0 778.2028779139199
1626.0 779.109081153104
1627.0 780.0158149221918
1628.0 780.923096711632
1629.0 781.8307097946401
1630.0 782.7387221304323
1631.0 783.6472997347521
1632.0 784.556493499456
1633.0 785.4660506550081
1634.0 786.3761058756958
1635.0 787.2866003058718
1636.0 788.197378361648
1637.0 789.1090049917923
1638.0 790.021055406912
1639.0 790.9332367811683
1640.0 791.8460750399041
1641.0 792.7594352733602
1642.0 793.673183654432
1643.0 794.5873720700162
1644.0 795.502196337376
1645.0 796.4174928843998
1646.0 797.3329888538719
1647.0 798.2488806051681
1648.0 799.1654099182882
1649.0 800.0824612264483
1650.0 801.0000003948796
1651.0 801.9177357001761
1652.0 802.8363149261282
1653.0 803.7552497546723
1654.0 804.6745755085915
1655.0 805.5945087120157
1656.0 806.5151925181282
1657.0 807.4364370846718
1658.0 808.3579046275526
1659.0 809.2799351856477
1660.0 810.2024546226241
1661.0 811.1258687790398
1662.0 812.0499297174402
1663.0 812.9743645436323
1664.0 813.8992928285604
1665.0 814.8245603678077
1666.0 815.750081324416
1667.0 816.676131556768
1668.0 817.6028351263037
1669.0 818.5302023734241
1670.0 819.4581112207518
1671.0 820.3864243482564
1672.0 821.3152203753758
1673.0 822.2444909017601
1674.0 823.1744548754401
1675.0 824.1046096461281
1676.0 825.0354100243039
1677.0 825.9665479529282
1678.0 826.8983145291838
1679.0 827.8305876567999
1680.0 828.7632800751683
1681.0 829.6965621087041
1682.0 830.6303017207523
1683.0 831.5647066382722
1684.0 832.4994100105123
1685.0 833.4347884509598
1686.0 834.370693568608
1687.0 835.307033206784
1688.0 836.2437744397761
1689.0 837.1809598042089
1690.0 838.1186748293601
1691.0 839.0568662798405
1692.0 839.9952168505599
1693.0 840.9342220587841
1694.0 841.8733963776485
1695.0 842.8129809742562
1696.0 843.7530809368798
1697.0 844.6938598709279
1698.0 845.635173722512
1699.0 846.5768333063357
1700.0 847.5190111218878
1701.0 848.4619505856801
1702.0 849.405234151792
1703.0 850.3489312089757
1704.0 851.2932783496484
1705.0 852.2378091300159
1706.0 853.18277959784
1707.0 854.128150254096
1708.0 855.0739442605758
1709.0 856.0201534643363
1710.0 856.9671192262076
1711.0 857.9144035719204
1712.0 858.8619482003203
1713.0 859.8099819667517
1714.0 860.7582784200798
1715.0 861.707069063808
1716.0 862.6562313858882
1717.0 863.60606797112
1718.0 864.5562436476163
1719.0 865.5069618778562
1720.0 866.4582579417602
1721.0 867.4101827839843
1722.0 868.3626504014721
1723.0 869.3156487713755
1724.0 870.2693870770556
1725.0 871.223556401536
1726.0 872.1777880533282
1727.0 873.1325203114402
1728.0 874.0876580238722
1729.0 875.0431720895679
1730.0 875.9990858127678
1731.0 876.9555553230082
1732.0 877.9124728063841
1733.0 878.8700742622883
1734.0 879.8281952054404
1735.0 880.7866637352961
1736.0 881.7454784007043
1737.0 882.7049910972158
1738.0 883.66488550184
1739.0 884.6251605413447
1740.0 885.5858424360324
1741.0 886.5470861370238
1742.0 887.508883477504
1743.0 888.4713669947839
1744.0 889.4343991554082
1745.0 890.3981764283362
1746.0 891.3617518910402
1747.0 892.3259868462083
1748.0 893.2907851432483
1749.0 894.2560841574399
1750.0 895.2221006555365
1751.0 896.1883643412957
1752.0 897.1552526952801
1753.0 898.1225548596
1754.0 899.0902527767681
1755.0 900.0586093859041
1756.0 901.02728675856
1757.0 901.9965836794397
1758.0 902.966187873744
1759.0 903.9363306014396
1760.0 904.9070195780638
1761.0 905.8783349631364
1762.0 906.849967717264
1763.0 907.8221234012004
1764.0 908.7945276287513
1765.0 909.7672011544643
1766.0 910.7406030558556
1767.0 911.7145281694396
1768.0 912.6889069382876
1769.0 913.6636734995038
1770.0 914.6392677067519
1771.0 915.6154327254404
1772.0 916.5920350576159
1773.0 917.5692373602249
1774.0 918.5469474587202
1775.0 919.5251760116004
1776.0 920.5040850085281
1777.0 921.4833142256006
1778.0 922.4629263080644
1779.0 923.4430262407035
1780.0 924.423499234816
1781.0 925.4044521019359
1782.0 926.3857210243362
1783.0 927.3671764127523
1784.0 928.3493870247523
1785.0 929.3317666097439
1786.0 930.3150193874405
1787.0 931.2986265099198
1788.0 932.2827028804641
1789.0 933.2672026187199
1790.0 934.2520503491678
1791.0 935.2376592847362
1792.0 936.2235938047994
1793.0 937.2099672950726
1794.0 938.196673472528
1795.0 939.1840975108802
1796.0 940.172074304016
1797.0 941.1605250337594
1798.0 942.1492072777758
1799.0 943.1385586176323
1800.0 944.1283979030082
1801.0 945.1186260826556
1802.0 946.1092441893761
1803.0 947.1002732287363
1804.0 948.0916104023684
1805.0 949.0832041048485
1806.0 950.0755919108318
1807.0 951.0684817528484
1808.0 952.0619331587677
1809.0 953.0555946261436
1810.0 954.0500554398243
1811.0 955.0448272263202
1812.0 956.0399961755996
1813.0 957.0351826179838
1814.0 958.0311795656478
1815.0 959.0275672699357
1816.0 960.0244689192483
1817.0 961.0217225923361
1818.0 962.0194312697116
1819.0 963.0177502384474
1820.0 964.016643779952
1821.0 965.0159051510878
1822.0 966.0159165993764
1823.0 967.016415972352
1824.0 968.0173815251677
1825.0 969.018853013552
1826.0 970.020622198656
1827.0 971.0229295090246
1828.0 972.0257773525116
1829.0 973.0291559717598
1830.0 974.0328678121921
1831.0 975.0372005962872
1832.0 976.042067216096
1833.0 977.0472019859992
1834.0 978.0527291183205
1835.0 979.0588467009915
1836.0 980.0653866085922
1837.0 981.0721463462562
1838.0 982.079423046816
1839.0 983.0874479691205
1840.0 984.0958144645758
1841.0 985.1046402024319
1842.0 986.1137013059837
1843.0 987.1232861951363
1844.0 988.1333959091359
1845.0 989.1439921727036
1846.0 990.1549784202883
1847.0 991.166714619728
1848.0 992.1792059146559
1849.0 993.1919843319043
1850.0 994.2051753129278
1851.0 995.2186431474245
1852.0 996.2324020094882
1853.0 997.2467687975202
1854.0 998.2620212500639
1855.0 999.277699108496
1856.0 1000.2941236389761
1857.0 1001.3106633429601
1858.0 1002.3279283145118
1859.0 1003.3455957859038
1860.0 1004.3638110158078
1861.0 1005.382298630336
1862.0 1006.401505237904
1863.0 1007.4207727825124
1864.0 1008.4404171652641
1865.0 1009.4607143337438
1866.0 1010.4811845600962
1867.0 1011.5023324646238
1868.0 1012.5238047698083
1869.0 1013.5457051146399
1870.0 1014.5682089367681
1871.0 1015.5908743784645
1872.0 1016.6141474050562
1873.0 1017.6378823773282
1874.0 1018.6622123175841
1875.0 1019.6872442973602
1876.0 1020.7126236029442
1877.0 1021.7384218904801
1878.0 1022.7643020282236
1879.0 1023.7906223770239
1880.0 1024.8173787374878
1881.0 1025.8448316958397
1882.0 1026.8731376611045
1883.0 1027.9014399494718
1884.0 1028.9303090440317
1885.0 1029.959384354736
1886.0 1030.988818233824
1887.0 1032.0187001973284
1888.0 1033.048937186912
1889.0 1034.079838461248
1890.0 1035.1110776691035
1891.0 1036.143035315424
1892.0 1037.1755059844636
1893.0 1038.2086430364957
1894.0 1039.242208320976
1895.0 1040.2765110762236
1896.0 1041.3112013854884
1897.0 1042.34640820888
1898.0 1043.3817435398719
1899.0 1044.4176796137922
1900.0 1045.453885820224
1901.0 1046.4907021028803
1902.0 1047.528197885952
1903.0 1048.5663925272643
1904.0 1049.605092717376
1905.0 1050.6442250268474
1906.0 1051.6838622433115
1907.0 1052.723725756848
1908.0 1053.7638206559197
1909.0 1054.804378608528
1910.0 1055.84543502608
1911.0 1056.8873708403366
1912.0 1057.92990719048
1913.0 1058.9727623566405
1914.0 1060.01623405056
1915.0 1061.0598380341914
1916.0 1062.1039450807677
1917.0 1063.1487356894402
1918.0 1064.1937833454554
1919.0 1065.239163843696
1920.0 1066.2850344271353
1921.0 1067.331564704016
1922.0 1068.3785895363517
1923.0 1069.426223217104
1924.0 1070.4741077473764
1925.0 1071.5228072478562
1926.0 1072.5719235945285
1927.0 1073.6214436137761
1928.0 1074.6714217566878
1929.0 1075.72188445272
1930.0 1076.7727454181445
1931.0 1077.8241124531519
1932.0 1078.8760103216323
1933.0 1079.9282874213275
1934.0 1080.9810048292486
1935.0 1082.0340312719518
1936.0 1083.0875901738882
1937.0 1084.1415383523686
1938.0 1085.1957717358405
1939.0 1086.2505286288158
1940.0 1087.3059048600644
1941.0 1088.3617118945601
1942.0 1089.4179317361118
1943.0 1090.4747925957918
1944.0 1091.531830098256
1945.0 1092.5894334558238
1946.0 1093.6477890889914
1947.0 1094.7065562123353
1948.0 1095.7657193588002
1949.0 1096.825214718272
1950.0 1097.8850302189283
1951.0 1098.9453493545757
1952.0 1100.006553955632
1953.0 1101.0680876111035
1954.0 1102.1300934575202
1955.0 1103.1922675173764
1956.0 1104.2549342073921
1957.0 1105.317743779264
1958.0 1106.3812557534407
1959.0 1107.44538549456
1960.0 1108.509735667088
1961.0 1109.574171541536
1962.0 1110.6388957671036
1963.0 1111.704213298016
1964.0 1112.7700558456643
1965.0 1113.8362584865122
1966.0 1114.902612285472
1967.0 1115.969640226192
1968.0 1117.0377469505438
1969.0 1118.105850205616
1970.0 1119.1744938560798
1971.0 1120.2435241392961
1972.0 1121.3129943117601
1973.0 1122.3829994591686
1974.0 1123.4532945130245
1975.0 1124.5240961520483
1976.0 1125.5951976449119
1977.0 1126.666822960544
1978.0 1127.7389604681434
1979.0 1128.8113355867513
1980.0 1129.8838925208959
1981.0 1130.9569798308
1982.0 1132.030622516288
1983.0 1133.1048351953764
1984.0 1134.1793372712318
1985.0 1135.2543985222087
1986.0 1136.3301089365443
1987.0 1137.4061688208958
1988.0 1138.4828358037112
1989.0 1139.560078559728
1990.0 1140.63761347768
1991.0 1141.7157589461603
1992.0 1142.7945174571364
1993.0 1143.8738167705446
1994.0 1144.9538567655202
1995.0 1146.034579460688
1996.0 1147.1159454191836
1997.0 1148.1974053201116
1998.0 1149.2789911674558
1999.0 1150.3608907050243
2000.0 1151.4433032703844
2001.0 1152.5261141248152
2002.0 1153.609445579616
2003.0 1154.6936187247043
2004.0 1155.778435257088
2005.0 1156.863817614288
2006.0 1157.9495910863202
2007.0 1159.035977221248
2008.0 1160.1230553498726
2009.0 1161.2107013238078
2010.0 1162.2988561291681
2011.0 1163.387182019648
2012.0 1164.475649356799
2013.0 1165.5645905442548
2014.0 1166.6539750188476
2015.0 1167.7436165912156
2016.0 1168.8338417600635
2017.0 1169.9244830402242
2018.0 1171.015543166816
2019.0 1172.1069834793432
2020.0 1173.19897937344
2021.0 1174.2919517303042
2022.0 1175.3852594534883
2023.0 1176.4790677023523
2024.0 1177.5734846496632
2025.0 1178.668320554512
2026.0 1179.7636143282243
2027.0 1180.8590432776969
2028.0 1181.9549496491368
2029.0 1183.0512890295038
2030.0 1184.148022392128
2031.0 1185.2452170551362
2032.0 1186.342941370688
2033.0 1187.4407909604488
2034.0 1188.539053099888
2035.0 1189.6377121219844
2036.0 1190.736806055968
2037.0 1191.8362610780323
2038.0 1192.9361817824806
2039.0 1194.03682144072
2040.0 1195.1375783918877
2041.0 1196.239196311968
2042.0 1197.3411938306883
2043.0 1198.4436693881926
2044.0 1199.546420831424
2045.0 1200.649492441504
2046.0 1201.7530436078084
2047.0 1202.8573199505768
2048.0 1203.9620553947193
2049.0 1205.0675492291523
2050.0 1206.1736471977597
2051.0 1207.2800258340792
2052.0 1208.3870885419358
2053.0 1209.4944406812
2054.0 1210.6022887968
2055.0 1211.710197991888
2056.0 1212.8185704031043
2057.0 1213.9272702769433
2058.0 1215.0363196762396
2059.0 1216.1457858733443
2060.0 1217.2556996081278
2061.0 1218.3664779137603
2062.0 1219.477576928495
2063.0 1220.589157380896
2064.0 1221.7013463592157
2065.0 1222.813772909232
2066.0 1223.9269644127999
2067.0 1225.0406735263198
2068.0 1226.1547684613286
2069.0 1227.2692921507037
2070.0 1228.3839429348313
2071.0 1229.4993555916474
2072.0 1230.6151558475208
2073.0 1231.7313191951357
2074.0 1232.8480756933754
2075.0 1233.9649591891837
2076.0 1235.081988967888
2077.0 1236.19984717848
2078.0 1237.3180890639364
2079.0 1238.4368043093439
2080.0 1239.5557274829446
2081.0 1240.6754153406882
2082.0 1241.7951537533759
2083.0 1242.91557243104
2084.0 1244.0365128063033
2085.0 1245.1583672680797
2086.0 1246.2806217338564
2087.0 1247.4031464116156
2088.0 1248.5258219986877
2089.0 1249.6491964212005
2090.0 1250.773153514256
2091.0 1251.8975634289438
2092.0 1253.0221613230876
2093.0 1254.1472282580155
2094.0 1255.2728905958727
2095.0 1256.3987682145278
2096.0 1257.5252124273122
2097.0 1258.652207457584
2098.0 1259.779814379632
2099.0 1260.9078454063042
2100.0 1262.0360518758719
2101.0 1263.1647090638412
2102.0 1264.2940022412802
2103.0 1265.4237458822404
2104.0 1266.5535874900002
2105.0 1267.6835404353437
2106.0 1268.814150454416
2107.0 1269.9455469393276
2108.0 1271.0773123902243
2109.0 1272.209483114
2110.0 1273.3423040735195
2111.0 1274.4753454524323
2112.0 1275.6086340565123
2113.0 1276.7422894427839
2114.0 1277.8766378347682
2115.0 1279.0112944750085
2116.0 1280.1464624469454
2117.0 1281.2819115126242
2118.0 1282.4180152839363
2119.0 1283.5546193603682
2120.0 1284.6912079133447
2121.0 1285.8284870219993
2122.0 1286.9661126438557
2123.0 1288.1043087990558
2124.0 1289.2429892160321
2125.0 1290.38195891864
2126.0 1291.5213406949763
2127.0 1292.6617810208165
2128.0 1293.8029780073118
2129.0 1294.9443677012164
2130.0 1296.085970581361
2131.0 1297.2280123351204
2132.0 1298.3705211060326
2133.0 1299.5133180083362
2134.0 1300.6567033579845
2135.0 1301.8007011854565
2136.0 1302.9451889408476
2137.0 1304.0895584137602
2138.0 1305.2347547705117
2139.0 1306.3799925565438
2140.0 1307.525983572304
2141.0 1308.6726575837924
2142.0 1309.8191975849443
2143.0 1310.9663339001438
2144.0 1312.1140091794873
2145.0 1313.2622118591037
2146.0 1314.4108622807682
2147.0 1315.5597293983685
2148.0 1316.7089562452634
2149.0 1317.858544458032
2150.0 1319.008587230624
2151.0 1320.1594219446877
2152.0 1321.3107070972328
2153.0 1322.4626357030081
2154.0 1323.6147702291523
2155.0 1324.7671670208006
2156.0 1325.9201923595365
2157.0 1327.0735351403996
2158.0 1328.22758432304
2159.0 1329.3822589828483
2160.0 1330.537222337264
2161.0 1331.6924922215203
2162.0 1332.848056593872
2163.0 1334.004645738176
2164.0 1335.16191969472
2165.0 1336.3196019589125
2166.0 1337.4778952559677
2167.0 1338.636105022448
2168.0 1339.794802959776
2169.0 1340.9536481400162
2170.0 1342.113271028656
2171.0 1343.273413012959
2172.0 1344.4341027584155
2173.0 1345.5948784919042
2174.0 1346.756193187232
2175.0 1347.9177750246238
2176.0 1349.079602672336
2177.0 1350.2418294112802
2178.0 1351.4045887756802
2179.0 1352.5677488264316
2180.0 1353.7312616614563
2181.0 1354.895164797488
2182.0 1356.059827012863
2183.0 1357.2248695899202
2184.0 1358.3903338134394
2185.0 1359.5562292595687
2186.0 1360.7226427466242
2187.0 1361.889631185008
2188.0 1363.0569629479678
2189.0 1364.2245363911838
2190.0 1365.3924930651194
2191.0 1366.5605152791522
2192.0 1367.7291522311841
2193.0 1368.8983580090721
2194.0 1370.067882631216
2195.0 1371.237944068176
2196.0 1372.4082170220952
2197.0 1373.5789716378247
2198.0 1374.7506869902886
2199.0 1375.922802762304
2200.0 1377.0953553128481
2201.0 1378.268235113184
2202.0 1379.441989476544
2203.0 1380.6160758473923
2204.0 1381.7903540548486
2205.0 1382.965230954112
2206.0 1384.1404586450878
2207.0 1385.3162422607516
2208.0 1386.4925076668637
2209.0 1387.66935151
2210.0 1388.8460820215514
2211.0 1390.0234004776157
2212.0 1391.2014967155199
2213.0 1392.37988610984
2214.0 1393.5589302693113
2215.0 1394.7383665674402
2216.0 1395.9183071576629
2217.0 1397.0987596117925
2218.0 1398.279666854496
2219.0 1399.4610544011994
2220.0 1400.6427624845123
2221.0 1401.8247593622723
2222.0 1403.00743936784
2223.0 1404.1909497627676
2224.0 1405.3749574126555
2225.0 1406.559387304304
2226.0 1407.7446088356483
2227.0 1408.930445588096
2228.0 1410.1170505657751
2229.0 1411.3041630471678
2230.0 1412.491504731856
2231.0 1413.679500728129
2232.0 1414.8677381848643
2233.0 1416.0566105384491
2234.0 1417.2462183362236
2235.0 1418.4366319668156
2236.0 1419.6278389445602
2237.0 1420.8193742633282
2238.0 1422.0116620720646
2239.0 1423.2043363609605
2240.0 1424.3975487851355
2241.0 1425.590832846128
2242.0 1426.7845997144636
2243.0 1427.9794455559838
2244.0 1429.1747005305926
2245.0 1430.370419717424
2246.0 1431.5668594108643
2247.0 1432.7633596433602
2248.0 1433.9608145160005
2249.0 1435.158546468912
2250.0 1436.3567887763363
2251.0 1437.5555783216637
2252.0 1438.7549357364637
2253.0 1439.9548414510084
2254.0 1441.1550114065599
2255.0 1442.355956294992
2256.0 1443.5575288620798
2257.0 1444.759223335376
2258.0 1445.9614060919207
2259.0 1447.164103679392
2260.0 1448.3669530658879
2261.0 1449.5703385420327
2262.0 1450.7743538060636
2263.0 1451.978592538368
2264.0 1453.1834197225276
2265.0 1454.3888494982723
2266.0 1455.594253148785
2267.0 1456.8000758871362
2268.0 1458.0067332727835
2269.0 1459.2137865345608
2270.0 1460.4214201508958
2271.0 1461.6294355495359
2272.0 1462.837799925616
2273.0 1464.0465290001116
2274.0 1465.2557894064962
2275.0 1466.465271255552
2276.0 1467.6752453008155
2277.0 1468.8855537112152
2278.0 1470.0964337464961
2279.0 1471.3079806614082
2280.0 1472.519994825457
2281.0 1473.7320184864948
2282.0 1474.9447254195686
2283.0 1476.1581640946717
2284.0 1477.3721934046714
2285.0 1478.5866596752312
2286.0 1479.80195663672
2287.0 1481.0179851553441
2288.0 1482.2341288049129
2289.0 1483.4512206065444
2290.0 1484.6688096093442
2291.0 1485.8869661423685
2292.0 1487.1053724263684
2293.0 1488.3244184177279
2294.0 1489.5442871950559
2295.0 1490.7641658533755
2296.0 1491.9844555440636
2297.0 1493.2053105744312
2298.0 1494.4265529632323
2299.0 1495.6477276102723
2300.0 1496.8696678640954
2301.0 1498.092206116527
2302.0 1499.3150552260643
2303.0 1500.5385164522236
2304.0 1501.76236605936
2305.0 1502.986586804895
2306.0 1504.2110245559843
2307.0 1505.4360579469762
2308.0 1506.661440006064
2309.0 1507.8871973217429
2310.0 1509.1137014229275
2311.0 1510.340373037472
2312.0 1511.5674938998238
2313.0 1512.7951546570239
2314.0 1514.0234720371677
2315.0 1515.252153830464
2316.0 1516.481479843584
2317.0 1517.7112251997592
2318.0 1518.941587485744
2319.0 1520.1724454787036
2320.0 1521.4039529269762
2321.0 1522.6356401378562
2322.0 1523.8676915117926
2323.0 1525.1002478146552
2324.0 1526.333042722832
2325.0 1527.5661392525283
2326.0 1528.799997301648
2327.0 1530.0344195992316
2328.0 1531.2692270058083
2329.0 1532.5047170335679
2330.0 1533.740591850512
2331.0 1534.976604647727
2332.0 1536.2132286903047
2333.0 1537.4505654761915
2334.0 1538.6877502822083
2335.0 1539.9251740971838
2336.0 1541.163464522368
2337.0 1542.401984319728
2338.0 1543.6411222554073
2339.0 1544.8809048596956
2340.0 1546.1214104817598
2341.0 1547.3624762901604
2342.0 1548.6037890120804
2343.0 1549.8460073863828
2344.0 1551.0886263295197
2345.0 1552.3316967622711
2346.0 1553.575295547152
2347.0 1554.8197008374245
2348.0 1556.0637738668322
2349.0 1557.309017367952
2350.0 1558.5544417511194
2351.0 1559.8000831158874
2352.0 1561.0463313851194
2353.0 1562.292641594768
2354.0 1563.5393684354397
2355.0 1564.7863967689439
2356.0 1566.0341158682884
2357.0 1567.2823040179044
2358.0 1568.531439992368
2359.0 1569.7811620304642
2360.0 1571.031450850656
2361.0 1572.2817903413124
2362.0 1573.5324631281442
2363.0 1574.784000518816
2364.0 1576.0359703759202
2365.0 1577.2883375678573
2366.0 1578.541447003311
2367.0 1579.7953625636487
2368.0 1581.0496069666403
2369.0 1582.3043036709125
2370.0 1583.559639450816
2371.0 1584.8154434327193
2372.0 1586.0713431726074
2373.0 1587.3278206302718
2374.0 1588.584571262209
2375.0 1589.8414462907206
2376.0 1591.0992216463842
2377.0 1592.3577977709595
2378.0 1593.6165842529442
2379.0 1594.875663798768
2380.0 1596.1351493505122
2381.0 1597.3952700923364
2382.0 1598.6557052162561
2383.0 1599.9166525370879
2384.0 1601.1778577700165
2385.0 1602.4392676456962
2386.0 1603.701046948031
2387.0 1604.9631320412486
2388.0 1606.2258069101122
2389.0 1607.4893852488165
2390.0 1608.7537425569926
2391.0 1610.0188498040961
2392.0 1611.2841936472319
2393.0 1612.55043506896
2394.0 1613.8166805295994
2395.0 1615.0828786090242
2396.0 1616.349540294496
2397.0 1617.6168169200002
2398.0 1618.8842712901117
2399.0 1620.1521348114393
2400.0 1621.4202960844477
2401.0 1622.6890073172003
2402.0 1623.9584064972166
2403.0 1625.2285089657441
2404.0 1626.4988939813602
2405.0 1627.7695491067038
2406.0 1629.0400968344807
2407.0 1630.3111467375206
2408.0 1631.5825240009606
2409.0 1632.854619694289
2410.0 1634.1269452727042
2411.0 1635.3995671309592
2412.0 1636.6728443197603
2413.0 1637.946525803167
2414.0 1639.2203860182879
2415.0 1640.494681841264
2416.0 1641.7693521521608
2417.0 1643.0448033014559
2418.0 1644.3208352498561
2419.0 1645.5968573470727
2420.0 1646.8732604113436
2421.0 1648.150157000528
2422.0 1649.4274304491523
2423.0 1650.7051765861117
2424.0 1651.983507148208
2425.0 1653.2617363274717
2426.0 1654.5407240278714
2427.0 1655.8202973470075
2428.0 1657.1003260868324
2429.0 1658.3809508251682
2430.0 1659.6620216200638
2431.0 1660.943585905584
2432.0 1662.2256549119988
2433.0 1663.5082164331834
2434.0 1664.791229223568
2435.0 1666.0749167097922
2436.0 1667.3589346089932
2437.0 1668.6432499783368
2438.0 1669.927428840528
2439.0 1671.2122513547042
2440.0 1672.4972807765287
2441.0 1673.7829696920649
2442.0 1675.0695226324635
2443.0 1676.3563438088484
2444.0 1677.6435873883675
2445.0 1678.9312638779363
2446.0 1680.2196125963205
2447.0 1681.5085763623524
2448.0 1682.7977783002248
2449.0 1684.0868880125436
2450.0 1685.3767970966878
2451.0 1686.6667502439682
2452.0 1687.9574011769432
2453.0 1689.2485641589124
2454.0 1690.5399958801293
2455.0 1691.8313803747994
2456.0 1693.1233994479203
2457.0 1694.4158603296314
2458.0 1695.7087664462401
2459.0 1697.0019387279845
2460.0 1698.2957456775523
2461.0 1699.5900607282554
2462.0 1700.8849415725756
2463.0 1702.1804647708639
2464.0 1703.4759938348477
2465.0 1704.7720813096807
2466.0 1706.068630270352
2467.0 1707.3653228073758
2468.0 1708.6620563255838
2469.0 1709.9591007669437
2470.0 1711.2569632810068
2471.0 1712.554817055951
2472.0 1713.8536026886727
2473.0 1715.1528674526558
2474.0 1716.4526328081597
2475.0 1717.753141424097
2476.0 1719.0540571201443
2477.0 1720.3555673440965
2478.0 1721.6582174234875
2479.0 1722.9607052507351
2480.0 1724.2634844731197
2481.0 1725.5664804465755
2482.0 1726.8703425538547
2483.0 1728.1747988417123
2484.0 1729.47958837528
2485.0 1730.7844612874565
2486.0 1732.0898888095678
2487.0 1733.3957652401764
2488.0 1734.7021120989928
2489.0 1736.0088297490875
2490.0 1737.3154958532327
2491.0 1738.6227087250234
2492.0 1739.930557722432
2493.0 1741.238683967392
2494.0 1742.5472384221284
2495.0 1743.8566218829906
2496.0 1745.1665564699688
2497.0 1746.4763680041913
2498.0 1747.7870044741437
2499.0 1749.0982279585762
2500.0 1750.4098203506721
2501.0 1751.7213483366238
2502.0 1753.0331474071365
2503.0 1754.345552491744
2504.0 1755.6584200921588
2505.0 1756.9719489495997
2506.0 1758.2862281680166
2507.0 1759.6008660271832
2508.0 1760.9158833677593
2509.0 1762.2311146350403
2510.0 1763.5468588948158
2511.0 1764.863137123857
2512.0 1766.1795582617287
2513.0 1767.4963316072808
2514.0 1768.8136234831677
2515.0 1770.131095318048
2516.0 1771.4488115372963
2517.0 1772.7666802043047
2518.0 1774.0850854285757
2519.0 1775.4036641822556
2520.0 1776.7228235199832
2521.0 1778.0423563981753
2522.0 1779.3625803978878
2523.0 1780.682804533008
2524.0 1782.00344136424
2525.0 1783.3244939535039
2526.0 1784.6462379191194
2527.0 1785.9681028566388
2528.0 1787.2901198831037
2529.0 1788.6126909522231
2530.0 1789.936158966096
2531.0 1791.2599298143675
2532.0 1792.5841982704806
2533.0 1793.908848801472
2534.0 1795.2338578344322
2535.0 1796.5590772020482
2536.0 1797.884512681409
2537.0 1799.2102121217442
2538.0 1800.5370400188156
2539.0 1801.8646702595845
2540.0 1803.192538207712
2541.0 1804.5205692934246
2542.0 1805.8485455792957
2543.0 1807.1772735223192
2544.0 1808.5062801868485
2545.0 1809.8362488490882
2546.0 1811.1669682430881
2547.0 1812.498133713744
2548.0 1813.8297328056003
2549.0 1815.1619878149127
2550.0 1816.4946599907205
2551.0 1817.8275835791683
2552.0 1819.1611029986084
2553.0 1820.4953887906245
2554.0 1821.830163607919
2555.0 1823.1654211089765
2556.0 1824.5006633348644
2557.0 1825.8365998407673
2558.0 1827.172977055264
2559.0 1828.509726943808
2560.0 1829.8470315958882
2561.0 1831.1851850230876
2562.0 1832.523667198368
2563.0 1833.8626052796958
2564.0 1835.2013936344488
2565.0 1836.5406628433914
2566.0 1837.8797720489285
2567.0 1839.2195796804804
2568.0 1840.5595048814089
2569.0 1841.9001185207194
2570.0 1843.2410786698078
2571.0 1844.582446280913
2572.0 1845.9245296427193
2573.0 1847.2672693469437
2574.0 1848.6108674448637
2575.0 1849.95454083264
2576.0 1851.2987724447037
2577.0 1852.6438596019518
2578.0 1853.9892069586572
2579.0 1855.3348147285099
2580.0 1856.6805684184797
2581.0 1858.0263323007196
2582.0 1859.3722842689124
2583.0 1860.7191154193915
2584.0 1862.0669449129764
2585.0 1863.4148836640793
2586.0 1864.76322736848
2587.0 1866.1121813923844
2588.0 1867.461588067535
2589.0 1868.8113349278235
2590.0 1870.1618117849434
2591.0 1871.5126323195855
2592.0 1872.863925068784
2593.0 1874.2148792385112
2594.0 1875.566618324192
2595.0 1876.9187403629926
2596.0 1878.2714574227036
2597.0 1879.6242461761435
2598.0 1880.9778284033266
2599.0 1882.3318974012157
2600.0 1883.6863849103352
2601.0 1885.0412857511674
2602.0 1886.397145002463
2603.0 1887.7535452711522
2604.0 1889.1102918821766
2605.0 1890.4676612532162
2606.0 1891.8250878586073
2607.0 1893.1831352926226
2608.0 1894.5414588687022
2609.0 1895.9000537462239
2610.0 1897.25874957736
2611.0 1898.6184149345918
2612.0 1899.9785911991526
2613.0 1901.3391840991048
2614.0 1902.70070208184
2615.0 1904.062809721103
2616.0 1905.4252180885287
2617.0 1906.7882467816482
2618.0 1908.1514888471677
2619.0 1909.5150670047035
2620.0 1910.8786867693445
2621.0 1912.2425734499345
2622.0 1913.606653351857
2623.0 1914.9715186398414
2624.0 1916.3370431725757
2625.0 1917.7028582571515
2626.0 1919.0693472881114
2627.0 1920.4362187434078
2628.0 1921.8037582640322
2629.0 1923.172056833631
2630.0 1924.5406097014559
2631.0 1925.9097134314875
2632.0 1927.2793844803352
2633.0 1928.6495376431517
2634.0 1930.0197187746398
2635.0 1931.3905052814716
2636.0 1932.761914425168
2637.0 1934.1338448544325
2638.0 1935.5062682593602
2639.0 1936.879028147455
2640.0 1938.2522166623999
2641.0 1939.6259988994884
2642.0 1941.0002488717123
2643.0 1942.3753424771203
2644.0 1943.750259408001
2645.0 1945.126205089056
2646.0 1946.5028900334396
2647.0 1947.8794156621432
2648.0 1949.2564898291198
2649.0 1950.634174887647
2650.0 1952.0117848179361
2651.0 1953.3903829124633
2652.0 1954.769497160832
2653.0 1956.1494052704159
2654.0 1957.529323187136
2655.0 1958.9103067782248
2656.0 1960.2917958444323
2657.0 1961.672956597297
2658.0 1963.0541893027844
2659.0 1964.4360751077281
2660.0 1965.8189201454238
2661.0 1967.202601384976
2662.0 1968.5865563803677
2663.0 1969.9711371389283
2664.0 1971.3558399730396
2665.0 1972.740606706975
2666.0 1974.125356194112
2667.0 1975.5104847059204
2668.0 1976.8962453271208
2669.0 1978.2826466054412
2670.0 1979.6696362857915
2671.0 1981.0566426258724
2672.0 1982.4435456568149
2673.0 1983.8308441797762
2674.0 1985.2186809361278
2675.0 1986.6075402475676
2676.0 1987.9963534955834
2677.0 1989.3856519529763
2678.0 1990.7755283203683
2679.0 1992.165713842721
2680.0 1993.556581717729
2681.0 1994.9484217830243
2682.0 1996.3407282383837
2683.0 1997.733999906993
2684.0 1999.1274271081445
2685.0 2000.5215818543206
2686.0 2001.9158612102242
2687.0 2003.3107702222726
2688.0 2004.7060544476003
2689.0 2006.1017832597918
2690.0 2007.497465354864
2691.0 2008.8932681662714
2692.0 2010.2892706547038
2693.0 2011.6864454100014
2694.0 2013.083958422545
2695.0 2014.482389283552
2696.0 2015.8808805556953
2697.0 2017.2796139433758
2698.0 2018.6789125942894
2699.0 2020.0779241424473
2700.0 2021.4774484358713
2701.0 2022.8770939701121
2702.0 2024.2775869252168
2703.0 2025.6786633988636
2704.0 2027.0803302717602
2705.0 2028.482306155936
2706.0 2029.8849770035195
2707.0 2031.288221769521
2708.0 2032.6918545238411
2709.0 2034.0960538710556
2710.0 2035.5004776463677
2711.0 2036.9056320882082
2712.0 2038.3118356368475
2713.0 2039.7180316050392
2714.0 2041.1250317453764
2715.0 2042.5325065704324
2716.0 2043.940727706015
2717.0 2045.3494654128313
2718.0 2046.758436885119
2719.0 2048.1681669853606
2720.0 2049.5782599080003
2721.0 2050.9889538241455
2722.0 2052.4001947620495
2723.0 2053.811962504928
2724.0 2055.223840376753
2725.0 2056.636270986449
2726.0 2058.0487336951364
2727.0 2059.4616067930724
2728.0 2060.874851237871
2729.0 2062.2881966971045
2730.0 2063.7022222688483
2731.0 2065.1166559075673
2732.0 2066.531916972287
2733.0 2067.9474275522102
2734.0 2069.3633236471346
2735.0 2070.7791921325925
2736.0 2072.195904648784
2737.0 2073.6132053735682
2738.0 2075.0313087154873
2739.0 2076.449442634257
2740.0 2077.8682788124484
2741.0 2079.2871706920005
2742.0 2080.7065371041126
2743.0 2082.126234885634
2744.0 2083.546687029153
2745.0 2084.9678942332152
2746.0 2086.3895934535044
2747.0 2087.8117173181927
2748.0 2089.2343468135045
2749.0 2090.6573023267824
2750.0 2092.0799411280336
2751.0 2093.502527089057
2752.0 2094.9259076823046
2753.0 2096.349882029439
2754.0 2097.773865718928
2755.0 2099.1986868355675
2756.0 2100.6243524177435
2757.0 2102.0506290549756
2758.0 2103.4768749140485
2759.0 2104.903114228432
2760.0 2106.330139673711
2761.0 2107.7571549336485
2762.0 2109.185330022992
2763.0 2110.613676563392
2764.0 2112.042805845999
2765.0 2113.472338588336
2766.0 2114.9016030524494
2767.0 2116.3312570374546
2768.0 2117.7615604560474
2769.0 2119.191834898161
2770.0 2120.6224574137595
2771.0 2122.05389685568
2772.0 2123.486416162047
2773.0 2124.919327694767
2774.0 2126.3522797067344
2775.0 2127.7860451888937
2776.0 2129.2199833782242
2777.0 2130.6540124390226
2778.0 2132.0887090702245
2779.0 2133.5235345466567
2780.0 2134.9587876815517
2781.0 2136.3946776306557
2782.0 2137.8308689880796
2783.0 2139.2675636118543
2784.0 2140.704762787713
2785.0 2142.142417983969
2786.0 2143.5799610469116
2787.0 2145.0180239121446
2788.0 2146.4566992763685
2789.0 2147.8956542964797
2790.0 2149.334923617328
2791.0 2150.7741378078076
2792.0 2152.2137371599683
2793.0 2153.6540544807517
2794.0 2155.094255503088
2795.0 2156.535227654688
2796.0 2157.976942755553
2797.0 2159.4190094971527
2798.0 2160.8615222842395
2799.0 2162.305068356497
2800.0 2163.74926220752
2801.0 2165.1937251929917
2802.0 2166.6386899031354
2803.0 2168.0841370015837
2804.0 2169.5298439361745
2805.0 2170.9759318827846
2806.0 2172.422491681343
2807.0 2173.8692117538385
2808.0 2175.3163373322723
2809.0 2176.76417274048
2810.0 2178.2124569197613
2811.0 2179.660982301792
2812.0 2181.109703044047
2813.0 2182.5588696438413
2814.0 2184.0087411403842
2815.0 2185.458791366256
2816.0 2186.909355714383
2817.0 2188.360211373279
2818.0 2189.811948402498
2819.0 2191.264114136081
2820.0 2192.7162082997424
2821.0 2194.1688791570405
2822.0 2195.6218179994394
2823.0 2197.074999033487
2824.0 2198.5287559450558
2825.0 2199.9830185476476
2826.0 2201.4372166538546
2827.0 2202.8923559494388
2828.0 2204.3480411692485
2829.0 2205.8038453148483
2830.0 2207.2604148115993
2831.0 2208.7170797649605
2832.0 2210.1736449050068
2833.0 2211.6308354328967
2834.0 2213.0887318092323
2835.0 2214.5468041239847
2836.0 2216.005764059776
2837.0 2217.4653541913913
2838.0 2218.925449581903
2839.0 2220.385652917232
2840.0 2221.84656697144
2841.0 2223.307966261743
2842.0 2224.7698091297443
2843.0 2226.2317743085277
2844.0 2227.694147979071
2845.0 2229.157146366129
2846.0 2230.6211116137115
2847.0 2232.0852705947354
2848.0 2233.5498595930876
2849.0 2235.0148988839205
2850.0 2236.480345156144
2851.0 2237.94570867872
2852.0 2239.4111454308477
2853.0 2240.877516119057
2854.0 2242.343684677904
2855.0 2243.810306883375
2856.0 2245.277053528479
2857.0 2246.7442829578404
2858.0 2248.211851088529
2859.0 2249.6800439632802
2860.0 2251.148685999872
2861.0 2252.617547287248
2862.0 2254.087090261568
2863.0 2255.557192752144
2864.0 2257.027399466687
2865.0 2258.4978093532814
2866.0 2259.9683762419354
2867.0 2261.4390888102553
2868.0 2262.9101547653268
2869.0 2264.3812860520484
2870.0 2265.8530546141274
2871.0 2267.3255541825283
2872.0 2268.7980241470573
2873.0 2270.271532133472
2874.0 2271.745689432032
2875.0 2273.2206131359517
2876.0 2274.6967023839525
2877.0 2276.1737759942084
2878.0 2277.6511171370084
2879.0 2279.1285871850882
2880.0 2280.6066750044965
2881.0 2282.084967087264
2882.0 2283.5630770078565
2883.0 2285.042145022191
2884.0 2286.5214564954886
2885.0 2288.0014966973436
2886.0 2289.4822575286867
2887.0 2290.963785822384
2888.0 2292.4454238088965
2889.0 2293.9276136206877
2890.0 2295.41011918312
2891.0 2296.89348607336
2892.0 2298.376915843696
2893.0 2299.860267098592
2894.0 2301.3440763610256
2895.0 2302.82842843864
2896.0 2304.3125598776155
2897.0 2305.797199358865
2898.0 2307.2816373558226
2899.0 2308.7669390603996
2900.0 2310.253081591697
2901.0 2311.73995134576
2902.0 2313.2270635990253
2903.0 2314.714440851584
2904.0 2316.20254854312
2905.0 2317.690466175521
2906.0 2319.1787812132648
2907.0 2320.6678291676
2908.0 2322.1568035603345
2909.0 2323.6458935766714
2910.0 2325.1355281823517
2911.0 2326.6253007604487
2912.0 2328.115140942161
2913.0 2329.6060372491365
2914.0 2331.096719040095
2915.0 2332.588018410353
2916.0 2334.07971103736
2917.0 2335.5720060811045
2918.0 2337.064631950255
2919.0 2338.557658015391
2920.0 2340.051218359312
2921.0 2341.5445968959357
2922.0 2343.0386300242226
2923.0 2344.533111346881
2924.0 2346.0278632606405
2925.0 2347.5231942235037
2926.0 2349.018926243553
2927.0 2350.5150219802395
2928.0 2352.0118338244465
2929.0 2353.5094457706737
2930.0 2355.007889458831
2931.0 2356.506658144209
2932.0 2358.0065444301135
2933.0 2359.506596956881
2934.0 2361.0070575326736
2935.0 2362.5080894174403
2936.0 2364.0094403142234
2937.0 2365.511080542145
2938.0 2367.01326140304
2939.0 2368.5152757657916
2940.0 2370.0171837220323
2941.0 2371.519610375248
2942.0 2373.0228672788
2943.0 2374.5261558467523
2944.0 2376.0297764907687
2945.0 2377.5342533764338
2946.0 2379.038996530528
2947.0 2380.544016086513
2948.0 2382.0497642835035
2949.0 2383.5560879440973
2950.0 2385.063414364913
2951.0 2386.5716682632947
2952.0 2388.080177466417
2953.0 2389.589362869904
2954.0 2391.0983627860805
2955.0 2392.607989464752
2956.0 2394.117230321744
2957.0 2395.626942452081
2958.0 2397.137223230847
2959.0 2398.647466478031
2960.0 2400.158191641218
2961.0 2401.669318194895
2962.0 2403.180670192577
2963.0 2404.693099603072
2964.0 2406.205256599504
2965.0 2407.7184626156477
2966.0 2409.232170532353
2967.0 2410.746206983054
2968.0 2412.2604721899843
2969.0 2413.7756129463514
2970.0 2415.291538959697
2971.0 2416.80830481144
2972.0 2418.3251966012003
2973.0 2419.8421764099994
2974.0 2421.3597938594885
2975.0 2422.878046261519
2976.0 2424.3975924585766
2977.0 2425.917213688896
2978.0 2427.4380937608958
2979.0 2428.9590423964955
2980.0 2430.4804599347526
2981.0 2432.002594964576
2982.0 2433.525348702401
2983.0 2435.0485065895673
2984.0 2436.5718355329755
2985.0 2438.096067308751
2986.0 2439.620594977457
2987.0 2441.1458878732483
2988.0 2442.671585523456
2989.0 2444.198486366592
2990.0 2445.725305552207
2991.0 2447.253134198737
2992.0 2448.7812756193603
2993.0 2450.3097107204635
2994.0 2451.83856500752
2995.0 2453.368101320192
2996.0 2454.898724292224
2997.0 2456.4287798365112
2998.0 2457.9587030734874
2999.0 2459.489396658497
3000.0 2461.0209729957614
