1.0 0.06217371190348794
2.0 0.07410993645855997
3.0 0.08276929668327995
4.0 0.09020537432019197
5.0 0.09702614041335997
6.0 0.10355555938356795
7.0 0.10993304521065597
8.0 0.11624979576913601
9.0 0.12252538465334395
10.0 0.12884947093131194
11.0 0.13523204856475196
12.0 0.14163814810951997
13.0 0.14816373554260798
14.0 0.15475178133622394
15.0 0.16138399278316795
16.0 0.16808649852958396
17.0 0.174938912425456
18.0 0.18186127532172794
19.0 0.188941098099072
20.0 0.19605662828132803
21.0 0.20325578223663987
22.0 0.2106319223572959
23.0 0.21806556101912006
24.0 0.22561706958134403
25.0 0.23330929012883206
26.0 0.241059050242608
27.0 0.24893064679664004
28.0 0.25695353394576
29.0 0.26503179901311996
30.0 0.2732038604329601
31.0 0.28149566791151986
32.0 0.28994888754399994
33.0 0.29849063091632
34.0 0.3071423200096
35.0 0.31592336555152
36.0 0.32484758501072
37.0 0.33382174199855996
38.0 0.34288842733407976
39.0 0.3520944079200001
40.0 0.3614156131583999
41.0 0.37078728903471997
42.0 0.38030110601119993
43.0 0.3898766036536
44.0 0.39956976315392007
45.0 0.40936015411504006
46.0 0.4192373001387201
47.0 0.4292276359958399
48.0 0.4393304498476801
49.0 0.4495609552561599
50.0 0.45985913831696
51.0 0.47024663509087994
52.0 0.48075748773167987
53.0 0.4913714404271999
54.0 0.50205377904176
55.0 0.5128514953124798
56.0 0.5237168484444801
57.0 0.5347140981185601
58.0 0.5458217028244801
59.0 0.5570248519788803
60.0 0.5683521576809601
61.0 0.57974800793904
62.0 0.5912371484384
63.0 0.6028237529843199
64.0 0.6144974511903999
65.0 0.6262450754809599
66.0 0.6380338804593599
67.0 0.6499602748875203
68.0 0.6619709724060804
69.0 0.6740807033572798
70.0 0.6862481616937599
71.0 0.6984699281019198
72.0 0.71079109709072
73.0 0.7231384965457598
74.0 0.7356113162441598
75.0 0.7482151608267197
76.0 0.7608820625319999
77.0 0.7736124856051199
78.0 0.7864112430640005
79.0 0.7993868970225598
80.0 0.8123669677113601
81.0 0.8254411742007999
82.0 0.8386400753078398
83.0 0.8518874740177598
84.0 0.8652284064124801
85.0 0.8786721279737604
86.0 0.8921662233968002
87.0 0.9057599068236802
88.0 0.9194064271627198
89.0 0.9331731093867202
90.0 0.9469595239088004
91.0 0.9608038949284803
92.0 0.97474079542416
93.0 0.9887296733366403
94.0 1.0028256683022394
95.0 1.0169515627241599
96.0 1.03118048247744
97.0 1.04547262927472
98.0 1.0597995958729602
99.0 1.07423840406048
100.0 1.0887113333748797
101.0 1.1032855324948805
102.0 1.1178799589335995
103.0 1.13256900624896
104.0 1.1473100033619201
105.0 1.1621476465156797
106.0 1.17710454936816
107.0 1.19215824568544
108.0 1.20723491885872
109.0 1.2224030385571205
110.0 1.23761487206608
111.0 1.2528540664516798
112.0 1.2682303645004804
113.0 1.2836728776878397
114.0 1.2992113647488002
115.0 1.3148180069681605
116.0 1.3304747873217606
117.0 1.3461913894759996
118.0 1.3619735697272
119.0 1.3777790929559999
120.0 1.3936778882688006
121.0 1.4096924423328003
122.0 1.4257523942271997
123.0 1.4418605178924797
124.0 1.4580414143384008
125.0 1.4743368678668811
126.0 1.4906618229024002
127.0 1.5070366409742408
128.0 1.5235282199870406
129.0 1.5399896360624001
130.0 1.5566129961654394
131.0 1.5732110344447996
132.0 1.5898408008747205
133.0 1.6065503069003195
134.0 1.6233219396593594
135.0 1.6401156631024005
136.0 1.6570521487321603
137.0 1.67401002343456
138.0 1.6910101135516797
139.0 1.7080786832319999
140.0 1.7252034657041602
141.0 1.7424138068958395
142.0 1.7596745595918393
143.0 1.7769634123684803
144.0 1.7942955210700802
145.0 1.8117010496993604
146.0 1.8291960586038403
147.0 1.8467942912470405
148.0 1.864443890409601
149.0 1.8821458648457596
150.0 1.8998569393265607
151.0 1.91759479114928
152.0 1.9354696173414396
153.0 1.9533545035427191
154.0 1.9713228053452796
155.0 1.9893551337078403
156.0 2.0074761000672
157.0 2.0256548469798403
158.0 2.0438337102635207
159.0 2.0621095763465593
160.0 2.0804232869006407
161.0 2.0988122210336
162.0 2.1172284865630404
163.0 2.1357181438423996
164.0 2.1542427961364803
165.0 2.1728101818609593
166.0 2.191449668282239
167.0 2.21013708196912
168.0 2.2289252630340792
169.0 2.247732188360159
170.0 2.2665899721179197
171.0 2.2855100882992003
172.0 2.3044960752516808
173.0 2.3235240914812794
174.0 2.3425720385267206
175.0 2.3616540520481597
176.0 2.3807772640526395
177.0 2.399974378134241
178.0 2.4192227945841607
179.0 2.4384970901841596
180.0 2.4578308927670394
181.0 2.4772241387134413
182.0 2.4966587142292798
183.0 2.51612090448528
184.0 2.5356595263694404
185.0 2.55525068251584
186.0 2.5748766978803195
187.0 2.5945371129344
188.0 2.6142355052424002
189.0 2.63399703852128
190.0 2.653823180956159
191.0 2.6736796498865605
192.0 2.69357667342928
193.0 2.713534553094559
194.0 2.733566728677922
195.0 2.75364679707216
196.0 2.773737759872
197.0 2.7939110104601603
198.0 2.8141467786377605
199.0 2.834437898258241
200.0 2.85476727486576
201.0 2.875157909434879
202.0 2.895566718295681
203.0 2.9160238372647997
204.0 2.936546227975199
205.0 2.9570438317727996
206.0 2.977635544080639
207.0 2.998321600856
208.0 3.0190388272881608
209.0 3.0398301649081594
210.0 3.060692954733438
211.0 3.081600869192799
212.0 3.10253987358048
213.0 3.1235306981713604
214.0 3.14461372252464
215.0 3.16573935553296
216.0 3.1868844321937595
217.0 3.208055360504639
218.0 3.2292755507353625
219.0 3.2505259681683207
220.0 3.271815981084962
221.0 3.2931647882764765
222.0 3.3145402166875186
223.0 3.3360015933432017
224.0 3.357483211368799
225.0 3.3790043895364805
226.0 3.400612691449119
227.0 3.4223006695945593
228.0 3.443968230664319
229.0 3.4657406879699195
230.0 3.487571750735841
231.0 3.5094427743148797
232.0 3.5313809792884805
233.0 3.553348161890079
234.0 3.5754386586436793
235.0 3.5975218585227196
236.0 3.619685259031519
237.0 3.6418624699187196
238.0 3.6640865326731187
239.0 3.6863830589553586
240.0 3.708734646604001
241.0 3.731135587734241
242.0 3.7535834539654416
243.0 3.77607422170336
244.0 3.7986607109668804
245.0 3.8212758145355203
246.0 3.843888611351359
247.0 3.8665673061468815
248.0 3.8893292322924777
249.0 3.9121694760040002
250.0 3.9350116151147176
251.0 3.9579330036065605
252.0 3.9808892336742425
253.0 4.003917060700961
254.0 4.027021485729759
255.0 4.050166344399039
256.0 4.0733563929761605
257.0 4.096590690894558
258.0 4.1198811110379205
259.0 4.1431865391107205
260.0 4.166532093948639
261.0 4.189881134806081
262.0 4.2132958835648
263.0 4.236731247623362
264.0 4.260202969132957
265.0 4.283734988689281
266.0 4.307333657382402
267.0 4.3309466269568
268.0 4.354641452640001
269.0 4.3783602153200025
270.0 4.4021256752432
271.0 4.4258874559071995
272.0 4.449722306038401
273.0 4.473583291537599
274.0 4.497519044049601
275.0 4.5214934681152
276.0 4.545487705367998
277.0 4.569547452121601
278.0 4.5936672117279995
279.0 4.617827440132801
280.0 4.6420907921776005
281.0 4.666398146868799
282.0 4.6907657913200005
283.0 4.715179136222401
284.0 4.739655559095999
285.0 4.7641738295903995
286.0 4.7887515006064
287.0 4.813367576457601
288.0 4.838026383460799
289.0 4.862716100025603
290.0 4.887502754134399
291.0 4.912310210427199
292.0 4.937206136504001
293.0 4.962096705022401
294.0 4.987076814425599
295.0 5.0121245725904
296.0 5.037178780953601
297.0 5.0622918304464
298.0 5.087487815572798
299.0 5.112714829931198
300.0 5.1379436668848
301.0 5.163234708814401
302.0 5.1885215236464
303.0 5.213865167179201
304.0 5.239247341391998
305.0 5.264719597356798
306.0 5.290199733587201
307.0 5.315767085465601
308.0 5.341389099248002
309.0 5.3671136483728015
310.0 5.392846375124801
311.0 5.418647603676801
312.0 5.4445167414256
313.0 5.470392268911999
314.0 5.496377015377601
315.0 5.522395991699201
316.0 5.548496960233602
317.0 5.574640518209601
318.0 5.600801345439999
319.0 5.627039161200004
320.0 5.6533419753264
321.0 5.6797141639984
322.0 5.706142059566401
323.0 5.732622537273599
324.0 5.759144733819202
325.0 5.785769199964799
326.0 5.812412010291202
327.0 5.839137525512001
328.0 5.865873969199999
329.0 5.892679486912
330.0 5.919540740486399
331.0 5.946411241928
332.0 5.973357435828801
333.0 6.000352812785598
334.0 6.027381851140796
335.0 6.054431235433599
336.0 6.081512028785603
337.0 6.108657265318402
338.0 6.1358980375056
339.0 6.163111731591998
340.0 6.190409904540801
341.0 6.217724592723198
342.0 6.2451385045439975
343.0 6.272573062686399
344.0 6.300087388116802
345.0 6.327645861398399
346.0 6.355273721702401
347.0 6.3829357382128
348.0 6.410686959371198
349.0 6.438495123745601
350.0 6.466366878052801
351.0 6.494296722203197
352.0 6.522233918588799
353.0 6.5502325768288
354.0 6.578306418699201
355.0 6.6064444450608
356.0 6.6346560092079985
357.0 6.6628919218527995
358.0 6.691222782995203
359.0 6.719604641305601
360.0 6.748023809144
361.0 6.776499951702398
362.0 6.8050163470656
363.0 6.833624661137601
364.0 6.862334985056002
365.0 6.891063308632002
366.0 6.9198730306624014
367.0 6.948766061145598
368.0 6.977683189254397
369.0 7.006648572313597
370.0 7.035713132472002
371.0 7.064790664049596
372.0 7.093969719907202
373.0 7.1231771472304
374.0 7.152506133407999
375.0 7.181847547979197
376.0 7.211241435295999
377.0 7.240742248878401
378.0 7.270214017833595
379.0 7.299778460799999
380.0 7.329379853240002
381.0 7.359099470502398
382.0 7.388904605932799
383.0 7.418733615787201
384.0 7.448585808751998
385.0 7.4784857665824
386.0 7.508497253353601
387.0 7.538482770340799
388.0 7.568552860614401
389.0 7.598691028935998
390.0 7.628818718075204
391.0 7.659035394433599
392.0 7.6893091618352
393.0 7.719661711544004
394.0 7.750069565020799
395.0 7.780540091742398
396.0 7.811070000900803
397.0 7.841668402172803
398.0 7.872296960163199
399.0 7.902960926798398
400.0 7.933701694540799
401.0 7.964498073968002
402.0 7.995335508502398
403.0 8.0262592775648
404.0 8.057236058851199
405.0 8.088278012719996
406.0 8.119358684969601
407.0 8.1505189893392
408.0 8.1817062054672
409.0 8.212940691668804
410.0 8.244245393843197
411.0 8.275593252419199
412.0 8.3070323342368
413.0 8.338478456270401
414.0 8.369956284326399
415.0 8.401463928527999
416.0 8.433033299484801
417.0 8.464658618307197
418.0 8.496345069103999
419.0 8.528079172515197
420.0 8.559857558865598
421.0 8.5917081057984
422.0 8.623593431004803
423.0 8.6555558108496
424.0 8.687513535078399
425.0 8.7194979571456
426.0 8.75158144108
427.0 8.783666066855996
428.0 8.815801079763201
429.0 8.847970703468805
430.0 8.8801837606688
431.0 8.912489725555204
432.0 8.944837578260808
433.0 8.977209974772801
434.0 9.009633650561598
435.0 9.042095597528
436.0 9.0746364486176
437.0 9.1071881259152
438.0 9.1398102940336
439.0 9.172481542132799
440.0 9.205170488411198
441.0 9.2379320908864
442.0 9.2707866639008
443.0 9.3036866389872
444.0 9.336648510636794
445.0 9.3696588538976
446.0 9.402714537996797
447.0 9.435781124662402
448.0 9.468954539312
449.0 9.502141386187205
450.0 9.535441076072
451.0 9.568729521406395
452.0 9.6021164555632
453.0 9.63551629744
454.0 9.668959374334397
455.0 9.702433571012802
456.0 9.735952319641601
457.0 9.7695481829952
458.0 9.803184973703996
459.0 9.836896468939198
460.0 9.870718043063997
461.0 9.904562114991993
462.0 9.93843529892
463.0 9.972382887819204
464.0 10.006436367843204
465.0 10.040547127587203
466.0 10.074748115567997
467.0 10.108972208086396
468.0 10.1433269864784
469.0 10.1777284873984
470.0 10.212181206302397
471.0 10.246677148204798
472.0 10.281215004998398
473.0 10.315781702476801
474.0 10.350428328004796
475.0 10.385130499244802
476.0 10.4198794495648
477.0 10.454740890409605
478.0 10.489624908624005
479.0 10.524570152064003
480.0 10.559593477587196
481.0 10.594693611718402
482.0 10.629835368791998
483.0 10.665058466089597
484.0 10.700359707121603
485.0 10.735692638966404
486.0 10.771088797376002
487.0 10.806510935451197
488.0 10.842010204483204
489.0 10.877594350849595
490.0 10.913191784916801
491.0 10.948818615119999
492.0 10.984485556446398
493.0 11.020186583897601
494.0 11.055985634731202
495.0 11.091804996732801
496.0 11.127679024223998
497.0 11.163593170313598
498.0 11.199560408200004
499.0 11.235576732839998
500.0 11.271658278502406
501.0 11.307767606239997
502.0 11.343949019488
503.0 11.380169458737598
504.0 11.416456004700802
505.0 11.452802916731201
506.0 11.489184663659206
507.0 11.525591528800003
508.0 11.562058116644799
509.0 11.598618142947203
510.0 11.6351980693936
511.0 11.671839892288
512.0 11.708532370182402
513.0 11.745251411648
514.0 11.782052490870397
515.0 11.818926806465601
516.0 11.855857171284802
517.0 11.892871692115198
518.0 11.929954365512
519.0 11.9671202258704
520.0 12.004348734361598
521.0 12.041614934633595
522.0 12.0789178600368
523.0 12.116257608911997
524.0 12.153664034494401
525.0 12.191159144088001
526.0 12.228668823254404
527.0 12.266232007854402
528.0 12.303873549062398
529.0 12.341538589116793
530.0 12.3792921844016
531.0 12.417061301479999
532.0 12.4548696402192
533.0 12.4927684572368
534.0 12.530690808212807
535.0 12.568666723867205
536.0 12.606744794991993
537.0 12.644890350464005
538.0 12.683080080633594
539.0 12.721299916321604
540.0 12.7595942196176
541.0 12.797962630654402
542.0 12.836373245281607
543.0 12.874792561352
544.0 12.913281923214404
545.0 12.951783433073597
546.0 12.990319290124802
547.0 13.028997414201598
548.0 13.067709175838397
549.0 13.106473027862402
550.0 13.145288134118399
551.0 13.184153955351993
552.0 13.223021611103993
553.0 13.261950558950394
554.0 13.300939583368
555.0 13.340018997883195
556.0 13.379139605873604
557.0 13.418324544878402
558.0 13.457603110577603
559.0 13.4969230425184
560.0 13.536314784158396
561.0 13.575787642404801
562.0 13.615258948764799
563.0 13.654767358440001
564.0 13.694350253044792
565.0 13.733972011107195
566.0 13.773642660252799
567.0 13.8134037648272
568.0 13.853248745537599
569.0 13.893178255230401
570.0 13.933176190632
571.0 13.973271084886402
572.0 14.013339576112
573.0 14.053448224923205
574.0 14.093678458116802
575.0 14.133968353868795
576.0 14.174285420163198
577.0 14.2146474667712
578.0 14.255084413774403
579.0 14.2956163163104
580.0 14.336169058644796
581.0 14.376776588636798
582.0 14.41744037653119
583.0 14.458188302251202
584.0 14.498967203564806
585.0 14.539814535873598
586.0 14.580689483558402
587.0 14.621606328756801
588.0 14.6626030440064
589.0 14.703656036612802
590.0 14.744736973553604
591.0 14.7858636880736
592.0 14.827041442420803
593.0 14.868296177523195
594.0 14.909628471404796
595.0 14.951015411617604
596.0 14.992476889366406
597.0 15.033995694695998
598.0 15.0755553999312
599.0 15.117191005430405
600.0 15.158909977238403
601.0 15.200681435547201
602.0 15.242517672024002
603.0 15.284434504438403
604.0 15.326422167428802
605.0 15.368455175347203
606.0 15.410555462091207
607.0 15.452706575915197
608.0 15.494896426847998
609.0 15.537137997155202
610.0 15.579435965512
611.0 15.621816284924801
612.0 15.664279338544002
613.0 15.706821640860795
614.0 15.7494024948272
615.0 15.792048137243203
616.0 15.8347718638256
617.0 15.877632002672005
618.0 15.9204993805504
619.0 15.963397454320003
620.0 16.00635902010559
621.0 16.049310384115202
622.0 16.092385200903998
623.0 16.13556126343679
624.0 16.178757517414404
625.0 16.221977075580792
626.0 16.26522871576159
627.0 16.3085754402464
628.0 16.351961843508793
629.0 16.3954380988448
630.0 16.438940571153598
631.0 16.482572998107194
632.0 16.5262233816704
633.0 16.569931922334398
634.0 16.613739018184
635.0 16.657555199750398
636.0 16.701409863060803
637.0 16.745269993547204
638.0 16.7892375576304
639.0 16.8332399297056
640.0 16.87731695168641
641.0 16.921448188609595
642.0 16.9656097884928
643.0 17.0097676689824
644.0 17.05392817605599
645.0 17.0981971881648
646.0 17.142467959964797
647.0 17.186802499020796
648.0 17.231139219838404
649.0 17.275558907640008
650.0 17.3199950447776
651.0 17.364474506827207
652.0 17.4090035759888
653.0 17.453602008694403
654.0 17.4981993655456
655.0 17.542844359465604
656.0 17.587494507632
657.0 17.6322294175008
658.0 17.677066301016005
659.0 17.721945681326396
660.0 17.76687957695679
661.0 17.8118247522432
662.0 17.8568676643456
663.0 17.901907670524803
664.0 17.947048177944005
665.0 17.992302171544004
666.0 18.037592895299202
667.0 18.082947380592003
668.0 18.128399420913595
669.0 18.173915126390398
670.0 18.21945898383681
671.0 18.265068184127998
672.0 18.310717016244794
673.0 18.356444091542397
674.0 18.402216711559998
675.0 18.447989479833613
676.0 18.493840663048
677.0 18.539742002339203
678.0 18.585732722993605
679.0 18.631758800127997
680.0 18.677909108063997
681.0 18.7240800453024
682.0 18.770286214619198
683.0 18.816611593103996
684.0 18.862987007316796
685.0 18.909411375457605
686.0 18.95593491560961
687.0 19.002554004556796
688.0 19.049236582966397
689.0 19.096012525080006
690.0 19.14280520228959
691.0 19.1896959425536
692.0 19.236686883032
693.0 19.2837271707504
694.0 19.3308738154928
695.0 19.378070461195197
696.0 19.4253240380144
697.0 19.4725589553168
698.0 19.519870711739188
699.0 19.5672438231104
700.0 19.614653094600005
701.0 19.662183131982406
702.0 19.709717155448008
703.0 19.7573442552656
704.0 19.805008162100798
705.0 19.852772143903998
706.0 19.9006407777472
707.0 19.948586047120003
708.0 19.9965656748816
709.0 20.044641288144
710.0 20.092794621376004
711.0 20.14098659213281
712.0 20.18924209484799
713.0 20.237545921657595
714.0 20.2859604078144
715.0 20.33441306890239
716.0 20.382988419240004
717.0 20.431682637732802
718.0 20.480424136375994
719.0 20.52922230417759
720.0 20.578067725193602
721.0 20.627003821127996
722.0 20.6759568035392
723.0 20.7250331546464
724.0 20.7741622174576
725.0 20.823362599041605
726.0 20.8726563314528
727.0 20.921987222590406
728.0 20.971393466399995
729.0 21.020821798251205
730.0 21.070354047156798
731.0 21.119886981817597
732.0 21.16942646783199
733.0 21.2190644976192
734.0 21.268757341016006
735.0 21.318516493896002
736.0 21.368347110248003
737.0 21.4182301243088
738.0 21.46817578176961
739.0 21.518163657102406
740.0 21.568255062536
741.0 21.618398144627207
742.0 21.66865670780319
743.0 21.718966587918395
744.0 21.769390330310397
745.0 21.819805520376
746.0 21.8703407903648
747.0 21.92092403776961
748.0 21.97152727521121
749.0 22.022190263859205
750.0 22.072931831816
751.0 22.123692921199993
752.0 22.17451354536641
753.0 22.225393244067195
754.0 22.276329564225588
755.0 22.3272831437264
756.0 22.378325217459206
757.0 22.429437893984005
758.0 22.480606609508797
759.0 22.53182763314721
760.0 22.583079226153597
761.0 22.634378794403204
762.0 22.685724207963194
763.0 22.737207570600003
764.0 22.78875336963361
765.0 22.840392501580794
766.0 22.892104143036782
767.0 22.943826732473603
768.0 22.995571776161615
769.0 23.04736449547361
770.0 23.099270757366398
771.0 23.1512547472896
772.0 23.203270135063995
773.0 23.255342928395198
774.0 23.30752203283999
775.0 23.3597425196944
776.0 23.4120749188176
777.0 23.464435638116804
778.0 23.51687612906721
779.0 23.569395405772795
780.0 23.621946432926404
781.0 23.674546855987195
782.0 23.727181434152
783.0 23.779869783705607
784.0 23.8325696757216
785.0 23.885411282655987
786.0 23.93820084111041
787.0 23.9910645764496
788.0 24.0440442584896
789.0 24.097032672563202
790.0 24.150061189080002
791.0 24.203119780107205
792.0 24.25626704487679
793.0 24.309476086457614
794.0 24.362775631126404
795.0 24.416133065356803
796.0 24.469579562847997
797.0 24.5231030503696
798.0 24.576664110350393
799.0 24.630274993385605
800.0 24.6839842002688
801.0 24.73779481038401
802.0 24.7915872147776
803.0 24.845441945574393
804.0 24.899370494671995
805.0 24.953358920497596
806.0 25.00739130797759
807.0 25.0615124000912
808.0 25.11564341588
809.0 25.169824764286396
810.0 25.2240445281152
811.0 25.278282428127984
812.0 25.332614299801595
813.0 25.387035301449593
814.0 25.441488560224
815.0 25.49599536178881
816.0 25.550532121313612
817.0 25.605113375505603
818.0 25.659788067508792
819.0 25.71453889328
820.0 25.7693629787312
821.0 25.824221934316803
822.0 25.879163325300787
823.0 25.934187836976008
824.0 25.9892389844784
825.0 26.0443810363984
826.0 26.09958020380001
827.0 26.154826242379198
828.0 26.21015953833442
829.0 26.265541681319995
830.0 26.32106005075041
831.0 26.376577384212805
832.0 26.4321738637504
833.0 26.48778053502241
834.0 26.5434571649808
835.0 26.599211007051196
836.0 26.654951499248007
837.0 26.7107286563152
838.0 26.766555357513585
839.0 26.822481521091202
840.0 26.878411637772793
841.0 26.9344125269776
842.0 26.990441294836792
843.0 27.04650336643359
844.0 27.102684953425598
845.0 27.158908761726384
846.0 27.215152821473602
847.0 27.271478171100803
848.0 27.327843465987193
849.0 27.384272445388802
850.0 27.440737086086408
851.0 27.497226938513585
852.0 27.553762525947207
853.0 27.610346072300803
854.0 27.667000419616
855.0 27.72370309086561
856.0 27.78050506352801
857.0 27.837385841209606
858.0 27.894257153745606
859.0 27.951163258619193
860.0 28.008178557284783
861.0 28.065207131336006
862.0 28.122353565692798
863.0 28.179539918440007
864.0 28.2367715718448
865.0 28.294055993928016
866.0 28.351416644393595
867.0 28.408825269921596
868.0 28.466275235996807
869.0 28.523839205331207
870.0 28.581503587163184
871.0 28.639250820124808
872.0 28.6970483220128
873.0 28.7549118466432
874.0 28.8127938902304
875.0 28.870731501862405
876.0 28.92874586971039
877.0 28.986867526481586
878.0 29.045068695177605
879.0 29.1033408355632
880.0 29.1616170025952
881.0 29.219941873913616
882.0 29.27837584133918
883.0 29.336862318553603
884.0 29.39539386637919
885.0 29.453993320083192
886.0 29.512643637817597
887.0 29.571343993067188
888.0 29.630082471078396
889.0 29.688864107137608
890.0 29.747692143012795
891.0 29.806549409377602
892.0 29.86547312748479
893.0 29.92446392059039
894.0 29.983517511990396
895.0 30.04264763984481
896.0 30.101833784620787
897.0 30.161054718444802
898.0 30.220333638303998
899.0 30.27968382332
900.0 30.3391151032608
901.0 30.398592989081614
902.0 30.458160394455994
903.0 30.517688718414394
904.0 30.57727886146559
905.0 30.636924657423997
906.0 30.69661482236801
907.0 30.75640092901279
908.0 30.81621499080159
909.0 30.876069170849593
910.0 30.936010323540792
911.0 30.99602446306241
912.0 31.056020282200006
913.0 31.116110936375996
914.0 31.176289973318397
915.0 31.23650732055362
916.0 31.296879717857603
917.0 31.357319681345594
918.0 31.4177984613408
919.0 31.478335342695992
920.0 31.538972304427187
921.0 31.5996269028608
922.0 31.660371138553586
923.0 31.721190244777603
924.0 31.7820408006208
925.0 31.842978819614398
926.0 31.9039745391728
927.0 31.965012948908793
928.0 32.02608847984
929.0 32.087249202131204
930.0 32.148524387654405
931.0 32.20982786402559
932.0 32.27126494142401
933.0 32.3327294176368
934.0 32.39420209896642
935.0 32.45569365704641
936.0 32.5172732648464
937.0 32.57893176132322
938.0 32.64061267055681
939.0 32.70237433927681
940.0 32.7642273147424
941.0 32.8261143352128
942.0 32.888000810945584
943.0 32.94990811685279
944.0 33.0118887793232
945.0 33.07394301968322
946.0 33.136115125915204
947.0 33.198397192032004
948.0 33.26074416617439
949.0 33.323176584812806
950.0 33.38564414940002
951.0 33.448162505224005
952.0 33.510708969476795
953.0 33.573295718665605
954.0 33.63597074404
955.0 33.69869577407521
956.0 33.76148316110239
957.0 33.824383001324804
958.0 33.88732042543681
959.0 33.95030766499681
960.0 34.013334467220794
961.0 34.076381032020805
962.0 34.1394863319216
963.0 34.20272210525279
964.0 34.26595339336318
965.0 34.3292605382896
966.0 34.392630857616005
967.0 34.45604006663201
968.0 34.5194558882
969.0 34.58288603445119
970.0 34.646400885612806
971.0 34.709953708064006
972.0 34.77353556908159
973.0 34.8371987851104
974.0 34.900845564980806
975.0 34.964533232846414
976.0 35.0282645671328
977.0 35.092055890833606
978.0 35.15587133161278
979.0 35.21982096327518
980.0 35.28378215971041
981.0 35.34777260992159
982.0 35.411845364140795
983.0 35.4760070119984
984.0 35.54022493010398
985.0 35.6045554899968
986.0 35.6689582758304
987.0 35.7333327880512
988.0 35.797760223286396
989.0 35.86227234769761
990.0 35.92683735078559
991.0 35.99148574301281
992.0 36.056162587176004
993.0 36.12092501826561
994.0 36.185712892137616
995.0 36.25053868529118
996.0 36.31537593488001
997.0 36.380283023980816
998.0 36.4452499681936
999.0 36.51023995315522
1000.0 36.575325913939196
1001.0 36.6403817834496
1002.0 36.7055751287392
1003.0 36.7708046353376
1004.0 36.8361563195984
1005.0 36.90154186038238
1006.0 36.9669936713296
1007.0 37.03257467535521
1008.0 37.09816040268478
1009.0 37.16388333198719
1010.0 37.2296518703984
1011.0 37.295438130920004
1012.0 37.3612407157856
1013.0 37.427122493656015
1014.0 37.493126870379214
1015.0 37.55917833729119
1016.0 37.62535151419999
1017.0 37.691542202785584
1018.0 37.7578081433312
1019.0 37.8241507724512
1020.0 37.89050124083839
1021.0 37.956914123199994
1022.0 38.023314544345595
1023.0 38.089773283819206
1024.0 38.1563458308272
1025.0 38.223005916475195
1026.0 38.28973921553758
1027.0 38.35653579658559
1028.0 38.42339055889439
1029.0 38.490333640041584
1030.0 38.55729781222878
1031.0 38.624347729451216
1032.0 38.691489303456
1033.0 38.75872391437919
1034.0 38.82600798761442
1035.0 38.893345778180816
1036.0 38.960734147787214
1037.0 39.02812879362719
1038.0 39.095541148425596
1039.0 39.16303586168639
1040.0 39.230575281593595
1041.0 39.298185120260804
1042.0 39.36588394500161
1043.0 39.433735623801596
1044.0 39.5016045599408
1045.0 39.569501829158405
1046.0 39.6374780011776
1047.0 39.7054768168416
1048.0 39.77356636817918
1049.0 39.84167328869601
1050.0 39.90981040248481
1051.0 39.978034740664
1052.0 40.04632616723678
1053.0 40.11467071699199
1054.0 40.18311200459518
1055.0 40.25166458501438
1056.0 40.32021120804159
1057.0 40.3887774805728
1058.0 40.45745729524641
1059.0 40.52618802205281
1060.0 40.5948899497792
1061.0 40.66375107262879
1062.0 40.7326093645808
1063.0 40.80153401331999
1064.0 40.87049946642559
1065.0 40.939494146335996
1066.0 41.0085554228432
1067.0 41.07766443310559
1068.0 41.14686554521601
1069.0 41.2161542484928
1070.0 41.285478633800025
1071.0 41.3548993102256
1072.0 41.424355595864014
1073.0 41.49382464037443
1074.0 41.56334922094241
1075.0 41.632994644219195
1076.0 41.7027821421584
1077.0 41.77263744606561
1078.0 41.84253730773598
1079.0 41.9125524626608
1080.0 41.98260401326562
1081.0 42.052764921300806
1082.0 42.12294284389121
1083.0 42.19321075019361
1084.0 42.263563625894385
1085.0 42.33397384132641
1086.0 42.4045483930912
1087.0 42.4751241938384
1088.0 42.545764968464
1089.0 42.61646503947518
1090.0 42.68728382993121
1091.0 42.75813962268481
1092.0 42.82913024513599
1093.0 42.90017134010721
1094.0 42.971261470203196
1095.0 43.04241509942719
1096.0 43.11356009137442
1097.0 43.18484751971038
1098.0 43.25614310971362
1099.0 43.32754226762559
1100.0 43.39896182425281
1101.0 43.47046031830559
1102.0 43.5419367780032
1103.0 43.613586631683184
1104.0 43.68529138567679
1105.0 43.75700015387996
1106.0 43.82878850744319
1107.0 43.90060407814401
1108.0 43.9724821309824
1109.0 44.0443594714544
1110.0 44.116337954212796
1111.0 44.188390853619225
1112.0 44.2605215990432
1113.0 44.33268204839682
1114.0 44.40488453525758
1115.0 44.477128194264004
1116.0 44.549465324132804
1117.0 44.621826660470404
1118.0 44.69422739696958
1119.0 44.76663950485119
1120.0 44.83915888914559
1121.0 44.911768914758404
1122.0 44.98439067643839
1123.0 45.057084181433595
1124.0 45.1298414831088
1125.0 45.20263289949121
1126.0 45.27551268866561
1127.0 45.34843029062079
1128.0 45.4213931229872
1129.0 45.4943682417552
1130.0 45.567405956440005
1131.0 45.64052350302562
1132.0 45.713730160216016
1133.0 45.78702718059043
1134.0 45.8603396028832
1135.0 45.9337105115984
1136.0 46.00717373671679
1137.0 46.080616511987195
1138.0 46.154167226635195
1139.0 46.227797801126414
1140.0 46.30148821633121
1141.0 46.37523325514082
1142.0 46.449030260081585
1143.0 46.522817059302405
1144.0 46.59662490452799
1145.0 46.67046177923679
1146.0 46.74441792931679
1147.0 46.81834810336321
1148.0 46.892347792996816
1149.0 46.96640616251682
1150.0 47.04047199349439
1151.0 47.114573412611215
1152.0 47.18875413945444
1153.0 47.2630372452992
1154.0 47.33743663755521
1155.0 47.4118310332832
1156.0 47.48625698434721
1157.0 47.56071585992642
1158.0 47.63526091541762
1159.0 47.70987620586721
1160.0 47.784552658216015
1161.0 47.85924712758079
1162.0 47.93398773863041
1163.0 48.00881044911042
1164.0 48.08366969337598
1165.0 48.15864734736799
1166.0 48.23365918053757
1167.0 48.30869930838723
1168.0 48.38383806999519
1169.0 48.45895784002399
1170.0 48.53412304884801
1171.0 48.609316711156815
1172.0 48.68458250288159
1173.0 48.759881461387195
1174.0 48.835184888520004
1175.0 48.91054385523039
1176.0 48.98594238315037
1177.0 49.06136413168957
1178.0 49.136838349463986
1179.0 49.21232384657442
1180.0 49.28787915585599
1181.0 49.36343993347999
1182.0 49.439132673833605
1183.0 49.514854319776
1184.0 49.590632348176015
1185.0 49.666448956462375
1186.0 49.74227844146559
1187.0 49.81814801157922
1188.0 49.89406984359522
1189.0 49.97005900164642
1190.0 50.046040202467225
1191.0 50.12218302108799
1192.0 50.19838458331679
1193.0 50.27466932998878
1194.0 50.35093871157439
1195.0 50.42722342402722
1196.0 50.50354971881918
1197.0 50.57986058175357
1198.0 50.656252463828814
1199.0 50.73269894316803
1200.0 50.80920969728802
1201.0 50.885723547375974
1202.0 50.96229240470238
1203.0 51.0389547299408
1204.0 51.1156971693632
1205.0 51.19242614250081
1206.0 51.2692285663936
1207.0 51.346046619136004
1208.0 51.42291938241601
1209.0 51.49977527041441
1210.0 51.576734353702406
1211.0 51.65373644988962
1212.0 51.7307592034752
1213.0 51.807842301377626
1214.0 51.88498061635678
1215.0 51.96212848765283
1216.0 52.039332689107184
1217.0 52.11657343370882
1218.0 52.1938620076544
1219.0 52.27123363939198
1220.0 52.34871586976321
1221.0 52.42625520707039
1222.0 52.503826295696015
1223.0 52.58137627600318
1224.0 52.659001342513626
1225.0 52.73664676779519
1226.0 52.8143596227232
1227.0 52.892113887023996
1228.0 52.9699684860192
1229.0 53.047890121854415
1230.0 53.12591227112158
1231.0 53.2040053417728
1232.0 53.28205320713441
1233.0 53.360157953145595
1234.0 53.43829535244163
1235.0 53.51657353352482
1236.0 53.5948885023376
1237.0 53.673232178644795
1238.0 53.7516436016448
1239.0 53.8301078383216
1240.0 53.9085979530784
1241.0 53.98716349810238
1242.0 54.06577347184641
1243.0 54.144465485319984
1244.0 54.22326197688322
1245.0 54.3021366750432
1246.0 54.381035988171185
1247.0 54.4600562366064
1248.0 54.53908508379519
1249.0 54.618116846568014
1250.0 54.69716844364319
1251.0 54.7762535431424
1252.0 54.855390754059194
1253.0 54.93456601644003
1254.0 55.01383639315037
1255.0 55.093117569073605
1256.0 55.17244681829921
1257.0 55.25187285223838
1258.0 55.33135780392962
1259.0 55.41088126998399
1260.0 55.49047713127841
1261.0 55.57018116702238
1262.0 55.64986500689123
1263.0 55.72961840203838
1264.0 55.80932799778238
1265.0 55.8891773131488
1266.0 55.9690682847792
1267.0 56.04898815534401
1268.0 56.129059008998375
1269.0 56.20915324387842
1270.0 56.289329828867196
1271.0 56.36961059658239
1272.0 56.45000180493761
1273.0 56.53049404653761
1274.0 56.6109262026736
1275.0 56.691465500241634
1276.0 56.77207643877439
1277.0 56.8527319542624
1278.0 56.93346224394077
1279.0 57.0142958751936
1280.0 57.095255008228776
1281.0 57.1763422854464
1282.0 57.2574239249008
1283.0 57.33859252567201
1284.0 57.419823825580785
1285.0 57.501104572188794
1286.0 57.582436632579174
1287.0 57.66378020654558
1288.0 57.74515733283361
1289.0 57.82653673432479
1290.0 57.90802413669123
1291.0 57.98952414768962
1292.0 58.07115691264638
1293.0 58.152835780631996
1294.0 58.23459859282881
1295.0 58.31644469865921
1296.0 58.398406001336
1297.0 58.480427203091196
1298.0 58.56247496732318
1299.0 58.64459049529281
1300.0 58.72679924636482
1301.0 58.8090134155024
1302.0 58.89125689154241
1303.0 58.97359724278241
1304.0 59.05601505561278
1305.0 59.1384131616688
1306.0 59.220854336038414
1307.0 59.303270752497625
1308.0 59.38574799877601
1309.0 59.468245813295994
1310.0 59.550802438464
1311.0 59.63336920759999
1312.0 59.716025078814404
1313.0 59.79872673181278
1314.0 59.8814893647248
1315.0 59.96432810963038
1316.0 60.04719795100639
1317.0 60.13012993400961
1318.0 60.213113174448
1319.0 60.29622565508957
1320.0 60.3794617018
1321.0 60.4627823873264
1322.0 60.54617810140318
1323.0 60.62962255252323
1324.0 60.71310426474081
1325.0 60.7966151721472
1326.0 60.88023734931683
1327.0 60.96392946907362
1328.0 61.04773850500163
1329.0 61.1315530085184
1330.0 61.215453142278385
1331.0 61.299443021759984
1332.0 61.383510639304006
1333.0 61.46769796990079
1334.0 61.5520048559088
1335.0 61.63632929273761
1336.0 61.720705482347206
1337.0 61.80522334762561
1338.0 61.88972099569761
1339.0 61.974288240830404
1340.0 62.05891488875843
1341.0 62.14361413056482
1342.0 62.22840198042081
1343.0 62.31321726993285
1344.0 62.39808484055518
1345.0 62.48305940834241
1346.0 62.5680473609728
1347.0 62.6530601535904
1348.0 62.73816779071999
1349.0 62.823283675070414
1350.0 62.90844216929761
1351.0 62.9936507216256
1352.0 63.078799029303994
1353.0 63.16398976814719
1354.0 63.24924089838083
1355.0 63.33452631247358
1356.0 63.41988173709443
1357.0 63.50523583449281
1358.0 63.590657774622414
1359.0 63.67611560062721
1360.0 63.761670888262394
1361.0 63.84730590865121
1362.0 63.93296643006082
1363.0 64.01868598132481
1364.0 64.1044953012512
1365.0 64.19044853559203
1366.0 64.27635281308801
1367.0 64.3623289511696
1368.0 64.44834896919839
1369.0 64.53442071128481
1370.0 64.6205471538832
1371.0 64.70676255050083
1372.0 64.79302217004161
1373.0 64.8793059704528
1374.0 64.965577348912
1375.0 65.05186098529758
1376.0 65.13823026692796
1377.0 65.22457873063836
1378.0 65.31106063401121
1379.0 65.39751553675039
1380.0 65.48395601712957
1381.0 65.5704718470016
1382.0 65.65704298388799
1383.0 65.74373805597436
1384.0 65.83047369730079
1385.0 65.917286541368
1386.0 66.0040959640176
1387.0 66.09103562343364
1388.0 66.17799309364638
1389.0 66.2650159611904
1390.0 66.35207345599362
1391.0 66.43917437157438
1392.0 66.52631687049599
1393.0 66.6134211916688
1394.0 66.70056059618238
1395.0 66.7877292667008
1396.0 66.87508102449918
1397.0 66.9625064432224
1398.0 67.05000618207363
1399.0 67.13758741974078
1400.0 67.22519234191842
1401.0 67.31278187552
1402.0 67.40042439127201
1403.0 67.48808434061439
1404.0 67.57586126653922
1405.0 67.66371278030559
1406.0 67.7516599924704
1407.0 67.83964805792799
1408.0 67.92771783883359
1409.0 68.01579607223042
1410.0 68.10395561852158
1411.0 68.19219442693915
1412.0 68.28049388670242
1413.0 68.36884437588643
1414.0 68.45724827064319
1415.0 68.5457274384448
1416.0 68.63422769466564
1417.0 68.7227750167456
1418.0 68.8113602591456
1419.0 68.90006682484324
1420.0 68.988829053368
1421.0 69.0777079797488
1422.0 69.16667053696321
1423.0 69.255653315296
1424.0 69.34469505685279
1425.0 69.4337434645696
1426.0 69.52280272541441
1427.0 69.61191981722558
1428.0 69.70111093041763
1429.0 69.7903400159184
1430.0 69.879636062704
1431.0 69.96899322168159
1432.0 70.058341932536
1433.0 70.14771995569443
1434.0 70.2371499013072
1435.0 70.3266011664384
1436.0 70.4161644663568
1437.0 70.50565687879359
1438.0 70.59526033002882
1439.0 70.68492505332159
1440.0 70.77468017656801
1441.0 70.8644520571232
1442.0 70.95442942276803
1443.0 71.0443974443792
1444.0 71.13442217129281
1445.0 71.2244858072544
1446.0 71.3145906345296
1447.0 71.4048281840816
1448.0 71.49505622514879
1449.0 71.585318545936
1450.0 71.67567015387999
1451.0 71.76608083532798
1452.0 71.85650328979365
1453.0 71.94701236023522
1454.0 72.03756904153441
1455.0 72.12812971969923
1456.0 72.21878409564322
1457.0 72.3095033306096
1458.0 72.40032691892961
1459.0 72.4911821022528
1460.0 72.58204912597918
1461.0 72.6730179574608
1462.0 72.76397338507998
1463.0 72.8549224269744
1464.0 72.94591077740961
1465.0 73.03701463273117
1466.0 73.1281321822512
1467.0 73.21933173698241
1468.0 73.31059446089118
1469.0 73.40193386650239
1470.0 73.4933277188368
1471.0 73.58478597979202
1472.0 73.6763338805328
1473.0 73.7679416680288
1474.0 73.85955040000317
1475.0 73.95131159573437
1476.0 74.04301739711042
1477.0 74.13482652070402
1478.0 74.22667245377916
1479.0 74.31848398721922
1480.0 74.41035480470241
1481.0 74.5022595052848
1482.0 74.59427948735681
1483.0 74.68627054522723
1484.0 74.77830449642082
1485.0 74.870390717976
1486.0 74.9625031897376
1487.0 75.05463452685441
1488.0 75.14680719522241
1489.0 75.23893325700159
1490.0 75.33115978742079
1491.0 75.4234841114112
1492.0 75.51579544375674
1493.0 75.60816775980165
1494.0 75.70061112148161
1495.0 75.793124532568
1496.0 75.88568483003678
1497.0 75.9782910849536
1498.0 76.07093813021442
1499.0 76.16355781019358
1500.0 76.256227636344
1501.0 76.34897442991199
1502.0 76.44175586441278
1503.0 76.53466454857758
1504.0 76.62752966406877
1505.0 76.7204172406992
1506.0 76.81331198468155
1507.0 76.90636182313119
1508.0 76.99941251113123
1509.0 77.0924607408096
1510.0 77.18549425969763
1511.0 77.27869215548638
1512.0 77.37196614271204
1513.0 77.4652249666112
1514.0 77.55855702333119
1515.0 77.6519606919936
1516.0 77.74546002523682
1517.0 77.83891143948959
1518.0 77.9323627296752
1519.0 78.02596641088637
1520.0 78.11958622209917
1521.0 78.2132043241792
1522.0 78.30686456189602
1523.0 78.4005880736544
1524.0 78.4943605013632
1525.0 78.5882026633936
1526.0 78.68211076807042
1527.0 78.77601493668318
1528.0 78.86996168982402
1529.0 78.96398622487683
1530.0 79.05811222819838
1531.0 79.15229634077278
1532.0 79.2465630026848
1533.0 79.3407717421504
1534.0 79.43504530534719
1535.0 79.5294177652896
1536.0 79.6237213487008
1537.0 79.7179940969664
1538.0 79.81221517173759
1539.0 79.90647248085597
1540.0 80.00079335360479
1541.0 80.09521063252159
1542.0 80.18968822996797
1543.0 80.28422401860641
1544.0 80.3786660154
1545.0 80.47322572702562
1546.0 80.56784686189764
1547.0 80.66257586978244
1548.0 80.75733628937925
1549.0 80.85208200169279
1550.0 80.94689611101437
1551.0 81.04176827418078
1552.0 81.13662094594562
1553.0 81.23157210051838
1554.0 81.32651658543838
1555.0 81.42144308957599
1556.0 81.51648476208638
1557.0 81.61152448486239
1558.0 81.70670544019677
1559.0 81.80188302124797
1560.0 81.8971757656112
1561.0 81.99251791884959
1562.0 82.08794492062242
1563.0 82.18346230234562
1564.0 82.27896251761436
1565.0 82.37461146308
1566.0 82.47029824954558
1567.0 82.56599978856796
1568.0 82.66177622836162
1569.0 82.7575926218592
1570.0 82.85335606859202
1571.0 82.94911259945756
1572.0 83.04491297213119
1573.0 83.14076385650398
1574.0 83.23668584710717
1575.0 83.3327443539904
1576.0 83.42882492594723
1577.0 83.52493840588157
1578.0 83.62117345948796
1579.0 83.71745252324322
1580.0 83.8137679638288
1581.0 83.9101524998576
1582.0 84.006636195256
1583.0 84.10316518425283
1584.0 84.19975018316799
1585.0 84.29654956581756
1586.0 84.39336165840638
1587.0 84.4901676084976
1588.0 84.5869449451088
1589.0 84.68376663443841
1590.0 84.78063837595525
1591.0 84.87758421875039
1592.0 84.97456005428961
1593.0 85.07149853152961
1594.0 85.16853332358076
1595.0 85.26558096971044
1596.0 85.36269869224643
1597.0 85.45984630571363
1598.0 85.55697938990076
1599.0 85.65425117290084
1600.0 85.75155673500001
1601.0 85.84888783737924
1602.0 85.94624306357602
1603.0 86.04370328564481
1604.0 86.14124941598243
1605.0 86.2388490671568
1606.0 86.3365188739136
1607.0 86.4342699729088
1608.0 86.53204680213598
1609.0 86.62994345805922
1610.0 86.72800844549923
1611.0 86.82607827859358
1612.0 86.92421512169115
1613.0 87.02234141855197
1614.0 87.1205697437488
1615.0 87.21870896978561
1616.0 87.3168775517328
1617.0 87.41516647622076
1618.0 87.5135362954256
1619.0 87.6119489311616
1620.0 87.7103443264656
1621.0 87.8087891347712
1622.0 87.90722548100482
1623.0 88.0056440532608
1624.0 88.1041280710336
1625.0 88.20258872500801
1626.0 88.30105519184005
1627.0 88.39965241037282
1628.0 88.4982883241424
1629.0 88.59695103723999
1630.0 88.69560746964639
1631.0 88.79430246614555
1632.0 88.89306764715998
1633.0 88.99186629495996
1634.0 89.0907345049072
1635.0 89.18956138524638
1636.0 89.2884362000784
1637.0 89.3873264862272
1638.0 89.48629436631201
1639.0 89.58529211835362
1640.0 89.6843338043056
1641.0 89.78344476837277
1642.0 89.88265430237445
1643.0 89.98185743033439
1644.0 90.08114094412483
1645.0 90.18053775980955
1646.0 90.28006274775358
1647.0 90.37965427679038
1648.0 90.47923484043676
1649.0 90.57897906287197
1650.0 90.6788706167376
1651.0 90.77882864819836
1652.0 90.8789597477504
1653.0 90.9791346014928
1654.0 91.079396950232
1655.0 91.1796904780368
1656.0 91.28004575610083
1657.0 91.38050079279685
1658.0 91.4810189101632
1659.0 91.58159569186559
1660.0 91.68219197261757
1661.0 91.78284968671042
1662.0 91.88359848911361
1663.0 91.98430379923681
1664.0 92.08493828051996
1665.0 92.18574960387039
1666.0 92.28666983926716
1667.0 92.3876616383824
1668.0 92.48862431872323
1669.0 92.58972458051517
1670.0 92.69082492612799
1671.0 92.79207932012798
1672.0 92.89333370895999
1673.0 92.99463910041604
1674.0 93.09597237148802
1675.0 93.19742241481603
1676.0 93.29893791016002
1677.0 93.400478332816
1678.0 93.502139173696
1679.0 93.60386659768002
1680.0 93.70573484236796
1681.0 93.80767857822399
1682.0 93.90960814607999
1683.0 94.011696572672
1684.0 94.11393578691197
1685.0 94.21621682449602
1686.0 94.31859100315202
1687.0 94.42103824905601
1688.0 94.523446469936
1689.0 94.625952755248
1690.0 94.728507028112
1691.0 94.831127862624
1692.0 94.93378889468805
1693.0 95.03654818518399
1694.0 95.13929341192002
1695.0 95.24207565236799
1696.0 95.34488560451202
1697.0 95.44776201008003
1698.0 95.55073165870394
1699.0 95.65376134247997
1700.0 95.75683369945601
1701.0 95.86004779912
1702.0 95.96331444238398
1703.0 96.06656434798398
1704.0 96.169958457952
1705.0 96.27329671209597
1706.0 96.37681105062401
1707.0 96.48032421800002
1708.0 96.58385483015996
1709.0 96.68749167539201
1710.0 96.79109660052804
1711.0 96.89477530425604
1712.0 96.99846856095999
1713.0 97.10222348454398
1714.0 97.20602809633598
1715.0 97.30985648782396
1716.0 97.41374456350404
1717.0 97.51768050211201
1718.0 97.62167788918399
1719.0 97.72572899086396
1720.0 97.82990289811197
1721.0 97.93409054352
1722.0 98.03834288695995
1723.0 98.14269663351999
1724.0 98.24695968014399
1725.0 98.351407618688
1726.0 98.45594556216
1727.0 98.56049314416005
1728.0 98.665043123616
1729.0 98.76955164851205
1730.0 98.874108318832
1731.0 98.97875637392
1732.0 99.083428828704
1733.0 99.18811872403204
1734.0 99.29287802319998
1735.0 99.39777684584004
1736.0 99.50264802161601
1737.0 99.60766632958402
1738.0 99.71270901246405
1739.0 99.81781661215999
1740.0 99.92300289038401
1741.0 100.02820485142398
1742.0 100.13339624385601
1743.0 100.23860945684804
1744.0 100.34391645785601
1745.0 100.449204199712
1746.0 100.55472507487998
1747.0 100.66038318871998
1748.0 100.76605629276798
1749.0 100.87187198548801
1750.0 100.97771674993602
1751.0 101.08358485259201
1752.0 101.18951585951999
1753.0 101.29551671411195
1754.0 101.401592672832
1755.0 101.50773114203199
1756.0 101.613944199488
1757.0 101.720195564528
1758.0 101.826435562608
1759.0 101.932790503536
1760.0 102.03926744726398
1761.0 102.14579039420803
1762.0 102.252412867232
1763.0 102.35911417992001
1764.0 102.46587923039999
1765.0 102.572671490528
1766.0 102.67944172403209
1767.0 102.78642551806396
1768.0 102.89346454704005
1769.0 103.00052849860799
1770.0 103.10776796425606
1771.0 103.21491604852804
1772.0 103.32219521747201
1773.0 103.42961826057596
1774.0 103.53710819720007
1775.0 103.64470667409599
1776.0 103.75226565051199
1777.0 103.85990546663993
1778.0 103.96759301593605
1779.0 104.07535665139198
1780.0 104.183114514576
1781.0 104.29081148475204
1782.0 104.39851888707206
1783.0 104.50630388217598
1784.0 104.61416537564803
1785.0 104.72208943704004
1786.0 104.82997851952003
1787.0 104.93803488832
1788.0 105.04610684884805
1789.0 105.15423065577599
1790.0 105.26250734472
1791.0 105.37079162872003
1792.0 105.47918858580803
1793.0 105.58760019012803
1794.0 105.69606279270401
1795.0 105.80458123444798
1796.0 105.91324226382403
1797.0 106.02197227417601
1798.0 106.13088222915204
1799.0 106.23986694793601
1800.0 106.34898806572805
1801.0 106.458058511648
1802.0 106.56728053758403
1803.0 106.67654236495999
1804.0 106.78588034756794
1805.0 106.895235260848
1806.0 107.00461484294405
1807.0 107.11403244860803
1808.0 107.22353038068802
1809.0 107.33306465195201
1810.0 107.44269703894399
1811.0 107.55241548947201
1812.0 107.66211090263998
1813.0 107.77187739806399
1814.0 107.881730605232
1815.0 107.99163961038403
1816.0 108.10156009396799
1817.0 108.21154135511998
1818.0 108.3216118352
1819.0 108.43169327888002
1820.0 108.54195427305604
1821.0 108.65227770827205
1822.0 108.76263524180797
1823.0 108.87296568100797
1824.0 108.98336816489602
1825.0 109.09381592249602
1826.0 109.20431856643197
1827.0 109.31473515870398
1828.0 109.42519988363203
1829.0 109.53569540542404
1830.0 109.64624137038398
1831.0 109.75677698537604
1832.0 109.86731445572802
1833.0 109.97786912563204
1834.0 110.088463582656
1835.0 110.19911462376005
1836.0 110.30987284979203
1837.0 110.42070021176
1838.0 110.53156370131202
1839.0 110.64249866923201
1840.0 110.75354766087999
1841.0 110.864597505808
1842.0 110.97567907652801
1843.0 111.08681520377607
1844.0 111.19804081075196
1845.0 111.30924902126404
1846.0 111.42045888537598
1847.0 111.53169713283197
1848.0 111.643034686736
1849.0 111.75442025131204
1850.0 111.86589639790402
1851.0 111.97741438667201
1852.0 112.088946530848
1853.0 112.20048627302394
1854.0 112.31213448628799
1855.0 112.42392676204796
1856.0 112.53578388052802
1857.0 112.64771519905597
1858.0 112.75970716544002
1859.0 112.87178949830403
1860.0 112.98381338790391
1861.0 113.095914143456
1862.0 113.20805229955201
1863.0 113.320198167264
1864.0 113.43230501615999
1865.0 113.544415270064
1866.0 113.65653211729598
1867.0 113.76876885502404
1868.0 113.88109401868796
1869.0 113.993515534064
1870.0 114.10598713329595
1871.0 114.21838942633603
1872.0 114.33085512615995
1873.0 114.44341309817598
1874.0 114.55598361982402
1875.0 114.66843349777598
1876.0 114.78098396678396
1877.0 114.89358685617601
1878.0 115.006256678352
1879.0 115.11911923694404
1880.0 115.23187426931206
1881.0 115.34478167105601
1882.0 115.45758697888002
1883.0 115.57045896544
1884.0 115.68326162052804
1885.0 115.79618148172798
1886.0 115.90915617451196
1887.0 116.02219307806406
1888.0 116.13525173193607
1889.0 116.24844163372802
1890.0 116.36171583969602
1891.0 116.47505069444802
1892.0 116.58833920585596
1893.0 116.70164310902403
1894.0 116.81501974774406
1895.0 116.92839771796802
1896.0 117.04189132980795
1897.0 117.155443030192
1898.0 117.26889633747196
1899.0 117.38226298203202
1900.0 117.49570918228797
1901.0 117.60918668672
1902.0 117.72281334715197
1903.0 117.83650911959998
1904.0 117.95019900339203
1905.0 118.06390980100794
1906.0 118.17771991643204
1907.0 118.29162023873604
1908.0 118.40550436592
1909.0 118.51937807318401
1910.0 118.63328325604796
1911.0 118.747176885408
1912.0 118.86120535524803
1913.0 118.97537314582401
1914.0 119.08954728580802
1915.0 119.20389570555201
1916.0 119.31824486115204
1917.0 119.43256208532803
1918.0 119.54697082584
1919.0 119.66141990603198
1920.0 119.77597683257598
1921.0 119.89053018324799
1922.0 120.00503152324805
1923.0 120.11946532486402
1924.0 120.23403936553593
1925.0 120.34877467481606
1926.0 120.46362873934395
1927.0 120.578607400176
1928.0 120.69367487702398
1929.0 120.80878516790392
1930.0 120.92392615671997
1931.0 121.03892390633598
1932.0 121.15410987959999
1933.0 121.26929122262405
1934.0 121.38445045137605
1935.0 121.49977235230399
1936.0 121.61522909444798
1937.0 121.73070644673597
1938.0 121.84621261088004
1939.0 121.96178085510405
1940.0 122.07739690678406
1941.0 122.19302290175999
1942.0 122.30877627465597
1943.0 122.42458402112001
1944.0 122.540612296432
1945.0 122.65671192089599
1946.0 122.7727633178719
1947.0 122.88887800323198
1948.0 123.00504313844799
1949.0 123.12113447747205
1950.0 123.23721666830406
1951.0 123.35342569415998
1952.0 123.46980153571204
1953.0 123.58606505126404
1954.0 123.70228537688001
1955.0 123.81857162961596
1956.0 123.93482830508806
1957.0 124.051129062368
1958.0 124.16752724286398
1959.0 124.28392822454398
1960.0 124.40044519089597
1961.0 124.51693984275202
1962.0 124.633541610224
1963.0 124.750223158576
1964.0 124.86699573587205
1965.0 124.98379211385597
1966.0 125.10055537102399
1967.0 125.21727575643199
1968.0 125.33411298595199
1969.0 125.45095333169601
1970.0 125.56786269320003
1971.0 125.684916494336
1972.0 125.80190003644796
1973.0 125.91896236326404
1974.0 126.03613660068795
1975.0 126.15325667193602
1976.0 126.27039460265601
1977.0 126.38751366567999
1978.0 126.50465441472
1979.0 126.62196189398404
1980.0 126.73923884678395
1981.0 126.85649884827212
1982.0 126.973974535664
1983.0 127.0914274028
1984.0 127.20905819876805
1985.0 127.32676772310401
1986.0 127.44460857737602
1987.0 127.56248650332805
1988.0 127.68037044673602
1989.0 127.79842008675196
1990.0 127.91652396526399
1991.0 128.03462341448002
1992.0 128.152694573568
1993.0 128.27083766323196
1994.0 128.38896944191998
1995.0 128.50715212023997
1996.0 128.6253412013441
1997.0 128.74353590361602
1998.0 128.861739873872
1999.0 128.98007377281604
2000.0 129.09833765214398
2001.0 129.216663083744
2002.0 129.33507717366402
2003.0 129.453459870976
2004.0 129.57174285057604
2005.0 129.690098121728
2006.0 129.80846877054393
2007.0 129.92689039599998
2008.0 130.04525947769605
2009.0 130.16375780179197
2010.0 130.282326452768
2011.0 130.40078265585598
2012.0 130.519216347616
2013.0 130.63769765838407
2014.0 130.75609574977597
2015.0 130.87456367855995
2016.0 130.99311632239994
2017.0 131.11173893025594
2018.0 131.23049681737604
2019.0 131.34922124732793
2020.0 131.46814659878402
2021.0 131.587150294752
2022.0 131.70620818879996
2023.0 131.82531759897597
2024.0 131.94443589713603
2025.0 132.06357000659193
2026.0 132.18275198398402
2027.0 132.30200140577594
2028.0 132.42134079073602
2029.0 132.540756958288
2030.0 132.66023756604798
2031.0 132.77981219241605
2032.0 132.89949150931196
2033.0 133.01915707281606
2034.0 133.13883281015995
2035.0 133.25853740795202
2036.0 133.37847674284794
2037.0 133.49847537809597
2038.0 133.61852720561606
2039.0 133.73860205319994
2040.0 133.85883113054405
2041.0 133.979096024352
2042.0 134.09931443310398
2043.0 134.219729062592
2044.0 134.340183018848
2045.0 134.46065671969606
2046.0 134.58121430600005
2047.0 134.70183450494397
2048.0 134.82251736376003
2049.0 134.94315955716803
2050.0 135.063839417392
2051.0 135.18455119288006
2052.0 135.30535195887998
2053.0 135.42620657244797
2054.0 135.54702188388805
2055.0 135.66787417038404
2056.0 135.788874405648
2057.0 135.91000982094397
2058.0 136.031238906544
2059.0 136.15252258305605
2060.0 136.273880115744
2061.0 136.39533338126395
2062.0 136.51677679208
2063.0 136.63828235348797
2064.0 136.75986071931194
2065.0 136.88164694809595
2066.0 137.00341162003204
2067.0 137.12528381143994
2068.0 137.24707990296
2069.0 137.36904362646402
2070.0 137.49108805412806
2071.0 137.61318394239998
2072.0 137.735293808576
2073.0 137.85754063830402
2074.0 137.97972140380793
2075.0 138.10197918347208
2076.0 138.224405458208
2077.0 138.34689225876807
2078.0 138.46938294393598
2079.0 138.591994781328
2080.0 138.71475210024002
2081.0 138.837377959344
2082.0 138.95999882161604
2083.0 139.08259157841593
2084.0 139.205260419632
2085.0 139.328032879184
2086.0 139.450820926448
2087.0 139.57369413438403
2088.0 139.69662174361596
2089.0 139.819696505408
2090.0 139.94280615897594
2091.0 140.06594670880003
2092.0 140.18924601641598
2093.0 140.31249707438403
2094.0 140.435853373344
2095.0 140.55930204315203
2096.0 140.68289632057605
2097.0 140.80644621444804
2098.0 140.92999133523202
2099.0 141.05359253856005
2100.0 141.17720772545596
2101.0 141.30073350667195
2102.0 141.4242953193921
2103.0 141.547959413376
2104.0 141.67176229959998
2105.0 141.795611489184
2106.0 141.91946488753592
2107.0 142.043350760784
2108.0 142.167280537296
2109.0 142.29147446844803
2110.0 142.41566679160002
2111.0 142.53991915318403
2112.0 142.66416409851203
2113.0 142.78857971902397
2114.0 142.91299753433597
2115.0 143.03744920051207
2116.0 143.16202508219197
2117.0 143.28664555638406
2118.0 143.41127787206395
2119.0 143.53608524063998
2120.0 143.660982278896
2121.0 143.78585357304001
2122.0 143.91087317548798
2123.0 144.03596108636805
2124.0 144.161063101984
2125.0 144.28617608036808
2126.0 144.41138985350406
2127.0 144.53662664555208
2128.0 144.66199448703998
2129.0 144.78733159896
2130.0 144.91277763955202
2131.0 145.03809600795188
2132.0 145.1634261450561
2133.0 145.288747502368
2134.0 145.414156806912
2135.0 145.53961736862396
2136.0 145.665153676736
2137.0 145.79077801928003
2138.0 145.91650836788796
2139.0 146.042239416288
2140.0 146.16793499457603
2141.0 146.29369728315203
2142.0 146.41947475972805
2143.0 146.545364259712
2144.0 146.67144915398399
2145.0 146.79757654851204
2146.0 146.92374584150403
2147.0 147.05008299251202
2148.0 147.1764359188
2149.0 147.30286667801602
2150.0 147.42935144675198
2151.0 147.55593665854394
2152.0 147.6825431293119
2153.0 147.80923300268793
2154.0 147.93609014945602
2155.0 148.06288011510406
2156.0 148.18969676118394
2157.0 148.31657565073607
2158.0 148.44362058380798
2159.0 148.570588506016
2160.0 148.697622125536
2161.0 148.82472947335995
2162.0 148.95186093740801
2163.0 149.07913900105603
2164.0 149.20634797728002
2165.0 149.333772496448
2166.0 149.46131683160002
2167.0 149.588976043936
2168.0 149.71658872022394
2169.0 149.84414167260803
2170.0 149.97167626929598
2171.0 150.09918338193603
2172.0 150.22678955875202
2173.0 150.35445877265605
2174.0 150.482373714816
2175.0 150.61032907024006
2176.0 150.73828734542406
2177.0 150.86634724555196
2178.0 150.99435405868797
2179.0 151.122523446496
2180.0 151.25067406761602
2181.0 151.37902666096005
2182.0 151.50759118422403
2183.0 151.636168325072
2184.0 151.76471689870405
2185.0 151.89322716022392
2186.0 152.02175761088006
2187.0 152.150381705728
2188.0 152.279021898976
2189.0 152.40772331327997
2190.0 152.53664486239998
2191.0 152.66554944686396
2192.0 152.79442100932798
2193.0 152.92332248219196
2194.0 153.05234813700798
2195.0 153.18141716017595
2196.0 153.310581632688
2197.0 153.43981867273595
2198.0 153.5691323878721
2199.0 153.69850006904
2200.0 153.828136287856
2201.0 153.9577415324
2202.0 154.087550833008
2203.0 154.21739578075207
2204.0 154.347421709328
2205.0 154.47750223432004
2206.0 154.607692489488
2207.0 154.73798882950413
2208.0 154.86841580697597
2209.0 154.99905881203202
2210.0 155.1297121350079
2211.0 155.26052855518398
2212.0 155.39146993428804
2213.0 155.52236974774402
2214.0 155.65324593526393
2215.0 155.78422415923202
2216.0 155.91518901904
2217.0 156.04625513001605
2218.0 156.17742627217598
2219.0 156.30856386724798
2220.0 156.43972561116803
2221.0 156.57085152006397
2222.0 156.702056113968
2223.0 156.83338967505597
2224.0 156.96469654257604
2225.0 157.09610866411202
2226.0 157.22755397900787
2227.0 157.35914313268808
2228.0 157.49081393332793
2229.0 157.6225606804
2230.0 157.75435731964802
2231.0 157.88618645167998
2232.0 158.01803698411203
2233.0 158.15004480459194
2234.0 158.282177537824
2235.0 158.41432283353595
2236.0 158.54664217950398
2237.0 158.67890894795198
2238.0 158.811180970144
2239.0 158.943524315488
2240.0 159.07592301288005
2241.0 159.20828840388796
2242.0 159.34086571912005
2243.0 159.473538113728
2244.0 159.60617701515196
2245.0 159.73881671198404
2246.0 159.871542020448
2247.0 160.00437217523202
2248.0 160.13714079507196
2249.0 160.26990701123196
2250.0 160.40283739020802
2251.0 160.53577985838393
2252.0 160.66879955497595
2253.0 160.80183071566404
2254.0 160.93489018609603
2255.0 161.067901282832
2256.0 161.201005978336
2257.0 161.33420048644797
2258.0 161.467391001248
2259.0 161.600571659856
2260.0 161.73377275768001
2261.0 161.86700042528003
2262.0 162.00006638102397
2263.0 162.13329587651205
2264.0 162.26653523550405
2265.0 162.399945330832
2266.0 162.53322557278403
2267.0 162.66665397105598
2268.0 162.80022658495997
2269.0 162.933934125712
2270.0 163.06778382108797
2271.0 163.20166592260802
2272.0 163.33566518175996
2273.0 163.469688469136
2274.0 163.60383931177603
2275.0 163.73806485870392
2276.0 163.87245463518394
2277.0 164.00693949334405
2278.0 164.14137538660796
2279.0 164.27576526683197
2280.0 164.410115275328
2281.0 164.54456157094404
2282.0 164.678895576944
2283.0 164.81329492289598
2284.0 164.94774635380804
2285.0 165.08223557843206
2286.0 165.21681972270397
2287.0 165.35152146075202
2288.0 165.48630533038394
2289.0 165.62113966216
2290.0 165.75611478212795
2291.0 165.8910320792001
2292.0 166.02601854361598
2293.0 166.16099921227206
2294.0 166.2960686116
2295.0 166.43126943121604
2296.0 166.56643041057606
2297.0 166.701703630352
2298.0 166.836986185472
2299.0 166.972480594688
2300.0 167.107898680272
2301.0 167.24343075364806
2302.0 167.378832884704
2303.0 167.51433881964795
2304.0 167.64983909807992
2305.0 167.78542567249596
2306.0 167.921003021824
2307.0 168.05656751539203
2308.0 168.19224290431995
2309.0 168.32782063400006
2310.0 168.46357638155197
2311.0 168.59946374129598
2312.0 168.735373513728
2313.0 168.871311775408
2314.0 169.00730951439996
2315.0 169.14343738761605
2316.0 169.279646002432
2317.0 169.41584320056
2318.0 169.55197261991984
2319.0 169.68814284705604
2320.0 169.82436240142405
2321.0 169.960564765072
2322.0 170.09658265529603
2323.0 170.232615565536
2324.0 170.3687264832479
2325.0 170.50481062118405
2326.0 170.64099653652798
2327.0 170.77728764209604
2328.0 170.91343026145591
2329.0 171.04969050910398
2330.0 171.185993428112
2331.0 171.322347869232
2332.0 171.458741508704
2333.0 171.59505227918405
2334.0 171.73145868035195
2335.0 171.86811975340794
2336.0 172.004713154256
2337.0 172.141399047456
2338.0 172.27812870430404
2339.0 172.41485591412797
2340.0 172.55158474064007
2341.0 172.688428293168
2342.0 172.82551022737593
2343.0 172.962648178048
2344.0 173.09980633440003
2345.0 173.23710481257606
2346.0 173.37447747944003
2347.0 173.51203511124803
2348.0 173.64968531335995
2349.0 173.78728167516806
2350.0 173.92497673059196
2351.0 174.06244419732812
2352.0 174.1999170835361
2353.0 174.337594094976
2354.0 174.47525592676806
2355.0 174.61305488025602
2356.0 174.750847987232
2357.0 174.88857345238404
2358.0 175.026307507504
2359.0 175.164267244272
2360.0 175.302186722656
2361.0 175.440212425184
2362.0 175.57814847356798
2363.0 175.71616285262388
2364.0 175.854190310864
2365.0 175.99231471732793
2366.0 176.13046041296002
2367.0 176.268727195504
2368.0 176.40690345900808
2369.0 176.545217363664
2370.0 176.683531785136
2371.0 176.82179254230402
2372.0 176.9599927932
2373.0 177.09842318495993
2374.0 177.23693674155203
2375.0 177.375396240432
2376.0 177.51399423014396
2377.0 177.65270867196804
2378.0 177.79152061945598
2379.0 177.93025027859204
2380.0 178.068919347104
2381.0 178.20761011620795
2382.0 178.346526689984
2383.0 178.48543006396795
2384.0 178.62428879135996
2385.0 178.763211645296
2386.0 178.90226351383996
2387.0 179.0412370912799
2388.0 179.18022315675202
2389.0 179.31934062401598
2390.0 179.45842453787196
2391.0 179.59741902729604
2392.0 179.7365238656799
2393.0 179.87560617617606
2394.0 180.01475917398395
2395.0 180.15404934971204
2396.0 180.29326927840003
2397.0 180.432625430624
2398.0 180.5720701484479
2399.0 180.71147479358413
2400.0 180.85086400856005
2401.0 180.99035479188794
2402.0 181.12965727057602
2403.0 181.26898191139205
2404.0 181.40845217368002
2405.0 181.548038852208
2406.0 181.68757741470407
2407.0 181.82705642737588
2408.0 181.9666011596641
2409.0 182.10623913100795
2410.0 182.246114298736
2411.0 182.3860304608
2412.0 182.52594528927997
2413.0 182.666015949168
2414.0 182.8061316051519
2415.0 182.94624911251205
2416.0 183.08649644564807
2417.0 183.22682832867204
2418.0 183.36724675046406
2419.0 183.50756059724807
2420.0 183.6479560969761
2421.0 183.788399511376
2422.0 183.928846119904
2423.0 184.06911665799993
2424.0 184.20937478488008
2425.0 184.34981078623994
2426.0 184.4902824310721
2427.0 184.63088880720008
2428.0 184.771397056384
2429.0 184.912029159088
2430.0 185.052723463728
2431.0 185.19339213009602
2432.0 185.334066898464
2433.0 185.47489038772792
2434.0 185.61574295783998
2435.0 185.75657937009606
2436.0 185.89738468523203
2437.0 186.03834500361594
2438.0 186.179290454912
2439.0 186.32049490900806
2440.0 186.461655393952
2441.0 186.602836077072
2442.0 186.744196099952
2443.0 186.885706573344
2444.0 187.02709550391987
2445.0 187.16852959880003
2446.0 187.30988242427208
2447.0 187.45120048641607
2448.0 187.592652016192
2449.0 187.73421206918403
2450.0 187.87568835359997
2451.0 188.01734647363202
2452.0 188.15888934566397
2453.0 188.30060138684792
2454.0 188.4423753464801
2455.0 188.58404534649603
2456.0 188.7258048766241
2457.0 188.867624554144
2458.0 189.0094283999839
2459.0 189.15132053048006
2460.0 189.293311157904
2461.0 189.435529511216
2462.0 189.57770296580804
2463.0 189.71983090223992
2464.0 189.86192792935992
2465.0 190.00399123366404
2466.0 190.14596862855998
2467.0 190.28797189839997
2468.0 190.42992518651198
2469.0 190.571808826128
2470.0 190.71377551268802
2471.0 190.85581065590395
2472.0 190.99784480287997
2473.0 191.13980821036796
2474.0 191.28187250476805
2475.0 191.42392885737598
2476.0 191.56615025606402
2477.0 191.70838615782407
2478.0 191.85055677767994
2479.0 191.99273162540797
2480.0 192.13493486079997
2481.0 192.2772264440319
2482.0 192.41948924459197
2483.0 192.56182143136
2484.0 192.704157356752
2485.0 192.84672010063997
2486.0 192.98922315123204
2487.0 193.13184553622398
2488.0 193.27456128006398
2489.0 193.41727456686408
2490.0 193.56000746560008
2491.0 193.70285810787203
2492.0 193.84569309257603
2493.0 193.98868831753606
2494.0 194.131817689936
2495.0 194.27501709147202
2496.0 194.41826670953597
2497.0 194.56168337384005
2498.0 194.70515070110383
2499.0 194.84858549606403
2500.0 194.99211211347207
2501.0 195.13562780054394
2502.0 195.27913483187203
2503.0 195.42291443841597
2504.0 195.566664605024
2505.0 195.71050955172797
2506.0 195.85426645270402
2507.0 195.99809667243198
2508.0 196.14188803312004
2509.0 196.285747618576
2510.0 196.42964693716797
2511.0 196.57356622899192
2512.0 196.71765655836805
2513.0 196.86177606087995
2514.0 197.00599267152
2515.0 197.150195353344
2516.0 197.29440679865598
2517.0 197.43857667774404
2518.0 197.582729764832
2519.0 197.726852246016
2520.0 197.87112249870387
2521.0 198.01545687150406
2522.0 198.15982240427203
2523.0 198.30411559745602
2524.0 198.44841348739206
2525.0 198.59275173168004
2526.0 198.73719546491208
2527.0 198.881789296176
2528.0 199.02636390822417
2529.0 199.17091406843198
2530.0 199.315484171632
2531.0 199.46000214569602
2532.0 199.60458505731197
2533.0 199.74936141627205
2534.0 199.89435407761601
2535.0 200.0395525140321
2536.0 200.18472778326392
2537.0 200.33007540431998
2538.0 200.47542463790398
2539.0 200.620873447424
2540.0 200.76614148681594
2541.0 200.91137854326402
2542.0 201.056874713536
2543.0 201.202278608176
2544.0 201.34787135012803
2545.0 201.493345136912
2546.0 201.63880264547194
2547.0 201.78425013551998
2548.0 201.92978294963203
2549.0 202.07541042824005
2550.0 202.22097165246396
2551.0 202.36659317460803
2552.0 202.512287679728
2553.0 202.65812476969592
2554.0 202.80395770342398
2555.0 202.94996977278396
2556.0 203.09612298488005
2557.0 203.24212210296
2558.0 203.3883816011199
2559.0 203.534709876576
2560.0 203.68117784913602
2561.0 203.82774229995195
2562.0 203.97434818305598
2563.0 204.120961558736
2564.0 204.26757316520002
2565.0 204.41417025198396
2566.0 204.56078582006393
2567.0 204.70753861278396
2568.0 204.854384350096
2569.0 205.00121438667202
2570.0 205.14791566009598
2571.0 205.29478384740815
2572.0 205.44156246408005
2573.0 205.58837367279995
2574.0 205.73525447751996
2575.0 205.88221738484805
2576.0 206.02934520739194
2577.0 206.17671529193612
2578.0 206.32414820975995
2579.0 206.47155566607995
2580.0 206.61888531180807
2581.0 206.766261250576
2582.0 206.91365888364808
2583.0 207.06106015488004
2584.0 207.20856642256004
2585.0 207.3562061074561
2586.0 207.50376452560005
2587.0 207.65130842288
2588.0 207.79900337735998
2589.0 207.94666091958402
2590.0 208.09433756552002
2591.0 208.24199688865596
2592.0 208.38977727268792
2593.0 208.53778641387197
2594.0 208.685861665024
2595.0 208.833962273104
2596.0 208.982106230496
2597.0 209.1302453021921
2598.0 209.27844052569588
2599.0 209.42677678419196
2600.0 209.57506500708806
2601.0 209.72358674649598
2602.0 209.87224240288
2603.0 210.02098774801598
2604.0 210.169888944304
2605.0 210.319037782352
2606.0 210.46822220113594
2607.0 210.61751651871995
2608.0 210.76688309239995
2609.0 210.91634241539205
2610.0 211.0658360412479
2611.0 211.215435181568
2612.0 211.36501416278392
2613.0 211.514422634112
2614.0 211.66389142356803
2615.0 211.81352824105596
2616.0 211.96351019446396
2617.0 212.11347095888004
2618.0 212.26352040521596
2619.0 212.41360501548803
2620.0 212.563694016752
2621.0 212.71393666814387
2622.0 212.86414197947207
2623.0 213.01431125217601
2624.0 213.16459987201597
2625.0 213.31489114057595
2626.0 213.46516185064002
2627.0 213.61526676740795
2628.0 213.76551486503996
2629.0 213.915665376656
2630.0 214.06589653270393
2631.0 214.21627558427213
2632.0 214.36659971041604
2633.0 214.5169770876481
2634.0 214.6675688611359
2635.0 214.81832370732803
2636.0 214.96922151366402
2637.0 215.12005970988804
2638.0 215.27089893052806
2639.0 215.42177922179206
2640.0 215.57260068486397
2641.0 215.72347807271996
2642.0 215.874435074912
2643.0 216.02564080817592
2644.0 216.176932184224
2645.0 216.328404223552
2646.0 216.47994509126414
2647.0 216.63157905508797
2648.0 216.78325099523198
2649.0 216.934798539824
2650.0 217.08639133012798
2651.0 217.23794783726416
2652.0 217.38943469348806
2653.0 217.54115722910402
2654.0 217.69302203374406
2655.0 217.84504002204804
2656.0 217.99715182486392
2657.0 218.14930821768
2658.0 218.3015710674559
2659.0 218.4537912601599
2660.0 218.606063596048
2661.0 218.7584343821759
2662.0 218.91101452104
2663.0 219.06358912971206
2664.0 219.216212024176
2665.0 219.36903966131194
2666.0 219.52207265502406
2667.0 219.67511964996805
2668.0 219.8282075059361
2669.0 219.98130703569592
2670.0 220.134628581552
2671.0 220.28795183224003
2672.0 220.44141873636795
2673.0 220.5949603310881
2674.0 220.74855430891202
2675.0 220.90203687510402
2676.0 221.0555311412
2677.0 221.209142153168
2678.0 221.36281718168
2679.0 221.516686607152
2680.0 221.67041296585612
2681.0 221.82426258579198
2682.0 221.97820453476794
2683.0 222.13205837028812
2684.0 222.28590663625602
2685.0 222.43982707433594
2686.0 222.59394107353592
2687.0 222.74792982976
2688.0 222.90210824487994
2689.0 223.05625803019194
2690.0 223.21043509710407
2691.0 223.3646416398241
2692.0 223.51881555719993
2693.0 223.67301485272
2694.0 223.8272757383041
2695.0 223.98144179193596
2696.0 224.135540693648
2697.0 224.28976771803195
2698.0 224.44391416615994
2699.0 224.5979547681281
2700.0 224.75202743903992
2701.0 224.906098161488
2702.0 225.06029838227195
2703.0 225.21470648139197
2704.0 225.36936292076797
2705.0 225.52398423742397
2706.0 225.67890335969597
2707.0 225.83387340259202
2708.0 225.98881238462386
2709.0 226.14385919044793
2710.0 226.29897496723203
2711.0 226.45404439809607
2712.0 226.6092391096801
2713.0 226.7644867581599
2714.0 226.91979084916792
2715.0 227.07513782171196
2716.0 227.23044964508804
2717.0 227.38576574004796
2718.0 227.54110369187202
2719.0 227.69656175131195
2720.0 227.852066320656
2721.0 228.00765967526394
2722.0 228.16340268761596
2723.0 228.31903888339198
2724.0 228.47486557495995
2725.0 228.63082461078403
2726.0 228.786799479808
2727.0 228.9427367006721
2728.0 229.098729964304
2729.0 229.254608696208
2730.0 229.41057342076797
2731.0 229.56657825742394
2732.0 229.72271701343988
2733.0 229.8788749145279
2734.0 230.0352138915839
2735.0 230.19165923084807
2736.0 230.34825617835207
2737.0 230.50493278027207
2738.0 230.66169042769587
2739.0 230.81838454369594
2740.0 230.97532812067206
2741.0 231.13231777580805
2742.0 231.28925558311994
2743.0 231.44622267294412
2744.0 231.6032094700639
2745.0 231.76031864620796
2746.0 231.9175419622079
2747.0 232.0749290928321
2748.0 232.23229066772805
2749.0 232.38969866531198
2750.0 232.54717183153593
2751.0 232.70459750131198
2752.0 232.86184060339207
2753.0 233.0191429565919
2754.0 233.17637303943997
2755.0 233.33364460985598
2756.0 233.49090575174395
2757.0 233.648403576688
2758.0 233.80596343323182
2759.0 233.96355502256006
2760.0 234.12112241771192
2761.0 234.27882719855998
2762.0 234.43680429223986
2763.0 234.59461535680003
2764.0 234.752531134656
2765.0 234.91053133508794
2766.0 235.06859785771198
2767.0 235.22697016591997
2768.0 235.38547808775996
2769.0 235.54411571228806
2770.0 235.70268630894398
2771.0 235.861158394304
2772.0 236.01979224211203
2773.0 236.17847795494404
2774.0 236.33728677463995
2775.0 236.49622570726405
2776.0 236.65491578918386
2777.0 236.813811770928
2778.0 236.97266328654376
2779.0 237.13154854097584
2780.0 237.29083283552004
2781.0 237.45022698761596
2782.0 237.60967372691192
2783.0 237.76942202568011
2784.0 237.92920586678397
2785.0 238.08910482636801
2786.0 238.2489386082399
2787.0 238.40881221107207
2788.0 238.56861909523195
2789.0 238.72847899091207
2790.0 238.88850551558403
2791.0 239.0485264780481
2792.0 239.20852725694402
2793.0 239.36858655460802
2794.0 239.5285253168
2795.0 239.68844083659206
2796.0 239.84853056921605
2797.0 240.00869289791999
2798.0 240.16901688499206
2799.0 240.32939300446395
2800.0 240.48996199654403
2801.0 240.650498220912
2802.0 240.81116862745594
2803.0 240.97179288281586
2804.0 241.13222899516785
2805.0 241.29275172779208
2806.0 241.45331875718404
2807.0 241.61412999315198
2808.0 241.77506960865594
2809.0 241.9360144386879
2810.0 242.09703007932794
2811.0 242.258144902288
2812.0 242.41928777868807
2813.0 242.58054967294407
2814.0 242.741795311328
2815.0 242.90304732087998
2816.0 243.064233645616
2817.0 243.22545699772795
2818.0 243.38683315107215
2819.0 243.54805913292813
2820.0 243.70926010491198
2821.0 243.8706214327039
2822.0 244.03172494198398
2823.0 244.192942475984
2824.0 244.35424307129605
2825.0 244.51581114512004
2826.0 244.67724524783998
2827.0 244.83887988704
2828.0 245.00049981235185
2829.0 245.16207363849603
2830.0 245.32378973281607
2831.0 245.48554376888
2832.0 245.6475626792481
2833.0 245.80951579142396
2834.0 245.971552200512
2835.0 246.13346569696014
2836.0 246.295463841936
2837.0 246.45743126236803
2838.0 246.619389201424
2839.0 246.78128468512008
2840.0 246.94323193046407
2841.0 247.10516347740798
2842.0 247.267173435296
2843.0 247.42927036585593
2844.0 247.59130977259196
2845.0 247.75353166456017
2846.0 247.91570026166406
2847.0 248.0778314933119
2848.0 248.24021660566405
2849.0 248.40279470972797
2850.0 248.5653477152801
2851.0 248.72807597467204
2852.0 248.89092648089613
2853.0 249.05377178990392
2854.0 249.2166736496161
2855.0 249.37958743804802
2856.0 249.542493733472
2857.0 249.70546587769599
2858.0 249.86855683427197
2859.0 250.03158649148799
2860.0 250.1947717027199
2861.0 250.35814235159995
2862.0 250.5216090272961
2863.0 250.68514971460803
2864.0 250.84885368919998
2865.0 251.012670038704
2866.0 251.1764829400639
2867.0 251.34027645097598
2868.0 251.50403876723198
2869.0 251.66788262558399
2870.0 251.8317811326561
2871.0 251.995655089392
2872.0 252.15944236697607
2873.0 252.32338943675214
2874.0 252.48721026268814
2875.0 252.65093727062404
2876.0 252.81456964734397
2877.0 252.978343388464
2878.0 253.1420432149759
2879.0 253.30585359364795
2880.0 253.469447045392
2881.0 253.63322011971195
2882.0 253.79699769977606
2883.0 253.96084796587198
2884.0 254.12486344551994
2885.0 254.2891463662241
2886.0 254.45367143566395
2887.0 254.6183140952001
2888.0 254.78297479555212
2889.0 254.94769390328005
2890.0 255.11241689188805
2891.0 255.27739546548793
2892.0 255.442424364624
2893.0 255.60738121964795
2894.0 255.77234184336007
2895.0 255.93759436873597
2896.0 256.103067519584
2897.0 256.26854888577606
2898.0 256.434082249776
2899.0 256.59962876422406
2900.0 256.76519263432
2901.0 256.9308720879681
2902.0 257.0966321427521
2903.0 257.26256617543993
2904.0 257.428420625184
2905.0 257.59433095374385
2906.0 257.760471663296
2907.0 257.92664912843185
2908.0 258.0929885305919
2909.0 258.2594899726911
2910.0 258.4259922788671
2911.0 258.5925421943551
2912.0 258.7593685056223
2913.0 258.9262910750801
2914.0 259.093453823696
2915.0 259.2606895500369
2916.0 259.4277574025887
2917.0 259.5951203959392
2918.0 259.7625695111681
2919.0 259.9298865539521
2920.0 260.09706880346715
2921.0 260.26427559263675
2922.0 260.43165327846555
2923.0 260.5989474485393
2924.0 260.76640984453127
2925.0 260.93405438867194
2926.0 261.101555002952
2927.0 261.26900446465277
2928.0 261.4364552412672
2929.0 261.6037524096288
2930.0 261.7710382097552
2931.0 261.938498107144
2932.0 262.10577347892485
2933.0 262.273180952152
2934.0 262.44080215306224
2935.0 262.6084348421264
2936.0 262.77623026006233
2937.0 262.94411019775845
2938.0 263.11204220824476
2939.0 263.2799527318001
2940.0 263.44779269060024
2941.0 263.61569778862247
2942.0 263.78338023015516
2943.0 263.9512046372257
2944.0 264.1190996141392
2945.0 264.287074967056
2946.0 264.45491266910403
2947.0 264.62304409634874
2948.0 264.79111241587526
2949.0 264.95935487478243
2950.0 265.1277142992961
2951.0 265.29623185721596
2952.0 265.46477771164643
2953.0 265.63329093878883
2954.0 265.8019230876049
2955.0 265.9704196972063
2956.0 266.13893059885936
2957.0 266.30735957065286
2958.0 266.4757650572224
2959.0 266.64411552274726
2960.0 266.8126144279569
2961.0 266.9810887243712
2962.0 267.1494298737072
2963.0 267.31788391975687
2964.0 267.486346952048
2965.0 267.6547454564991
2966.0 267.823476567232
2967.0 267.99196176228963
2968.0 268.16052329325925
2969.0 268.3290954835905
2970.0 268.49786137795996
2971.0 268.6669194930688
2972.0 268.83595237584467
2973.0 269.0049955580928
2974.0 269.1741302586992
2975.0 269.3433345226128
2976.0 269.5125739376016
2977.0 269.68173074213763
2978.0 269.8509151154527
2979.0 270.0202761317135
2980.0 270.18968434449755
2981.0 270.3593527043984
2982.0 270.5290038722783
2983.0 270.6987097826544
2984.0 270.8684886710417
2985.0 271.03822044056
2986.0 271.20813642435184
2987.0 271.37783626481917
2988.0 271.54762449386067
2989.0 271.71738288904646
2990.0 271.8873159932336
2991.0 272.05733010089125
2992.0 272.22763014678543
2993.0 272.3979369978609
2994.0 272.5682985716816
2995.0 272.7388475237504
2996.0 272.9094251336015
2997.0 273.0800229878017
2998.0 273.25056751369294
2999.0 273.421010015592
3000.0 273.5913915345728
