1.0 0.37694723462544
2.0 0.7227590788737599
3.0 1.0483035549264001
4.0 1.36032981370832
5.0 1.6633026388272008
6.0 1.9604781902784005
7.0 2.2540715780831997
8.0 2.5457438897456006
9.0 2.8364851244784015
10.0 3.1272834466175996
11.0 3.4187895852
12.0 3.7115112313504
13.0 4.005622417024001
14.0 4.301504679676799
15.0 4.599364562078401
16.0 4.899209390611202
17.0 5.2012421184768005
18.0 5.5055457600224
19.0 5.812295649000001
20.0 6.121648886246399
21.0 6.433484075316801
22.0 6.747653291279998
23.0 7.064281157649601
24.0 7.3835246025759975
25.0 7.705170462705598
26.0 8.0293168502544
27.0 8.356155179644801
28.0 8.685402660001598
29.0 9.017317955566401
30.0 9.351893887974402
31.0 9.688854677067198
32.0 10.028362106694399
33.0 10.3703958583488
34.0 10.7151077512512
35.0 11.062656209919998
36.0 11.412949502265604
37.0 11.7659323331216
38.0 12.1216164895488
39.0 12.4798094097952
40.0 12.840594183503999
41.0 13.204059537489602
42.0 13.5701181665216
43.0 13.938830449342401
44.0 14.310047683787204
45.0 14.684044155939201
46.0 15.060830151135999
47.0 15.440243438598404
48.0 15.822404587529599
49.0 16.206980789472002
50.0 16.594285736040003
51.0 16.98429946404
52.0 17.37695318642241
53.0 17.772090013720007
54.0 18.169872799518394
55.0 18.570182949875196
56.0 18.973136504135997
57.0 19.378684128790404
58.0 19.786856788724794
59.0 20.197750908456005
60.0 20.611195102924796
61.0 21.0271674885664
62.0 21.445752180479996
63.0 21.86704225536
64.0 22.290849277977607
65.0 22.717259126870395
66.0 23.146157347104
67.0 23.577497235673597
68.0 24.01163680983039
69.0 24.448224756935986
70.0 24.8871638407712
71.0 25.328751287828787
72.0 25.773000602928004
73.0 26.219528698983993
74.0 26.6686570013136
75.0 27.12039427170719
76.0 27.574960094364798
77.0 28.032166515936005
78.0 28.491875236022395
79.0 28.954113597446394
80.0 29.419014973872
81.0 29.886403328507207
82.0 30.356400296886402
83.0 30.829149204780805
84.0 31.3043848662224
85.0 31.782008721831993
86.0 32.262505637052804
87.0 32.7453504002032
88.0 33.2305977998928
89.0 33.71852483240959
90.0 34.20899052115681
91.0 34.70218200250559
92.0 35.197715853184
93.0 35.695543084948795
94.0 36.19587874734239
95.0 36.6985958138224
96.0 37.2037857697648
97.0 37.71154292412639
98.0 38.22175668142402
99.0 38.734515129824
100.0 39.249778512064
101.0 39.767646079894384
102.0 40.28797296991199
103.0 40.810935652665606
104.0 41.336455104609584
105.0 41.86455539061922
106.0 42.394976334728014
107.0 42.9282268346896
108.0 43.46394302147841
109.0 44.00216967085442
110.0 44.54297211070081
111.0 45.086129071187194
112.0 45.63198682528319
113.0 46.18031856657121
114.0 46.73094774236798
115.0 47.28438411974561
116.0 47.84029309684801
117.0 48.398681111644805
118.0 48.95959544497441
119.0 49.523234441751974
120.0 50.08932964771681
121.0 50.6578458834288
122.0 51.228789798104
123.0 51.802161497966395
124.0 52.3779282112
125.0 52.956050053512016
126.0 53.53696361814561
127.0 54.12040707352478
128.0 54.7064175784448
129.0 55.2952173143904
130.0 55.886145805537616
131.0 56.47945580354398
132.0 57.07542580092801
133.0 57.67373085140158
134.0 58.274493050643215
135.0 58.8775534042192
136.0 59.48316345545279
137.0 60.091212353726426
138.0 60.701812837412795
139.0 61.31469686310561
140.0 61.93015576287841
141.0 62.5478810535824
142.0 63.168350095702394
143.0 63.79107356782722
144.0 64.4164762117168
145.0 65.04422922092958
146.0 65.6742340703024
147.0 66.30680669523201
148.0 66.94195441764957
149.0 67.57963504452644
150.0 68.21936237075201
151.0 68.8619115189152
152.0 69.50702005547201
153.0 70.15460039586239
154.0 70.80441548054719
155.0 71.4566352512624
156.0 72.1112946228864
157.0 72.76825492403839
158.0 73.42763219998399
159.0 74.08945833072161
160.0 74.75373292900477
161.0 75.420703477192
162.0 76.090053664208
163.0 76.7617872379712
164.0 77.43591862300643
165.0 78.11247046578082
166.0 78.7914287183024
167.0 79.47301907512959
168.0 80.1568787859328
169.0 80.84340624540798
170.0 81.53233263779201
171.0 82.22357124932799
172.0 82.917154680304
173.0 83.61306273180799
174.0 84.31143161344002
175.0 85.01208506561599
176.0 85.71521740908803
177.0 86.42072020852801
178.0 87.12845009555198
179.0 87.83868366809598
180.0 88.55132099300802
181.0 89.26646909495999
182.0 89.98398129684801
183.0 90.70389825416
184.0 91.42619372424002
185.0 92.150822445648
186.0 92.8778910132
187.0 93.60739963849599
188.0 94.33933415236797
189.0 95.073544613216
190.0 95.81044769219199
191.0 96.549923826624
192.0 97.29190656006399
193.0 98.03628026575998
194.0 98.782936634752
195.0 99.53209812452799
196.0 100.28364611353604
197.0 101.03732254374401
198.0 101.79336429224
199.0 102.55180381303998
200.0 103.31266032774397
201.0 104.076004289216
202.0 104.84203217174402
203.0 105.61045180081601
204.0 106.38136726096002
205.0 107.154770719808
206.0 107.93085242907196
207.0 108.709117297664
208.0 109.48980076020798
209.0 110.27296541300798
210.0 111.058549908512
211.0 111.84642259572797
212.0 112.63667400793602
213.0 113.42929482459206
214.0 114.22439652012804
215.0 115.02198467439996
216.0 115.82217743105598
217.0 116.62471189539201
218.0 117.429551998144
219.0 118.23693040294397
220.0 119.046796919952
221.0 119.85913068372804
222.0 120.67373252264
223.0 121.49073399649603
224.0 122.31011614555197
225.0 123.131745102752
226.0 123.95564469432001
227.0 124.78186506528
228.0 125.61043789056001
229.0 126.44149112259201
230.0 127.27489577348797
231.0 128.11083726215995
232.0 128.94912155160003
233.0 129.78995990865602
234.0 130.633115597504
235.0 131.478380084288
236.0 132.32603649401594
237.0 133.176251217824
238.0 134.02884617041602
239.0 134.88404960540802
240.0 135.74163447916797
241.0 136.601703261152
242.0 137.46418959060802
243.0 138.329101181344
244.0 139.19622526852797
245.0 140.0659555489121
246.0 140.937944226976
247.0 141.81231493233594
248.0 142.68903726048003
249.0 143.56789312385604
250.0 144.449266590304
251.0 145.33288190679997
252.0 146.218989112896
253.0 147.10755763012804
254.0 147.998666734544
255.0 148.89225898617596
256.0 149.78805830467203
257.0 150.68597887944006
258.0 151.58607821972794
259.0 152.488443794656
260.0 153.39322238390403
261.0 154.300283251232
262.0 155.20990333263993
263.0 156.121660602144
264.0 157.035830319488
265.0 157.95229789641598
266.0 158.871264215616
267.0 159.79257025988804
268.0 160.71645746561597
269.0 161.64288418809602
270.0 162.571923920624
271.0 163.50327318752005
272.0 164.43652002604802
273.0 165.372181354048
274.0 166.31020176180806
275.0 167.250800869616
276.0 168.19383822033598
277.0 169.13925199908806
278.0 170.086846587008
279.0 171.03689538107196
280.0 171.989201406048
281.0 172.94367826673607
282.0 173.90049869086403
283.0 174.85978232942395
284.0 175.82124585470405
285.0 176.78484862441596
286.0 177.75075192579203
287.0 178.719040583408
288.0 179.68984457823998
289.0 180.66291505180806
290.0 181.6384606966881
291.0 182.61650909892802
292.0 183.59694449982402
293.0 184.58001973982405
294.0 185.56522216444802
295.0 186.55248990113608
296.0 187.54198797852806
297.0 188.53372317369605
298.0 189.527781835392
299.0 190.52382950523204
300.0 191.52241609926403
301.0 192.52317961585604
302.0 193.52608437161595
303.0 194.5314921408961
304.0 195.539178904448
305.0 196.549191637552
306.0 197.56126935124806
307.0 198.575839963328
308.0 199.59261596248
309.0 200.61162466454397
310.0 201.63316958640002
311.0 202.65679257558398
312.0 203.68299399849602
313.0 204.711530010064
314.0 205.74237681065603
315.0 206.77542256673604
316.0 207.81084346886396
317.0 208.848461057744
318.0 209.88842501131194
319.0 210.93084249441603
320.0 211.97533091126402
321.0 213.02205912368004
322.0 214.07123710104003
323.0 215.12302555081595
324.0 216.17688129582393
325.0 217.233102198208
326.0 218.29165420383998
327.0 219.35260759318402
328.0 220.41584097878405
329.0 221.48135961100797
330.0 222.549111773168
331.0 223.61926572996805
332.0 224.69170862428797
333.0 225.76666582145603
334.0 226.84377754228802
335.0 227.9230521770399
336.0 229.00466866739194
337.0 230.088682457392
338.0 231.17500780473605
339.0 232.26344584340796
340.0 233.35419374756802
341.0 234.447101972656
342.0 235.54210290608006
343.0 236.63929769206402
344.0 237.73861451644794
345.0 238.84005184144002
346.0 239.94393449304002
347.0 241.05013117471998
348.0 242.15863368412798
349.0 243.26949346472003
350.0 244.38254559473603
351.0 245.49805050599994
352.0 246.61593095369602
353.0 247.73631829979203
354.0 248.8587755279841
355.0 249.983442156016
356.0 251.1100847546239
357.0 252.23886646777606
358.0 253.3701016655199
359.0 254.50368067129594
360.0 255.639501490864
361.0 256.7772691921121
362.0 257.91755715887996
363.0 259.05989500764804
364.0 260.20460628995204
365.0 261.351354520672
366.0 262.5005409566241
367.0 263.65192698704
368.0 264.80555695248006
369.0 265.961657821376
370.0 267.12018350347205
371.0 268.2810662018561
372.0 269.44430548508785
373.0 270.609735555344
374.0 271.7775185085121
375.0 272.947623396304
376.0 274.11986297711996
377.0 275.29439152390404
378.0 276.4713524569919
379.0 277.6505767545279
380.0 278.83196465568
381.0 280.01577508993597
382.0 281.20195397291195
383.0 282.39027874451193
384.0 283.58085988364803
385.0 284.773655376672
386.0 285.968785265664
387.0 287.16606298464
388.0 288.36547881425605
389.0 289.5669817227521
390.0 290.77057040990405
391.0 291.9762406175679
392.0 293.18431889003193
393.0 294.39482263489606
394.0 295.6075878335362
395.0 296.82239624248007
396.0 298.03930627865617
397.0 299.25868141795206
398.0 300.480434136832
399.0 301.70457781809597
400.0 302.9310110459681
401.0 304.1594808628961
402.0 305.39012763427206
403.0 306.62279069443196
404.0 307.85776335217605
405.0 309.09518704715197
406.0 310.33492168385595
407.0 311.57712100607995
408.0 312.8217217349441
409.0 314.068492020784
410.0 315.3171789778561
411.0 316.5682044060961
412.0 317.8215678329442
413.0 319.07709309272
414.0 320.33482020176
415.0 321.595039961808
416.0 322.85724983865606
417.0 324.121853616464
418.0 325.38862535569604
419.0 326.657471552512
420.0 327.92849509553605
421.0 329.2016397373601
422.0 330.476977899376
423.0 331.75440506464
424.0 333.03422159510404
425.0 334.31625768278406
426.0 335.60020444136
427.0 336.88649700639996
428.0 338.175178348976
429.0 339.466052447808
430.0 340.75930552033617
431.0 342.05493578446396
432.0 343.35257273854387
433.0 344.6524424451361
434.0 345.95424834355197
435.0 347.258532174176
436.0 348.564846236448
437.0 349.873383045824
438.0 351.1841698384
439.0 352.49715660284795
440.0 353.81222467260807
441.0 355.129597357232
442.0 356.44931398921597
443.0 357.77141239019187
444.0 359.0957758796801
445.0 360.42238584251197
446.0 361.751204489968
447.0 363.0819897553119
448.0 364.4151059600159
449.0 365.75050537636787
450.0 367.0880349940959
451.0 368.42756264631987
452.0 369.76919488433606
453.0 371.113091077616
454.0 372.459430039616
455.0 373.8078575736
456.0 375.15841716291203
457.0 376.51125678158405
458.0 377.86627341828796
459.0 379.22353214096
460.0 380.58287710456005
461.0 381.94424193764814
462.0 383.30774131673604
463.0 384.6734993912799
464.0 386.041675292544
465.0 387.412260386592
466.0 388.784876532256
467.0 390.15958231696015
468.0 391.53655871958404
469.0 392.91574346888007
470.0 394.29710138233605
471.0 395.68079571592
472.0 397.06687964663996
473.0 398.4549083224159
474.0 399.8452918134881
475.0 401.23773316284786
476.0 402.63251233188805
477.0 404.02938551321614
478.0 405.4283293335521
479.0 406.8293263781441
480.0 408.2325417459041
481.0 409.6380380715039
482.0 411.0455123487521
483.0 412.455182678976
484.0 413.86729132212804
485.0 415.2815740116959
486.0 416.698011180112
487.0 418.11666043745606
488.0 419.5376203803521
489.0 420.9607060067039
490.0 422.386037205856
491.0 423.81361803113595
492.0 425.24330371968006
493.0 426.67551655550386
494.0 428.110056941856
495.0 429.5469917746239
496.0 430.9862152780159
497.0 432.4280069648481
498.0 433.87226563187187
499.0 435.3187803129757
500.0 436.7672851347197
501.0 438.21807632134403
502.0 439.6710914157119
503.0 441.1263998294721
504.0 442.58369775729597
505.0 444.04325543819215
506.0 445.50476565820793
507.0 446.9684436762879
508.0 448.4345005891199
509.0 449.9026452998719
510.0 451.37300037225606
511.0 452.8453185354721
512.0 454.320024222896
513.0 455.7970086784479
514.0 457.27633083665603
515.0 458.75751961835215
516.0 460.2407335694719
517.0 461.7259491275521
518.0 463.21328866124816
519.0 464.7028341108642
520.0 466.1947110266239
521.0 467.688775119216
522.0 469.18521531611196
523.0 470.68406724401586
524.0 472.18505385401585
525.0 473.68821798948784
526.0 475.19358660302385
527.0 476.7012076076959
528.0 478.21112795583986
529.0 479.7230413858242
530.0 481.2372274249281
531.0 482.753456054624
532.0 484.27204457468804
533.0 485.79274920134424
534.0 487.315582813456
535.0 488.8405555058401
536.0 490.3677788004321
537.0 491.8973879917438
538.0 493.429186212912
539.0 494.9631964996799
540.0 496.4992811131201
541.0 498.037346225072
542.0 499.5776169041921
543.0 501.120323461632
544.0 502.66491741070394
545.0 504.2115251243519
546.0 505.7604657687839
547.0 507.3114153855037
548.0 508.8645750815359
549.0 510.42011268342384
550.0 511.9778049835201
551.0 513.53776979016
552.0 515.1000607002879
553.0 516.6645405578081
554.0 518.2313841361118
555.0 519.8002970592959
556.0 521.371207467344
557.0 522.944145932896
558.0 524.5194643389441
559.0 526.0970828684799
560.0 527.6769167465922
561.0 529.258791584656
562.0 530.84285337656
563.0 532.42923414464
564.0 534.017718458688
565.0 535.6084456181277
566.0 537.2012993080323
567.0 538.79622022824
568.0 540.3935995139681
569.0 541.993016460064
570.0 543.5944345425764
571.0 545.1980660552481
572.0 546.8037934412001
573.0 548.411379498432
574.0 550.0208883794879
575.0 551.632427095728
576.0 553.2462365550718
577.0 554.86228325704
578.0 556.4803412366722
579.0 558.100781856752
580.0 559.7232512977117
581.0 561.347616865504
582.0 562.9740649690079
583.0 564.6026814551681
584.0 566.2335220758562
585.0 567.8667198597282
586.0 569.5019411230398
587.0 571.1394469559998
588.0 572.7791656207842
589.0 574.4207329368
590.0 576.0645156583357
591.0 577.710386554528
592.0 579.3583863600641
593.0 581.0084802707681
594.0 582.660627029088
595.0 584.3150525511841
596.0 585.9718447504799
597.0 587.6308139338881
598.0 589.2919524077919
599.0 590.9550933652
600.0 592.6206143725441
601.0 594.288134841792
602.0 595.957905255728
603.0 597.6296343947839
604.0 599.3033604753762
605.0 600.9791517845283
606.0 602.657197961744
607.0 604.3373708936159
608.0 606.0198213836321
609.0 607.7042665364639
610.0 609.3909462864641
611.0 611.079614609936
612.0 612.7703789626081
613.0 614.4633224864801
614.0 616.1583037069441
615.0 617.8553270382721
616.0 619.5542782567841
617.0 621.255373706352
618.0 622.9584843296637
619.0 624.663788542752
620.0 626.3712877833119
621.0 628.0812859921919
622.0 629.793448084096
623.0 631.50775649272
624.0 633.224566624704
625.0 634.9434277231519
626.0 636.664341665872
627.0 638.3874226903844
628.0 640.1127292810718
629.0 641.840081777552
630.0 643.5694914087678
631.0 645.3007592126561
632.0 647.034203033264
633.0 648.7695940768483
634.0 650.507125236832
635.0 652.2466475671041
636.0 653.9884208503838
637.0 655.7325521210082
638.0 657.4789869238563
639.0 659.227704163856
640.0 660.9785615312479
641.0 662.7316216077444
642.0 664.4867599648642
643.0 666.2440729597758
644.0 668.0034944637919
645.0 669.765059069872
646.0 671.5286605769918
647.0 673.2945362395521
648.0 675.0623265428961
649.0 676.83221040152
650.0 678.6043768097759
651.0 680.3785094644802
652.0 682.155082228864
653.0 683.9338481856478
654.0 685.7149528052639
655.0 687.4977089863839
656.0 689.2825128961758
657.0 691.0694529558721
658.0 692.8582584617918
659.0 694.6493317714718
660.0 696.4426621986079
661.0 698.237749698128
662.0 700.0352083714081
663.0 701.8346910034079
664.0 703.6361850974081
665.0 705.4397516980162
666.0 707.2456734949279
667.0 709.0535737851519
668.0 710.8635668174559
669.0 712.6754753007199
670.0 714.4895269617759
671.0 716.3056654184479
672.0 718.1238947218565
673.0 719.944470042416
674.0 721.7671988199679
675.0 723.5916344962241
676.0 725.4182401198399
677.0 727.247366374064
678.0 729.0789438156319
679.0 730.9127157648643
680.0 732.74835376248
681.0 734.5861511885598
682.0 736.4261560063202
683.0 738.2680797848159
684.0 740.1120674958878
685.0 741.9582401762082
686.0 743.8067780579199
687.0 745.6576321258399
688.0 747.510722448944
689.0 749.3660978431041
690.0 751.2233372722078
691.0 753.082620475616
692.0 754.9441407963682
693.0 756.8076350958722
694.0 758.673292200928
695.0 760.5408076274881
696.0 762.410701206032
697.0 764.2826997753601
698.0 766.1566757494882
699.0 768.0329072574721
700.0 769.9114310546399
701.0 771.7919877634557
702.0 773.6747810153281
703.0 775.5597705487841
704.0 777.4468181227521
705.0 779.335963519504
706.0 781.2273032426078
707.0 783.1209780912479
708.0 785.016724169552
709.0 786.9145881809762
710.0 788.814730412528
711.0 790.717284363536
712.0 792.6221206943679
713.0 794.529233944016
714.0 796.4385556848002
715.0 798.3497005584161
716.0 800.2631127150239
717.0 802.1787108684961
718.0 804.0962819412322
719.0 806.0160631355359
720.0 807.9376839175518
721.0 809.861388514416
722.0 811.7875022249601
723.0 813.7154648636158
724.0 815.6454991489442
725.0 817.5777334721761
726.0 819.512061252624
727.0 821.448821048144
728.0 823.387595721552
729.0 825.3283588088316
730.0 827.2710597282561
731.0 829.2159898270402
732.0 831.1628701855037
733.0 833.1121674067039
734.0 835.0636996288482
735.0 837.0173853943203
736.0 838.973153700608
737.0 840.9307694610561
738.0 842.8902616249603
739.0 844.8518129148799
740.0 846.8156340428161
741.0 848.7818356845601
742.0 850.7498755278884
743.0 852.7201770673921
744.0 854.692405227984
745.0 856.6665916544644
746.0 858.6427556212799
747.0 860.6212058613122
748.0 862.6019117015036
749.0 864.5846815140321
750.0 866.569770320784
751.0 868.5571302655999
752.0 870.5463880640958
753.0 872.5375386790723
754.0 874.530809487744
755.0 876.526275591584
756.0 878.5238628177119
757.0 880.5232747494401
758.0 882.5244924333762
759.0 884.5278210115202
760.0 886.5331494139676
761.0 888.5407051830398
762.0 890.55026663504
763.0 892.5618890565922
764.0 894.575750676064
765.0 896.5918940839362
766.0 898.6102682077759
767.0 900.631070108672
768.0 902.653778517056
769.0 904.678882707088
770.0 906.7062859961761
771.0 908.7358781551842
772.0 910.7673819534563
773.0 912.8008826856956
774.0 914.8362908295845
775.0 916.873997534832
776.0 918.91406083664
777.0 920.9561263022563
778.0 923.0000548262564
779.0 925.0462111450879
780.0 927.0943730609279
781.0 929.1446687406882
782.0 931.1970650256637
783.0 933.251636244576
784.0 935.30808894488
785.0 937.3668387439357
786.0 939.4277187100482
787.0 941.4906992682081
788.0 943.5555944174081
789.0 945.6224445711683
790.0 947.6916442395359
791.0 949.7629941375842
792.0 951.8367634322882
793.0 953.912564195072
794.0 955.9903443483363
795.0 958.0704151947839
796.0 960.1524608955837
797.0 962.2368094070556
798.0 964.3235147706404
799.0 966.4122089480479
800.0 968.5029313350399
801.0 970.5956278704323
802.0 972.6905673328322
803.0 974.7877299526401
804.0 976.8868241432801
805.0 978.9881304528157
806.0 981.091511437696
807.0 983.1969360996478
808.0 985.3042791396322
809.0 987.4138199936478
810.0 989.5252715942399
811.0 991.6389855646718
812.0 993.7548695266717
813.0 995.8733175132638
814.0 997.9937960682244
815.0 1000.116226353776
816.0 1002.2407120874238
817.0 1004.3674769901279
818.0 1006.4966373441441
819.0 1008.6277751377123
820.0 1010.7608317421918
821.0 1012.8962747219836
822.0 1015.0338886500482
823.0 1017.1735132278078
824.0 1019.3150812745118
825.0 1021.4590907127043
826.0 1023.6052083205283
827.0 1025.7535785787682
828.0 1027.9035978791355
829.0 1030.0558031392957
830.0 1032.21006460584
831.0 1034.366393900912
832.0 1036.5249103334238
833.0 1038.6856265830884
834.0 1040.8483667296803
835.0 1043.0130934221438
836.0 1045.1794769801759
837.0 1047.3477882990883
838.0 1049.518347605152
839.0 1051.6909828528956
840.0 1053.86573730616
841.0 1056.042780006736
842.0 1058.221814318688
843.0 1060.4028763942242
844.0 1062.586321483648
845.0 1064.7719551474886
846.0 1066.95970054776
847.0 1069.1495715723358
848.0 1071.3416414706405
849.0 1073.535785777984
850.0 1075.7320791326233
851.0 1077.9304308439675
852.0 1080.130966208912
853.0 1082.3333649118395
854.0 1084.5378711919839
855.0 1086.7445353150242
856.0 1088.9530709584797
857.0 1091.1633768310078
858.0 1093.37565744384
859.0 1095.5904818957606
860.0 1097.8071877583684
861.0 1100.0260566884797
862.0 1102.247156654464
863.0 1104.4701704528002
864.0 1106.6957315015998
865.0 1108.923287481072
866.0 1111.1525900349275
867.0 1113.383965952992
868.0 1115.617817999328
869.0 1117.8533035948167
870.0 1120.0910180821757
871.0 1122.3308056595201
872.0 1124.572380195616
873.0 1126.81625287032
874.0 1129.0622651890567
875.0 1131.3104240362081
876.0 1133.560387806896
877.0 1135.8122439534884
878.0 1138.0664427340325
879.0 1140.3223439768476
880.0 1142.5805123878076
881.0 1144.8409056788
882.0 1147.1032368001602
883.0 1149.3678288901278
884.0 1151.6347547586558
885.0 1153.9037828199357
886.0 1156.1749263016156
887.0 1158.4481098895994
888.0 1160.7237727523839
889.0 1163.0014847408
890.0 1165.2812319285445
891.0 1167.5630987179677
892.0 1169.8469926515515
893.0 1172.1332535515999
894.0 1174.421328097312
895.0 1176.71120424472
896.0 1179.0031566353762
897.0 1181.29720344816
898.0 1183.593463654048
899.0 1185.8919363265118
900.0 1188.19240832344
901.0 1190.4949361488957
902.0 1192.7993804147677
903.0 1195.1061997215518
904.0 1197.4154497430238
905.0 1199.7264598776478
906.0 1202.039547482352
907.0 1204.3549373080482
908.0 1206.6722373499201
909.0 1208.9918428379676
910.0 1211.3131770396956
911.0 1213.6369535315675
912.0 1215.962414864976
913.0 1218.290184592192
914.0 1220.6197123736965
915.0 1222.9514602123522
916.0 1225.2854725435197
917.0 1227.621774435056
918.0 1229.9604783762081
919.0 1232.301537246512
920.0 1234.6447233012802
921.0 1236.990056562256
922.0 1239.3374097688
923.0 1241.6868826774714
924.0 1244.0384568767354
925.0 1246.3918625371846
926.0 1248.7470697892163
927.0 1251.10422337832
928.0 1253.4636086469604
929.0 1255.8249618830237
930.0 1258.1884948536165
931.0 1260.5541064703837
932.0 1262.9216347893116
933.0 1265.2911814176323
934.0 1267.662952110848
935.0 1270.0369609194402
936.0 1272.4130064303363
937.0 1274.7909466596489
938.0 1277.1707846938723
939.0 1279.5524076224801
940.0 1281.936155408208
941.0 1284.3219117549118
942.0 1286.7097666341763
943.0 1289.0997204731038
944.0 1291.4917841784638
945.0 1293.8858700997282
946.0 1296.2820632441435
947.0 1298.6805727129606
948.0 1301.081233802848
949.0 1303.4842227785125
950.0 1305.8891522669924
951.0 1308.2963465986886
952.0 1310.705487378176
953.0 1313.116744802192
954.0 1315.53003036584
955.0 1317.9451159603047
956.0 1320.3623802060324
957.0 1322.7817719384643
958.0 1325.2034326725595
959.0 1327.6273175635522
960.0 1330.0529658888638
961.0 1332.4811066223042
962.0 1334.91137101704
963.0 1337.34413374968
964.0 1339.7790448502078
965.0 1342.2160400687517
966.0 1344.6549864491365
967.0 1347.0959245758722
968.0 1349.5392349976323
969.0 1351.9844993181605
970.0 1354.4319905823038
971.0 1356.8820652704485
972.0 1359.3343004485919
973.0 1361.7886346882879
974.0 1364.2448989632157
975.0 1366.703481100368
976.0 1369.163768187024
977.0 1371.6265303949922
978.0 1374.09106066776
979.0 1376.5572593365928
980.0 1379.0254845881602
981.0 1381.495948675104
982.0 1383.9683655719841
983.0 1386.4426909594076
984.0 1388.9192002371685
985.0 1391.3977501932318
986.0 1393.8780949200486
987.0 1396.3607434479366
988.0 1398.8452997344325
989.0 1401.3320314707355
990.0 1403.8208136341439
991.0 1406.3118060395202
992.0 1408.8048132406564
993.0 1411.3001309831998
994.0 1413.797197373408
995.0 1416.296616742992
996.0 1418.7981956058716
997.0 1421.3015964228964
998.0 1423.8069989387361
999.0 1426.3148228096006
1000.0 1428.8246516363997
1001.0 1431.3367606471516
1002.0 1433.8509264502723
1003.0 1436.3671218491359
1004.0 1438.8852723716798
1005.0 1441.4054903316635
1006.0 1443.9277148687202
1007.0 1446.4517085504476
1008.0 1448.9775085942242
1009.0 1451.5054548093278
1010.0 1454.0351914835678
1011.0 1456.567174696592
1012.0 1459.1008513245438
1013.0 1461.6367855008962
1014.0 1464.1750595980318
1015.0 1466.7154011083035
1016.0 1469.2574823208001
1017.0 1471.8017559098396
1018.0 1474.3483956380155
1019.0 1476.8969621564638
1020.0 1479.4476181651999
1021.0 1482.0005438858404
1022.0 1484.5556636169283
1023.0 1487.11261146712
1024.0 1489.671690228112
1025.0 1492.2325673526236
1026.0 1494.7956991701437
1027.0 1497.3606962737279
1028.0 1499.9277509728167
1029.0 1502.4967848968638
1030.0 1505.067688880176
1031.0 1507.64095245672
1032.0 1510.21639137296
1033.0 1512.7939937164479
1034.0 1515.3737704494556
1035.0 1517.9559707097442
1036.0 1520.540229233344
1037.0 1523.126385947824
1038.0 1525.7147432978877
1039.0 1528.3052063602713
1040.0 1530.897888962288
1041.0 1533.4926902063849
1042.0 1536.0893984456955
1043.0 1538.688061680944
1044.0 1541.2887552240159
1045.0 1543.89151424976
1046.0 1546.4959455829123
1047.0 1549.102648988672
1048.0 1551.7115102777118
1049.0 1554.3228222627997
1050.0 1556.9356187199683
1051.0 1559.5507492311203
1052.0 1562.167958175232
1053.0 1564.7871191578395
1054.0 1567.4088313096481
1055.0 1570.032424723712
1056.0 1572.658129975584
1057.0 1575.286322431376
1058.0 1577.9163326695511
1059.0 1580.548047268784
1060.0 1583.1818792979197
1061.0 1585.8179310646071
1062.0 1588.4564107366564
1063.0 1591.097195781696
1064.0 1593.7396818018717
1065.0 1596.3840142016647
1066.0 1599.031017535392
1067.0 1601.6793600741598
1068.0 1604.33001153552
1069.0 1606.9826176752324
1070.0 1609.6372253950553
1071.0 1612.2939279075842
1072.0 1614.9527985612956
1073.0 1617.6136092146235
1074.0 1620.2767829552802
1075.0 1622.9421527076156
1076.0 1625.6096230261119
1077.0 1628.2792500571036
1078.0 1630.9509451624167
1079.0 1633.6242556567036
1080.0 1636.299649552496
1081.0 1638.9770420240961
1082.0 1641.6565578396476
1083.0 1644.3381020196962
1084.0 1647.021673525216
1085.0 1649.7071669349766
1086.0 1652.3945162816958
1087.0 1655.0839970759039
1088.0 1657.7755384768163
1089.0 1660.4694095158236
1090.0 1663.16534113768
1091.0 1665.8631424563846
1092.0 1668.5631521211358
1093.0 1671.265460259328
1094.0 1673.9698537580484
1095.0 1676.67617407424
1096.0 1679.3840790447362
1097.0 1682.0936981309121
1098.0 1684.805521686
1099.0 1687.519141124656
1100.0 1690.235043796544
1101.0 1692.9526938981605
1102.0 1695.672443162496
1103.0 1698.3941549950719
1104.0 1701.117808040736
1105.0 1703.84316297744
1106.0 1706.5708650287525
1107.0 1709.300736924592
1108.0 1712.0323879973762
1109.0 1714.76555543656
1110.0 1717.5011512031838
1111.0 1720.238929646288
1112.0 1722.9788192833444
1113.0 1725.7207929096803
1114.0 1728.4649576540319
1115.0 1731.2110375896962
1116.0 1733.9589025989922
1117.0 1736.7087250401437
1118.0 1739.4604364921124
1119.0 1742.2142569131204
1120.0 1744.969642227184
1121.0 1747.7271305572158
1122.0 1750.4866119394082
1123.0 1753.247978857296
1124.0 1756.0112195739198
1125.0 1758.7767298795995
1126.0 1761.54404140176
1127.0 1764.313830324288
1128.0 1767.0859199087838
1129.0 1769.8599281236634
1130.0 1772.6359235664318
1131.0 1775.4138168951363
1132.0 1778.1941308640794
1133.0 1780.9764437503036
1134.0 1783.7608829138724
1135.0 1786.5476852963518
1136.0 1789.3363319823366
1137.0 1792.1268669559515
1138.0 1794.919321875504
1139.0 1797.713805003664
1140.0 1800.5102885167992
1141.0 1803.3089068275835
1142.0 1806.1093411976315
1143.0 1808.9118966944002
1144.0 1811.7166826212165
1145.0 1814.5234077101286
1146.0 1817.3324297070085
1147.0 1820.1437512004002
1148.0 1822.9567713572312
1149.0 1825.771587679681
1150.0 1828.5884631068961
1151.0 1831.4075380460004
1152.0 1834.228760141264
1153.0 1837.0520424714719
1154.0 1839.877257679104
1155.0 1842.704536939696
1156.0 1845.5344291777596
1157.0 1848.3663251610876
1158.0 1851.2006592110727
1159.0 1854.0371473272796
1160.0 1856.8759305031679
1161.0 1859.716517456208
1162.0 1862.559327870144
1163.0 1865.4042036925123
1164.0 1868.2513923555045
1165.0 1871.1002186695678
1166.0 1873.9515801647517
1167.0 1876.804777162944
1168.0 1879.6600000609276
1169.0 1882.516992312016
1170.0 1885.3756968195514
1171.0 1888.23651316528
1172.0 1891.099363456128
1173.0 1893.9644851411515
1174.0 1896.8314535489928
1175.0 1899.7004275050556
1176.0 1902.571533967408
1177.0 1905.4444306757746
1178.0 1908.3192165566238
1179.0 1911.1966648055677
1180.0 1914.0759719391358
1181.0 1916.9573007303516
1182.0 1919.8405603644637
1183.0 1922.72639532576
1184.0 1925.6141927324156
1185.0 1928.5042798855998
1186.0 1931.3960396981433
1187.0 1934.2898746506405
1188.0 1937.1857450970233
1189.0 1940.083737211248
1190.0 1942.983764807856
1191.0 1945.8862371860155
1192.0 1948.7908338123193
1193.0 1951.697388192832
1194.0 1954.6057313780962
1195.0 1957.5161254152313
1196.0 1960.4283302323208
1197.0 1963.3424384918562
1198.0 1966.2590374056326
1199.0 1969.177668601919
1200.0 1972.0986848611992
1201.0 1975.021996531567
1202.0 1977.9476699890233
1203.0 1980.8757319548645
1204.0 1983.805850363136
1205.0 1986.7379248243356
1206.0 1989.671942534113
1207.0 1992.6081184411673
1208.0 1995.5461597668805
1209.0 1998.4861349718237
1210.0 2001.4281453953922
1211.0 2004.371647089632
1212.0 2007.3175692863679
1213.0 2010.2658789976806
1214.0 2013.2162502867202
1215.0 2016.1685221504317
1216.0 2019.1234069841917
1217.0 2022.0804286921277
1218.0 2025.03963590184
1219.0 2028.0003548463203
1220.0 2030.962859375808
1221.0 2033.9278691889442
1222.0 2036.8947530667206
1223.0 2039.863724160064
1224.0 2042.834395401392
1225.0 2045.8071197749919
1226.0 2048.7818185315036
1227.0 2051.7585550399517
1228.0 2054.7373985241275
1229.0 2057.7183668391044
1230.0 2060.701228294768
1231.0 2063.6859989912314
1232.0 2066.6724591623033
1233.0 2069.661042368128
1234.0 2072.651516993488
1235.0 2075.6441068940003
1236.0 2078.639176142736
1237.0 2081.6360236954088
1238.0 2084.634903181121
1239.0 2087.6360700300474
1240.0 2090.6398171375677
1241.0 2093.64538818656
1242.0 2096.6526750210733
1243.0 2099.6624308603045
1244.0 2102.6740828082084
1245.0 2105.6877444472157
1246.0 2108.70305438496
1247.0 2111.7201380542087
1248.0 2114.7392965092963
1249.0 2117.7607241037126
1250.0 2120.784156029632
1251.0 2123.809430217105
1252.0 2126.837043586112
1253.0 2129.8666213886872
1254.0 2132.8979397017915
1255.0 2135.931508808016
1256.0 2138.967096842032
1257.0 2142.0046356320154
1258.0 2145.0441678579846
1259.0 2148.08596820288
1260.0 2151.1297266329593
1261.0 2154.1755810541445
1262.0 2157.2237583085125
1263.0 2160.27392978008
1264.0 2163.3261034207676
1265.0 2166.3802262486233
1266.0 2169.4363272096325
1267.0 2172.494756506576
1268.0 2175.5548286979515
1269.0 2178.617267605664
1270.0 2181.6820531634717
1271.0 2184.749005123664
1272.0 2187.8178968697116
1273.0 2190.888832799072
1274.0 2193.9618352711686
1275.0 2197.0374340859994
1276.0 2200.1147043321116
1277.0 2203.193794120256
1278.0 2206.274904107025
1279.0 2209.3581835421915
1280.0 2212.443470261472
1281.0 2215.5308361170232
1282.0 2218.6201743649917
1283.0 2221.7109376065764
1284.0 2224.803731966223
1285.0 2227.89829686768
1286.0 2230.995150697456
1287.0 2234.093886379008
1288.0 2237.1949388832963
1289.0 2240.2979527793914
1290.0 2243.403069311344
1291.0 2246.510149133936
1292.0 2249.6191222313278
1293.0 2252.7302484447373
1294.0 2255.8434066956806
1295.0 2258.958906627792
1296.0 2262.076868156224
1297.0 2265.196803611104
1298.0 2268.3186562852325
1299.0 2271.442874220208
1300.0 2274.5690970568003
1301.0 2277.6978306221763
1302.0 2280.82902238256
1303.0 2283.9624544507196
1304.0 2287.0980096622393
1305.0 2290.235028209984
1306.0 2293.374198289809
1307.0 2296.5158401878716
1308.0 2299.659520807168
1309.0 2302.8055411664172
1310.0 2305.953823215184
1311.0 2309.104132452784
1312.0 2312.2563063428956
1313.0 2315.41075929192
1314.0 2318.5673491538887
1315.0 2321.726150509088
1316.0 2324.8866689188803
1317.0 2328.0490627393597
1318.0 2331.213527432608
1319.0 2334.3798704714886
1320.0 2337.5483202471364
1321.0 2340.7189391961606
1322.0 2343.8914871694888
1323.0 2347.065534928145
1324.0 2350.2418071394386
1325.0 2353.4198479731203
1326.0 2356.599989821104
1327.0 2359.7820895253763
1328.0 2362.9660391317766
1329.0 2366.151565639632
1330.0 2369.339336121872
1331.0 2372.5292703975038
1332.0 2375.7209860708485
1333.0 2378.914496625329
1334.0 2382.110440239039
1335.0 2385.308324389601
1336.0 2388.5078048216646
1337.0 2391.7093781760163
1338.0 2394.9133936915996
1339.0 2398.1191945700166
1340.0 2401.3268881548806
1341.0 2404.5366289508484
1342.0 2407.7484039969754
1343.0 2410.9620056119197
1344.0 2414.1775659173604
1345.0 2417.395221829504
1346.0 2420.61457996264
1347.0 2423.8365234680164
1348.0 2427.060495467968
1349.0 2430.28627671368
1350.0 2433.5142049677756
1351.0 2436.744311377056
1352.0 2439.9768835999676
1353.0 2443.2118243434084
1354.0 2446.448230877617
1355.0 2449.686408278464
1356.0 2452.9268021447365
1357.0 2456.1693097561283
1358.0 2459.4136191689277
1359.0 2462.6601939787524
1360.0 2465.909068137568
1361.0 2469.1598448766717
1362.0 2472.4128181501605
1363.0 2475.667574627872
1364.0 2478.924308284559
1365.0 2482.1823529688963
1366.0 2485.4425475692797
1367.0 2488.7051059882883
1368.0 2491.9695890350076
1369.0 2495.2362008163523
1370.0 2498.5044594275037
1371.0 2501.7749528720315
1372.0 2505.0480116804156
1373.0 2508.3233755624474
1374.0 2511.6010226458084
1375.0 2514.880219034159
1376.0 2518.161272192161
1377.0 2521.44491129768
1378.0 2524.7304604683995
1379.0 2528.01785941648
1380.0 2531.307451102064
1381.0 2534.5994012118717
1382.0 2537.8932392422093
1383.0 2541.1888925291046
1384.0 2544.486512070721
1385.0 2547.7862382123994
1386.0 2551.0876084877123
1387.0 2554.3910146136645
1388.0 2557.696702769392
1389.0 2561.004946928272
1390.0 2564.3152998378873
1391.0 2567.6278631113114
1392.0 2570.9421202556955
1393.0 2574.2581541187524
1394.0 2577.576568761871
1395.0 2580.8973063631356
1396.0 2584.2200454627528
1397.0 2587.544338377952
1398.0 2590.8711465130573
1399.0 2594.1998162445116
1400.0 2597.530682094463
1401.0 2600.8635276439677
1402.0 2604.1978306886554
1403.0 2607.534061450576
1404.0 2610.8722192573923
1405.0 2614.2127763430562
1406.0 2617.5555804315372
1407.0 2620.9002790099685
1408.0 2624.2466031467193
1409.0 2627.594927328224
1410.0 2630.9452543885286
1411.0 2634.2976340387195
1412.0 2637.6519337931995
1413.0 2641.00795877192
1414.0 2644.3662200343197
1415.0 2647.7263161758883
1416.0 2651.0881810995047
1417.0 2654.452425104767
1418.0 2657.81873783696
1419.0 2661.1871891424958
1420.0 2664.5579846312
1421.0 2667.930757015809
1422.0 2671.305270732208
1423.0 2674.681864132527
1424.0 2678.0601120219844
1425.0 2681.439729428288
1426.0 2684.821251081631
1427.0 2688.205180105329
1428.0 2691.5909143612653
1429.0 2694.9790561608816
1430.0 2698.369230884415
1431.0 2701.761943090433
1432.0 2705.1568527965924
1433.0 2708.553773870384
1434.0 2711.952454456049
1435.0 2715.352519240832
1436.0 2718.754287838591
1437.0 2722.1582036512164
1438.0 2725.5643811553446
1439.0 2728.9721721522237
1440.0 2732.3818995283195
1441.0 2735.7938093448324
1442.0 2739.207757535232
1443.0 2742.6237292566266
1444.0 2746.041621303424
1445.0 2749.4612156175367
1446.0 2752.8828594320494
1447.0 2756.3067805209275
1448.0 2759.7324002800797
1449.0 2763.1596533598395
1450.0 2766.5885259343986
1451.0 2770.0193544722883
1452.0 2773.4524517068958
1453.0 2776.8877235871996
1454.0 2780.3252840084797
1455.0 2783.7647027668
1456.0 2787.2055975118246
1457.0 2790.6483027231525
1458.0 2794.0928506081605
1459.0 2797.539039071745
1460.0 2800.987304972849
1461.0 2804.4383115232486
1462.0 2807.8911764666877
1463.0 2811.346264706177
1464.0 2814.8029838168486
1465.0 2818.2618286877123
1466.0 2821.7227582693436
1467.0 2825.185798271792
1468.0 2828.650968732144
1469.0 2832.118285877793
1470.0 2835.5873981978725
1471.0 2839.058401319072
1472.0 2842.531667355169
1473.0 2846.0072767411193
1474.0 2849.4847679461286
1475.0 2852.964127903744
1476.0 2856.4456194406075
1477.0 2859.928989975601
1478.0 2863.4143823141435
1479.0 2866.902358130096
1480.0 2870.3926433632796
1481.0 2873.884363165136
1482.0 2877.37847538632
1483.0 2880.8752861110406
1484.0 2884.374029627601
1485.0 2887.8748060610724
1486.0 2891.377242894703
1487.0 2894.881444667919
1488.0 2898.3875130593906
1489.0 2901.895271314912
1490.0 2905.4052035997915
1491.0 2908.917048329103
1492.0 2912.430751957856
1493.0 2915.9465922852164
1494.0 2919.4643338723045
1495.0 2922.983983111168
1496.0 2926.505302868576
1497.0 2930.0285124784796
1498.0 2933.5534721764957
1499.0 2937.081110563392
1500.0 2940.6106962059994
1501.0 2944.1419286942078
1502.0 2947.6757260534882
1503.0 2951.2119292689135
1504.0 2954.7498867717923
1505.0 2958.2898185529593
1506.0 2961.831942368625
1507.0 2965.375961280033
1508.0 2968.921982731968
1509.0 2972.470383543728
1510.0 2976.020835986657
1511.0 2979.573280594417
1512.0 2983.1278813493605
1513.0 2986.6849088942563
1514.0 2990.24379343176
1515.0 2993.80468115848
1516.0 2997.3682555901128
1517.0 3000.9340135105763
1518.0 3004.5021790880487
1519.0 3008.0719753920475
1520.0 3011.643996940161
1521.0 3015.2181137953603
1522.0 3018.793390135568
1523.0 3022.3701839115206
1524.0 3025.9494835151036
1525.0 3029.5304351537116
1526.0 3033.1131625801763
1527.0 3036.6981293503677
1528.0 3040.285078921408
1529.0 3043.873660073201
1530.0 3047.4644383178083
1531.0 3051.0569706526403
1532.0 3054.65160458344
1533.0 3058.247958716304
1534.0 3061.846407733311
1535.0 3065.446734014319
1536.0 3069.049023107392
1537.0 3072.6538206432638
1538.0 3076.2612281256975
1539.0 3079.8704571917924
1540.0 3083.4818512409756
1541.0 3087.0952920216796
1542.0 3090.71130172728
1543.0 3094.329209972095
1544.0 3097.9491089715034
1545.0 3101.5705643012006
1546.0 3105.193838587121
1547.0 3108.8193122205603
1548.0 3112.4465600800154
1549.0 3116.0756272085114
1550.0 3119.706394759743
1551.0 3123.3385153651857
1552.0 3126.9721390299514
1553.0 3130.6077085060642
1554.0 3134.2452199841273
1555.0 3137.884796210768
1556.0 3141.5262222362403
1557.0 3145.169932149681
1558.0 3148.8152807855668
1559.0 3152.4630592788167
1560.0 3156.113519431297
1561.0 3159.7658815209275
1562.0 3163.4206267828326
1563.0 3167.077724145184
1564.0 3170.736438379377
1565.0 3174.397166436816
1566.0 3178.0605503375346
1567.0 3181.7258626867206
1568.0 3185.3934743601926
1569.0 3189.0630330015347
1570.0 3192.73425539533
1571.0 3196.407378651552
1572.0 3200.0821338863198
1573.0 3203.758941063841
1574.0 3207.437781127984
1575.0 3211.118886930687
1576.0 3214.802312184849
1577.0 3218.4872976401284
1578.0 3222.174360896399
1579.0 3225.8634694532147
1580.0 3229.554334977392
1581.0 3233.246599232575
1582.0 3236.9404203480162
1583.0 3240.6359818303836
1584.0 3244.3330968904006
1585.0 3248.03229642608
1586.0 3251.733661661134
1587.0 3255.4375749215033
1588.0 3259.143513279615
1589.0 3262.851230489344
1590.0 3266.5609704523677
1591.0 3270.2728962484
1592.0 3273.9869587248145
1593.0 3277.702949984384
1594.0 3281.420793896559
1595.0 3285.1407397678245
1596.0 3288.8621994311516
1597.0 3292.585745329584
1598.0 3296.3116639156156
1599.0 3300.0392131896324
1600.0 3303.7688994003993
1601.0 3307.500484505535
1602.0 3311.2339870958867
1603.0 3314.9692485148635
1604.0 3318.7063696636956
1605.0 3322.446461744768
1606.0 3326.1887495987366
1607.0 3329.9330223070706
1608.0 3333.6792407728485
1609.0 3337.427229558575
1610.0 3341.17722556445
1611.0 3344.928997330672
1612.0 3348.6824687354406
1613.0 3352.4369918622397
1614.0 3356.193840719536
1615.0 3359.9527457584795
1616.0 3363.713449617312
1617.0 3367.476370358784
1618.0 3371.24171131224
1619.0 3375.009981567201
1620.0 3378.7804320613577
1621.0 3382.5526188759686
1622.0 3386.3269938979197
1623.0 3390.103561877889
1624.0 3393.8826131160326
1625.0 3397.663238310927
1626.0 3401.445765689711
1627.0 3405.2302598824645
1628.0 3409.0163889417454
1629.0 3412.804493996767
1630.0 3416.594442662224
1631.0 3420.3867928025766
1632.0 3424.181520679215
1633.0 3427.9780339409444
1634.0 3431.7765905681445
1635.0 3435.576756185408
1636.0 3439.378897202063
1637.0 3443.1824074048154
1638.0 3446.988106855696
1639.0 3450.795913283313
1640.0 3454.605593256497
1641.0 3458.41709081496
1642.0 3462.2304298490867
1643.0 3466.0460859063196
1644.0 3469.863731597343
1645.0 3473.68340553632
1646.0 3477.504449650865
1647.0 3481.328088885521
1648.0 3485.1534513073434
1649.0 3488.980925132192
1650.0 3492.810534466736
1651.0 3496.6420622156643
1652.0 3500.4751885602236
1653.0 3504.309877483344
1654.0 3508.1464837212816
1655.0 3511.9853059805123
1656.0 3515.8261161267683
1657.0 3519.6692403037437
1658.0 3523.5141315337446
1659.0 3527.3608208169762
1660.0 3531.209540197072
1661.0 3535.0603753919686
1662.0 3538.913011792383
1663.0 3542.767453725936
1664.0 3546.622942761568
1665.0 3550.480126309057
1666.0 3554.339661146992
1667.0 3558.2013084571527
1668.0 3562.0642734963685
1669.0 3565.929532513985
1670.0 3569.7965200386084
1671.0 3573.665151644719
1672.0 3577.5363394085116
1673.0 3581.4097169083193
1674.0 3585.2849730634416
1675.0 3589.1622584562565
1676.0 3593.0415137972473
1677.0 3596.9228323378725
1678.0 3600.8059249219527
1679.0 3604.690966940845
1680.0 3608.5777599169282
1681.0 3612.467527357203
1682.0 3616.3599307209442
1683.0 3620.254129837568
1684.0 3624.1501347062085
1685.0 3628.048427928608
1686.0 3631.94857129336
1687.0 3635.850560365599
1688.0 3639.753919992192
1689.0 3643.6592172408004
1690.0 3647.5668475235193
1691.0 3651.4765906099033
1692.0 3655.3884760498404
1693.0 3659.301278227409
1694.0 3663.2163612446398
1695.0 3667.1337688381113
1696.0 3671.053421465584
1697.0 3674.9748237802874
1698.0 3678.8983556761764
1699.0 3682.8234845332795
1700.0 3686.7508327219193
1701.0 3690.6794500268634
1702.0 3694.610178044511
1703.0 3698.5429972550714
1704.0 3702.477399177745
1705.0 3706.413812316624
1706.0 3710.351691704384
1707.0 3714.29190823843
1708.0 3718.233706926959
1709.0 3722.177665604034
1710.0 3726.123759209377
1711.0 3730.071350697503
1712.0 3734.020922215711
1713.0 3737.9722650880794
1714.0 3741.925953014528
1715.0 3745.8815275733928
1716.0 3749.839519147761
1717.0 3753.7992720799184
1718.0 3757.7614454003683
1719.0 3761.7247849827195
1720.0 3765.6902717865114
1721.0 3769.657570223471
1722.0 3773.6266873728637
1723.0 3777.597920803808
1724.0 3781.571163580223
1725.0 3785.546485869921
1726.0 3789.5230890740168
1727.0 3793.501888667392
1728.0 3797.482613647296
1729.0 3801.4641979412017
1730.0 3805.4480655351044
1731.0 3809.433914348528
1732.0 3813.422028234129
1733.0 3817.412519545394
1734.0 3821.404579300512
1735.0 3825.39888729984
1736.0 3829.395016258432
1737.0 3833.3931771491043
1738.0 3837.3936890292325
1739.0 3841.3964140756484
1740.0 3845.401591614863
1741.0 3849.4085006582072
1742.0 3853.4180747255837
1743.0 3857.4303574184005
1744.0 3861.444278292097
1745.0 3865.460074669424
1746.0 3869.4776318639197
1747.0 3873.497757311855
1748.0 3877.520101469151
1749.0 3881.5443240123523
1750.0 3885.5699906781606
1751.0 3889.5983432181756
1752.0 3893.6286723766557
1753.0 3897.6608374858697
1754.0 3901.694957310928
1755.0 3905.730921893727
1756.0 3909.768767774527
1757.0 3913.8086433702556
1758.0 3917.8503327664307
1759.0 3921.8934409917288
1760.0 3925.938878458079
1761.0 3929.98734000315
1762.0 3934.0373405523687
1763.0 3938.0895586140155
1764.0 3942.1441742824
1765.0 3946.2007704232337
1766.0 3950.2593095788316
1767.0 3954.3200388328805
1768.0 3958.3831509750707
1769.0 3962.4488422889103
1770.0 3966.5167845916803
1771.0 3970.5864096350087
1772.0 3974.657812609089
1773.0 3978.7315637562233
1774.0 3982.8065811447836
1775.0 3986.8843642412467
1776.0 3990.9639242475837
1777.0 3995.045331711807
1778.0 3999.1288614806726
1779.0 4003.2140059131684
1780.0 4007.30160373776
1781.0 4011.3915823390066
1782.0 4015.483018829184
1783.0 4019.576142001024
1784.0 4023.6712752314743
1785.0 4027.768689213984
1786.0 4031.8678106313296
1787.0 4035.9688989508168
1788.0 4040.0725316233925
1789.0 4044.1780022662556
1790.0 4048.2852832111685
1791.0 4052.394898420448
1792.0 4056.5057537914217
1793.0 4060.6181818534874
1794.0 4064.732624245919
1795.0 4068.848700536049
1796.0 4072.967435968352
1797.0 4077.087988427408
1798.0 4081.2107093840314
1799.0 4085.3359979032657
1800.0 4089.4632641995995
1801.0 4093.5928098109243
1802.0 4097.723706585903
1803.0 4101.856523863139
1804.0 4105.99109970056
1805.0 4110.12783066739
1806.0 4114.266255082433
1807.0 4118.407388318415
1808.0 4122.550295305985
1809.0 4126.695466128863
1810.0 4130.842417029007
1811.0 4134.991430420914
1812.0 4139.142685096414
1813.0 4143.295986641793
1814.0 4147.450580858082
1815.0 4151.607251103728
1816.0 4155.765291487665
1817.0 4159.9251291205765
1818.0 4164.086829229331
1819.0 4168.250800819504
1820.0 4172.415995970046
1821.0 4176.583183448528
1822.0 4180.752083243808
1823.0 4184.922896821584
1824.0 4189.095357184051
1825.0 4193.26991627749
1826.0 4197.446631974561
1827.0 4201.625094399215
1828.0 4205.805530579649
1829.0 4209.986907548273
1830.0 4214.170749144576
1831.0 4218.356700764831
1832.0 4222.544497136385
1833.0 4226.734162355568
1834.0 4230.925765704368
1835.0 4235.119697556242
1836.0 4239.315239527584
1837.0 4243.512638572288
1838.0 4247.712688321057
1839.0 4251.915336404734
1840.0 4256.119628886464
1841.0 4260.326506538225
1842.0 4264.535374624304
1843.0 4268.745946112287
1844.0 4272.958151159983
1845.0 4277.172835614112
1846.0 4281.390057769793
1847.0 4285.60968012128
1848.0 4289.831393222255
1849.0 4294.054910241296
1850.0 4298.280573545968
1851.0 4302.508596741247
1852.0 4306.73818504952
1853.0 4310.969414467823
1854.0 4315.203359170223
1855.0 4319.439421702736
1856.0 4323.676900041679
1857.0 4327.916432223905
1858.0 4332.158080144256
1859.0 4336.402313675841
1860.0 4340.64780562467
1861.0 4344.89596131701
1862.0 4349.1460705597765
1863.0 4353.39839001816
1864.0 4357.652909427343
1865.0 4361.909011824976
1866.0 4366.166802571186
1867.0 4370.426865796128
1868.0 4374.689044468047
1869.0 4378.9527922874395
1870.0 4383.218761886417
1871.0 4387.486513282305
1872.0 4391.755595065551
1873.0 4396.026802664255
1874.0 4400.300015794656
1875.0 4404.57532112632
1876.0 4408.852886228511
1877.0 4413.13241855701
1878.0 4417.413753614816
1879.0 4421.697846160415
1880.0 4425.983617677824
1881.0 4430.270825484319
1882.0 4434.560449294914
1883.0 4438.852376993488
1884.0 4443.14629449352
1885.0 4447.442679705808
1886.0 4451.740687722593
1887.0 4456.040671843968
1888.0 4460.342185136416
1889.0 4464.64551261168
1890.0 4468.950910090256
1891.0 4473.258119964943
1892.0 4477.567334811023
1893.0 4481.878290301297
1894.0 4486.191153279791
1895.0 4490.506043842606
1896.0 4494.823114601951
1897.0 4499.1423281936
1898.0 4503.463055795281
1899.0 4507.785661497456
1900.0 4512.110466679617
1901.0 4516.437575857457
1902.0 4520.766835213647
1903.0 4525.097310805855
1904.0 4529.429996751936
1905.0 4533.764613685599
1906.0 4538.101725525838
1907.0 4542.440745050897
1908.0 4546.781976243442
1909.0 4551.124950481807
1910.0 4555.469550530017
1911.0 4559.816629318673
1912.0 4564.1663189889605
1913.0 4568.517828987681
1914.0 4572.8712832311385
1915.0 4577.227172127745
1916.0 4581.585358057935
1917.0 4585.945628510642
1918.0 4590.307890611008
1919.0 4594.673355731919
1920.0 4599.0417212107195
1921.0 4603.412160206146
1922.0 4607.784664897647
1923.0 4612.158627399218
1924.0 4616.534610978527
1925.0 4620.912974653936
1926.0 4625.293776862415
1927.0 4629.6758876507865
1928.0 4634.060005360014
1929.0 4638.446464177633
1930.0 4642.8350487313755
1931.0 4647.225114594849
1932.0 4651.618009689743
1933.0 4656.013123597535
1934.0 4660.410920139648
1935.0 4664.810221086818
1936.0 4669.211498135136
1937.0 4673.6149615704035
1938.0 4678.020209108719
1939.0 4682.42705349648
1940.0 4686.835361617041
1941.0 4691.245679341362
1942.0 4695.658616926112
1943.0 4700.073817956463
1944.0 4704.490662975457
1945.0 4708.90999685381
1946.0 4713.3313235424475
1947.0 4717.755428236639
1948.0 4722.182207555567
1949.0 4726.610656316176
1950.0 4731.041392098129
1951.0 4735.474788028818
1952.0 4739.909700408176
1953.0 4744.346143136928
1954.0 4748.784642166719
1955.0 4753.224982716177
1956.0 4757.667458211839
1957.0 4762.11166852445
1958.0 4766.557473178591
1959.0 4771.00476766984
1960.0 4775.454129905503
1961.0 4779.904742144528
1962.0 4784.357282844288
1963.0 4788.811117726206
1964.0 4793.2672674680625
1965.0 4797.725554117248
1966.0 4802.185805665518
1967.0 4806.648079008705
1968.0 4811.1126295531685
1969.0 4815.578988321376
1970.0 4820.047714958112
1971.0 4824.517635499089
1972.0 4828.98930036176
1973.0 4833.463462215618
1974.0 4837.939544730864
1975.0 4842.417585077887
1976.0 4846.897228340705
1977.0 4851.379633943938
1978.0 4855.863679157201
1979.0 4860.348928705106
1980.0 4864.836083971746
1981.0 4869.324922452528
1982.0 4873.816122306736
1983.0 4878.309638079329
1984.0 4882.804645549678
1985.0 4887.301361791584
1986.0 4891.7994272365595
1987.0 4896.300218303583
1988.0 4900.802797628079
1989.0 4905.307607271232
1990.0 4909.813792763424
1991.0 4914.321374049041
1992.0 4918.831457794273
1993.0 4923.343579036353
1994.0 4927.857697361202
1995.0 4932.374262514671
1996.0 4936.892963766577
1997.0 4941.413686596735
1998.0 4945.936393877038
1999.0 4950.46138132128
2000.0 4954.987968049905
2001.0 4959.515866995551
2002.0 4964.045167659936
2003.0 4968.576287391439
2004.0 4973.109871520176
2005.0 4977.645779550273
2006.0 4982.183777916271
2007.0 4986.724073554401
2008.0 4991.265825339598
2009.0 4995.8087660012
2010.0 5000.352953500462
2011.0 5004.898820686734
2012.0 5009.44711203552
2013.0 5013.997467355744
2014.0 5018.549110229186
2015.0 5023.103069805361
2016.0 5027.6586172874395
2017.0 5032.2162788309915
2018.0 5036.776185296528
2019.0 5041.338375052912
2020.0 5045.902191616655
2021.0 5050.468596626062
2022.0 5055.037118079968
2023.0 5059.60769193072
2024.0 5064.180558043776
2025.0 5068.756106374639
2026.0 5073.33300511979
2027.0 5077.912246696031
2028.0 5082.493659892478
2029.0 5087.076555210448
2030.0 5091.660854808417
2031.0 5096.246511056129
2032.0 5100.833501408704
2033.0 5105.422716952513
2034.0 5110.014133343742
2035.0 5114.607752563665
2036.0 5119.203103890946
2037.0 5123.8000332882875
2038.0 5128.39871437264
2039.0 5132.99963789424
2040.0 5137.6027460155055
2041.0 5142.208731187247
2042.0 5146.817023869617
2043.0 5151.426333232992
2044.0 5156.037584302816
2045.0 5160.650914096608
2046.0 5165.266019971856
2047.0 5169.883673580336
2048.0 5174.503089189502
2049.0 5179.124508324127
2050.0 5183.747921131217
2051.0 5188.3727166102235
2052.0 5193.000145848737
2053.0 5197.629387470706
2054.0 5202.260198200753
2055.0 5206.892585517186
2056.0 5211.52683240989
2057.0 5216.16225722536
2058.0 5220.800031655888
2059.0 5225.440201605763
2060.0 5230.082099535504
2061.0 5234.725503240911
2062.0 5239.371496976273
2063.0 5244.020454205054
2064.0 5248.671055002575
2065.0 5253.323178805442
2066.0 5257.9777861866405
2067.0 5262.633809084367
2068.0 5267.291956041039
2069.0 5271.952248972113
2070.0 5276.614326163343
2071.0 5281.279292789584
2072.0 5285.946096106545
2073.0 5290.615422893903
2074.0 5295.287240813502
2075.0 5299.960525974513
2076.0 5304.635036987138
2077.0 5309.311782063792
2078.0 5313.990463706225
2079.0 5318.670976589057
2080.0 5323.354301357871
2081.0 5328.039950802784
2082.0 5332.727716331185
2083.0 5337.418069847981
2084.0 5342.110714854812
2085.0 5346.804933348864
2086.0 5351.500959286128
2087.0 5356.199245610866
2088.0 5360.899065227184
2089.0 5365.600590097729
2090.0 5370.303913580337
2091.0 5375.008722977471
2092.0 5379.716174294126
2093.0 5384.4254505438885
2094.0 5389.136347037632
2095.0 5393.849057256287
2096.0 5398.563794085217
2097.0 5403.280899256752
2098.0 5408.000425238815
2099.0 5412.722306020076
2100.0 5417.4462955484005
2101.0 5422.173054267502
2102.0 5426.9014953541755
2103.0 5431.631605455585
2104.0 5436.363831845376
2105.0 5441.097743996497
2106.0 5445.833638699039
2107.0 5450.571118997968
2108.0 5455.310619709891
2109.0 5460.051573306466
2110.0 5464.794740293679
2111.0 5469.539945389952
2112.0 5474.286640680398
2113.0 5479.03511570608
2114.0 5483.785853780881
2115.0 5488.538032085551
2116.0 5493.291885135807
2117.0 5498.048577118353
2118.0 5502.806695406912
2119.0 5507.565931153968
2120.0 5512.327981181197
2121.0 5517.0914997079835
2122.0 5521.857342666255
2123.0 5526.625054310273
2124.0 5531.394827826608
2125.0 5536.166410485505
2126.0 5540.940091934512
2127.0 5545.715560789345
2128.0 5550.493328282702
2129.0 5555.273385601391
2130.0 5560.055824728448
2131.0 5564.840405920288
2132.0 5569.626554313346
2133.0 5574.415123643151
2134.0 5579.205180654802
2135.0 5583.997822599982
2136.0 5588.792626313951
2137.0 5593.589447505503
2138.0 5598.388745001073
2139.0 5603.1901883328965
2140.0 5607.993135957682
2141.0 5612.79877764512
2142.0 5617.606055494033
2143.0 5622.415486135856
2144.0 5627.22663398365
2145.0 5632.039795976912
2146.0 5636.8544506850085
2147.0 5641.670417040096
2148.0 5646.488503588622
2149.0 5651.308317519535
2150.0 5656.129991093168
2151.0 5660.952873263918
2152.0 5665.777640046802
2153.0 5670.604296025711
2154.0 5675.433032459199
2155.0 5680.264373129777
2156.0 5685.098268221633
2157.0 5689.934264248145
2158.0 5694.772057489517
2159.0 5699.611866076129
2160.0 5704.453099039214
2161.0 5709.296087272543
2162.0 5714.140713669057
2163.0 5718.987253647277
2164.0 5723.835358348783
2165.0 5728.684953911586
2166.0 5733.536602510368
2167.0 5738.38977091152
2168.0 5743.24556995875
2169.0 5748.103693734206
2170.0 5752.964379796836
2171.0 5757.827032684143
2172.0 5762.691470876977
2173.0 5767.558051758864
2174.0 5772.426287942593
2175.0 5777.297497317792
2176.0 5782.169656574735
2177.0 5787.043381254159
2178.0 5791.919045503295
2179.0 5796.797293013327
2180.0 5801.677240345505
2181.0 5806.5595583017275
2182.0 5811.443591353345
2183.0 5816.3295183539985
2184.0 5821.217354921856
2185.0 5826.10777861512
2186.0 5831.000767188609
2187.0 5835.89622831307
2188.0 5840.793043270928
2189.0 5845.691549038528
2190.0 5850.592496333329
2191.0 5855.496154291808
2192.0 5860.401426781199
2193.0 5865.309911449696
2194.0 5870.219466923983
2195.0 5875.1315329905265
2196.0 5880.045255936639
2197.0 5884.960304651632
2198.0 5889.876917992302
2199.0 5894.795203393202
2200.0 5899.715114481391
2201.0 5904.637046270607
2202.0 5909.562626570752
2203.0 5914.489588746415
2204.0 5919.4184156388665
2205.0 5924.348742396093
2206.0 5929.281362876192
2207.0 5934.215524400543
2208.0 5939.151319866929
2209.0 5944.089309089761
2210.0 5949.028657385938
2211.0 5953.9691648991175
2212.0 5958.912010008991
2213.0 5963.856408051665
2214.0 5968.802494324255
2215.0 5973.750566097136
2216.0 5978.701194172416
2217.0 5983.654086211455
2218.0 5988.6089357015335
2219.0 5993.565185787437
2220.0 5998.523937479278
2221.0 6003.483906605438
2222.0 6008.44603912976
2223.0 6013.409854487919
2224.0 6018.37612195704
2225.0 6023.343854970401
2226.0 6028.31388002776
2227.0 6033.286394585616
2228.0 6038.2613889962895
2229.0 6043.23759926312
2230.0 6048.216972909791
2231.0 6053.1983614776655
2232.0 6058.182154779759
2233.0 6063.167772208368
2234.0 6068.155078177104
2235.0 6073.144864260894
2236.0 6078.136884624563
2237.0 6083.131031118624
2238.0 6088.126051093007
2239.0 6093.123376419202
2240.0 6098.1227722193125
2241.0 6103.124402456799
2242.0 6108.127820624064
2243.0 6113.134070529951
2244.0 6118.141813379791
2245.0 6123.1517500903665
2246.0 6128.1644006730885
2247.0 6133.1783026674875
2248.0 6138.193924201422
2249.0 6143.212052614943
2250.0 6148.232885140463
2251.0 6153.255909847054
2252.0 6158.281129857087
2253.0 6163.308280199248
2254.0 6168.337553487489
2255.0 6173.368698591887
2256.0 6178.401541595054
2257.0 6183.436652028162
2258.0 6188.473901714689
2259.0 6193.5131193213765
2260.0 6198.554435877409
2261.0 6203.5976584309765
2262.0 6208.642897541949
2263.0 6213.690788336719
2264.0 6218.740761709632
2265.0 6223.792122410849
2266.0 6228.846076158929
2267.0 6233.90155607792
2268.0 6238.959357679023
2269.0 6244.018167609473
2270.0 6249.0789524340635
2271.0 6254.142123392272
2272.0 6259.206765775953
2273.0 6264.273561930575
2274.0 6269.342278226943
2275.0 6274.412969379324
2276.0 6279.486335978689
2277.0 6284.560979060222
2278.0 6289.637138690704
2279.0 6294.715171181343
2280.0 6299.795591937426
2281.0 6304.87674319392
2282.0 6309.959450893666
2283.0 6315.043854525425
2284.0 6320.130515780704
2285.0 6325.219007865647
2286.0 6330.309421012398
2287.0 6335.4011179550735
2288.0 6340.495256186734
2289.0 6345.59166196496
2290.0 6350.690277862351
2291.0 6355.791462976542
2292.0 6360.894566705646
2293.0 6365.999322991345
2294.0 6371.106896042654
2295.0 6376.21632383731
2296.0 6381.327479785759
2297.0 6386.440643362321
2298.0 6391.556178480225
2299.0 6396.6718681202565
2300.0 6401.78855379312
2301.0 6406.906032214992
2302.0 6412.026022653727
2303.0 6417.147937945489
2304.0 6422.271659431134
2305.0 6427.397444134767
2306.0 6432.525122564705
2307.0 6437.654601067069
2308.0 6442.787120358735
2309.0 6447.921849069057
2310.0 6453.0588789896165
2311.0 6458.1974755804495
2312.0 6463.3381610288825
2313.0 6468.480174817775
2314.0 6473.624257022434
2315.0 6478.771630162381
2316.0 6483.920655529788
2317.0 6489.071200913393
2318.0 6494.222454516913
2319.0 6499.374686310576
2320.0 6504.52925749376
2321.0 6509.685673087247
2322.0 6514.843696936479
2323.0 6520.004094357375
2324.0 6525.166598568978
2325.0 6530.331138358832
2326.0 6535.497748035234
2327.0 6540.666374587328
2328.0 6545.837464234385
2329.0 6551.009920050094
2330.0 6556.184576689008
2331.0 6561.361309758237
2332.0 6566.539867202239
2333.0 6571.720745378416
2334.0 6576.903969326898
2335.0 6582.088498513488
2336.0 6587.274675151089
2337.0 6592.462267451182
2338.0 6597.6511964186575
2339.0 6602.840672057742
2340.0 6608.0319917404795
2341.0 6613.225241364018
2342.0 6618.420433972865
2343.0 6623.616579139566
2344.0 6628.814926721023
2345.0 6634.015780682066
2346.0 6639.218013848544
2347.0 6644.421780039711
2348.0 6649.626356559263
2349.0 6654.832809275264
2350.0 6660.041682264926
2351.0 6665.253145323378
2352.0 6670.4660609784
2353.0 6675.68046704629
2354.0 6680.897344212256
2355.0 6686.116329532642
2356.0 6691.337223828397
2357.0 6696.559730915103
2358.0 6701.784121768816
2359.0 6707.011555773906
2360.0 6712.241285548915
2361.0 6717.473203675811
2362.0 6722.7062723177105
2363.0 6727.941857651471
2364.0 6733.179659272608
2365.0 6738.4190354948805
2366.0 6743.6606514702235
2367.0 6748.904346855442
2368.0 6754.150077719217
2369.0 6759.398202499857
2370.0 6764.647681607455
2371.0 6769.899398930449
2372.0 6775.15305897176
2373.0 6780.408111862818
2374.0 6785.664908288801
2375.0 6790.923681571713
2376.0 6796.1848273932
2377.0 6801.448770500208
2378.0 6806.715210066912
2379.0 6811.983092539122
2380.0 6817.252394047248
2381.0 6822.523717043072
2382.0 6827.795757722594
2383.0 6833.069592881887
2384.0 6838.346258150688
2385.0 6843.625096366496
2386.0 6848.906514855376
2387.0 6854.188868461235
2388.0 6859.473141071826
2389.0 6864.760160172799
2390.0 6870.049348294767
2391.0 6875.340215015504
2392.0 6880.633596539728
2393.0 6885.927237231185
2394.0 6891.223682655199
2395.0 6896.522638514529
2396.0 6901.822905975391
2397.0 6907.124738384497
2398.0 6912.427810872017
2399.0 6917.732770317586
2400.0 6923.040356685473
2401.0 6928.348672827905
2402.0 6933.659374509678
2403.0 6938.971579144864
2404.0 6944.285958093662
2405.0 6949.602717365136
2406.0 6954.921885096303
2407.0 6960.2429576496015
2408.0 6965.566727733298
2409.0 6970.891540391423
2410.0 6976.218230099281
2411.0 6981.545609646595
2412.0 6986.875244273455
2413.0 6992.206289565247
2414.0 6997.539743539343
2415.0 7002.874370059998
2416.0 7008.211497334545
2417.0 7013.549889441792
2418.0 7018.89008878949
2419.0 7024.233951811615
2420.0 7029.579366127214
2421.0 7034.9269305873295
2422.0 7040.276079831997
2423.0 7045.62729511824
2424.0 7050.980526693054
2425.0 7056.335068324173
2426.0 7061.6907728178385
2427.0 7067.047750349923
2428.0 7072.406744329695
2429.0 7077.768322175871
2430.0 7083.132399072847
2431.0 7088.499320693487
2432.0 7093.86777587261
2433.0 7099.237471780912
2434.0 7104.6085341213275
2435.0 7109.981186896034
2436.0 7115.356098454484
2437.0 7120.732890680161
2438.0 7126.11215526088
2439.0 7131.495202653874
2440.0 7136.880662536241
2441.0 7142.266879593134
2442.0 7147.655490211425
2443.0 7153.046668255489
2444.0 7158.439670338563
2445.0 7163.834166842052
2446.0 7169.230697755631
2447.0 7174.628461537426
2448.0 7180.02897372968
2449.0 7185.431537103663
2450.0 7190.836334142798
2451.0 7196.243964391631
2452.0 7201.65292432939
2453.0 7207.0636368351215
2454.0 7212.476461627681
2455.0 7217.892194844402
2456.0 7223.309561461744
2457.0 7228.728401252223
2458.0 7234.150393806032
2459.0 7239.574131258446
2460.0 7244.999928837986
2461.0 7250.427501383312
2462.0 7255.856470901313
2463.0 7261.288031171968
2464.0 7266.721338832096
2465.0 7272.155689446899
2466.0 7277.591818222932
2467.0 7283.030583478037
2468.0 7288.472030246592
2469.0 7293.914467246364
2470.0 7299.358778431934
2471.0 7304.805602528577
2472.0 7310.25444930658
2473.0 7315.70496440368
2474.0 7321.157358332241
2475.0 7326.612059851055
2476.0 7332.068586160962
2477.0 7337.527230317113
2478.0 7342.988103501362
2479.0 7348.450793593855
2480.0 7353.916157663119
2481.0 7359.382760706928
2482.0 7364.851112530065
2483.0 7370.321725455213
2484.0 7375.794301279551
2485.0 7381.268730659598
2486.0 7386.744420191775
2487.0 7392.222485708064
2488.0 7397.703099533872
2489.0 7403.185750636258
2490.0 7408.669907468992
2491.0 7414.15604322304
2492.0 7419.643599667712
2493.0 7425.13240155568
2494.0 7430.62322779299
2495.0 7436.116095658671
2496.0 7441.610154116815
2497.0 7447.1063649776015
2498.0 7452.604055419807
2499.0 7458.103601594385
2500.0 7463.6045072634415
2501.0 7469.10692864219
2502.0 7474.612744632194
2503.0 7480.119737560398
2504.0 7485.628503405749
2505.0 7491.138636000092
2506.0 7496.649724332349
2507.0 7502.161662305312
2508.0 7507.676606837887
2509.0 7513.192834128466
2510.0 7518.7109377030065
2511.0 7524.231494474157
2512.0 7529.753550261439
2513.0 7535.278007920306
2514.0 7540.804102814176
2515.0 7546.3325011354245
2516.0 7551.8635626055675
2517.0 7557.396073327506
2518.0 7562.9303928250565
2519.0 7568.46664229656
2520.0 7574.003375546703
2521.0 7579.543436188096
2522.0 7585.084599960383
2523.0 7590.628673938928
2524.0 7596.17421778368
2525.0 7601.721994958754
2526.0 7607.271094413503
2527.0 7612.822288834976
2528.0 7618.374773181534
2529.0 7623.9291606553425
2530.0 7629.486310226671
2531.0 7635.044764099647
2532.0 7640.605174370944
2533.0 7646.167136471549
2534.0 7651.73029316704
2535.0 7657.29531242957
2536.0 7662.86258036936
2537.0 7668.431549842049
2538.0 7674.003418041122
2539.0 7679.57734039784
2540.0 7685.153763512755
2541.0 7690.731069851451
2542.0 7696.310476530305
2543.0 7701.892053187007
2544.0 7707.47528101075
2545.0 7713.060979420399
2546.0 7718.64700486581
2547.0 7724.23466445597
2548.0 7729.824970417348
2549.0 7735.417455375408
2550.0 7741.012017476767
2551.0 7746.608799289231
2552.0 7752.2074396069775
2553.0 7757.80840214752
2554.0 7763.409581731663
2555.0 7769.013793857919
2556.0 7774.620013230096
2557.0 7780.228494247342
2558.0 7785.838036870063
2559.0 7791.448166381536
2560.0 7797.059554878222
2561.0 7802.671935239583
2562.0 7808.286375420833
2563.0 7813.902777096868
2564.0 7819.520040495107
2565.0 7825.140677546287
2566.0 7830.762994794162
2567.0 7836.388090446274
2568.0 7842.0145238809255
2569.0 7847.643282834542
2570.0 7853.273785753743
2571.0 7858.905615195714
2572.0 7864.538553353856
2573.0 7870.173485472161
2574.0 7875.810117288927
2575.0 7881.4483715796
2576.0 7887.0889076660005
2577.0 7892.731008608478
2578.0 7898.375298811935
2579.0 7904.020867968783
2580.0 7909.6682973341285
2581.0 7915.31693158379
2582.0 7920.967595638047
2583.0 7926.620583650178
2584.0 7932.275282513026
2585.0 7937.931806229151
2586.0 7943.590282851519
2587.0 7949.250296173758
2588.0 7954.912286515775
2589.0 7960.574933745107
2590.0 7966.239964387966
2591.0 7971.906712200012
2592.0 7977.575830681026
2593.0 7983.24635668917
2594.0 7988.919057164353
2595.0 7994.593674726032
2596.0 8000.271466074078
2597.0 8005.9508619341095
2598.0 8011.631985770657
2599.0 8017.314972691839
2600.0 8022.999828170895
2601.0 8028.6865349095215
2602.0 8034.375567442716
2603.0 8040.066961423201
2604.0 8045.761322643602
2605.0 8051.458131733985
2606.0 8057.157290968018
2607.0 8062.85818609064
2608.0 8068.562361630402
2609.0 8074.267529113809
2610.0 8079.974054748636
2611.0 8085.681459633042
2612.0 8091.391201916526
2613.0 8097.102533011251
2614.0 8102.816593192418
2615.0 8108.53231114711
2616.0 8114.249572420015
2617.0 8119.969718861825
2618.0 8125.69049457318
2619.0 8131.414155632767
2620.0 8137.139334668976
2621.0 8142.866756909777
2622.0 8148.595307923392
2623.0 8154.326814609185
2624.0 8160.060994184765
2625.0 8165.795913653247
2626.0 8171.531952299277
2627.0 8177.269875975151
2628.0 8183.010904617391
2629.0 8188.75332834077
2630.0 8194.497771280961
2631.0 8200.244566446803
2632.0 8205.99333625189
2633.0 8211.74334963616
2634.0 8217.495620188527
2635.0 8223.25084132576
2636.0 8229.00755682262
2637.0 8234.766230728897
2638.0 8240.527333947168
2639.0 8246.290647190674
2640.0 8252.056090654834
2641.0 8257.823743479521
2642.0 8263.593639585855
2643.0 8269.364968477712
2644.0 8275.138844635378
2645.0 8280.91354170613
2646.0 8286.689310899428
2647.0 8292.468198453393
2648.0 8298.248335623117
2649.0 8304.030693031666
2650.0 8309.814170788177
2651.0 8315.600028306144
2652.0 8321.387755783584
2653.0 8327.177126635586
2654.0 8332.96785824965
2655.0 8338.760621703568
2656.0 8344.554151830236
2657.0 8350.348950274672
2658.0 8356.145287039633
2659.0 8361.942403090605
2660.0 8367.742475490575
2661.0 8373.544168607199
2662.0 8379.348863971265
2663.0 8385.15507588987
2664.0 8390.963048279857
2665.0 8396.772181041535
2666.0 8402.583331668287
2667.0 8408.397352824515
2668.0 8414.213459374943
2669.0 8420.032054840447
2670.0 8425.852065196397
2671.0 8431.673149671276
2672.0 8437.496323426702
2673.0 8443.32131484398
2674.0 8449.14764470637
2675.0 8454.97618731741
2676.0 8460.807059779267
2677.0 8466.640032732143
2678.0 8472.474933067888
2679.0 8478.312318374143
2680.0 8484.152541820446
2681.0 8489.994945906034
2682.0 8495.84022943395
2683.0 8501.687199346386
2684.0 8507.536437514927
2685.0 8513.38744972117
2686.0 8519.2408385495
2687.0 8525.098076548193
2688.0 8530.956299328
2689.0 8536.816135053008
2690.0 8542.677874050944
2691.0 8548.541290850993
2692.0 8554.404582056657
2693.0 8560.270388643772
2694.0 8566.13703004973
2695.0 8572.005816787456
2696.0 8577.877174695888
2697.0 8583.750501016097
2698.0 8589.625703792433
2699.0 8595.502289212945
2700.0 8601.380937594655
2701.0 8607.261843965136
2702.0 8613.143378052113
2703.0 8619.026281990145
2704.0 8624.911615933404
2705.0 8630.799663539136
2706.0 8636.68977564203
2707.0 8642.581813280593
2708.0 8648.474529248944
2709.0 8654.368808816447
2710.0 8660.266229584642
2711.0 8666.16480065277
2712.0 8672.06450621907
2713.0 8677.966844885534
2714.0 8683.87142786787
2715.0 8689.777731990396
2716.0 8695.687325325103
2717.0 8701.599835485167
2718.0 8707.514835277296
2719.0 8713.430674095103
2720.0 8719.34808958464
2721.0 8725.26753523448
2722.0 8731.189214197488
2723.0 8737.112840806478
2724.0 8743.037900596242
2725.0 8748.964791139502
2726.0 8754.89302173018
2727.0 8760.823913809776
2728.0 8766.754316461853
2729.0 8772.687406033612
2730.0 8778.62207500341
2731.0 8784.557140296063
2732.0 8790.494365624767
2733.0 8796.432739995154
2734.0 8802.373601973424
2735.0 8808.316139169072
2736.0 8814.260592293262
2737.0 8820.206767682399
2738.0 8826.15507032979
2739.0 8832.105277913677
2740.0 8838.056692142705
2741.0 8844.011765339455
2742.0 8849.969369010496
2743.0 8855.929095232384
2744.0 8861.889291019615
2745.0 8867.851516826126
2746.0 8873.815418480945
2747.0 8879.77943621622
2748.0 8885.74589319406
2749.0 8891.713216052673
2750.0 8897.681761390571
2751.0 8903.652726567952
2752.0 8909.625388204691
2753.0 8915.601294019712
2754.0 8921.579783792287
2755.0 8927.560274563391
2756.0 8933.542142835966
2757.0 8939.526929621357
2758.0 8945.514450906752
2759.0 8951.501946708702
2760.0 8957.49091769384
2761.0 8963.481217076125
2762.0 8969.473817034657
2763.0 8975.468700278301
2764.0 8981.46585111693
2765.0 8987.465442315633
2766.0 8993.468158322768
2767.0 8999.472173618497
2768.0 9005.478170206177
2769.0 9011.488256901379
2770.0 9017.4996121017
2771.0 9023.512879586622
2772.0 9029.529985232253
2773.0 9035.548604185426
2774.0 9041.56860578472
2775.0 9047.59026434923
2776.0 9053.613618894111
2777.0 9059.638514356355
2778.0 9065.66502454696
2779.0 9071.693122301682
2780.0 9077.723638223884
2781.0 9083.754187212942
2782.0 9089.78678351448
2783.0 9095.821570060094
2784.0 9101.858424479859
2785.0 9107.898613057218
2786.0 9113.940400038544
2787.0 9119.98423175798
2788.0 9126.028890937758
2789.0 9132.075029110305
2790.0 9138.123463543743
2791.0 9144.17348804187
2792.0 9150.225583586302
2793.0 9156.280861395742
2794.0 9162.339270606883
2795.0 9168.399558073395
2796.0 9174.460466532077
2797.0 9180.524040641501
2798.0 9186.589479285793
2799.0 9192.65866511155
2800.0 9198.729278008592
2801.0 9204.801155635598
2802.0 9210.87527297448
2803.0 9216.95158203144
2804.0 9223.029469133424
2805.0 9229.108692272497
2806.0 9235.190685872563
2807.0 9241.274189293965
2808.0 9247.360576632545
2809.0 9253.448037222704
2810.0 9259.53663630981
2811.0 9265.628332373197
2812.0 9271.72308755608
2813.0 9277.819039855103
2814.0 9283.917218245595
2815.0 9290.01541835109
2816.0 9296.115755654162
2817.0 9302.219419225024
2818.0 9308.324788767437
2819.0 9314.433250070066
2820.0 9320.54335752333
2821.0 9326.654833019473
2822.0 9332.768624357825
2823.0 9338.884507579107
2824.0 9345.002673840974
2825.0 9351.1219553432
2826.0 9357.243122535301
2827.0 9363.365823710705
2828.0 9369.489910432498
2829.0 9375.614977397803
2830.0 9381.74030074448
2831.0 9387.867164151325
2832.0 9393.995338884275
2833.0 9400.124817343729
2834.0 9406.256368761908
2835.0 9412.3894375867
2836.0 9418.524014264643
2837.0 9424.66164550133
2838.0 9430.801240634017
2839.0 9436.942525396511
2840.0 9443.08569080749
2841.0 9449.231524723536
2842.0 9455.37911408376
2843.0 9461.528934773969
2844.0 9467.6803731056
2845.0 9473.83246917867
2846.0 9479.985626452351
2847.0 9486.141939799714
2848.0 9492.300139969851
2849.0 9498.460269111183
2850.0 9504.62246512512
2851.0 9510.786493095276
2852.0 9516.95325127845
2853.0 9523.12259366885
2854.0 9529.293824075086
2855.0 9535.4671778792
2856.0 9541.641804971057
2857.0 9547.81829853499
2858.0 9553.995696492651
2859.0 9560.175310297138
2860.0 9566.357427681938
2861.0 9572.54147277747
2862.0 9578.727093345808
2863.0 9584.915798461343
2864.0 9591.106941994196
2865.0 9597.299937952639
2866.0 9603.49652523163
2867.0 9609.694846855617
2868.0 9615.895617093633
2869.0 9622.098896452113
2870.0 9628.304390730435
2871.0 9634.511124040897
2872.0 9640.720374048975
2873.0 9646.930954476
2874.0 9653.142444897549
2875.0 9659.355719645984
2876.0 9665.57114656624
2877.0 9671.788507111549
2878.0 9678.005856193982
2879.0 9684.22512836648
2880.0 9690.446885243953
2881.0 9696.66954006976
2882.0 9702.893926249588
2883.0 9709.119894443858
2884.0 9715.346891384881
2885.0 9721.57581975363
2886.0 9727.807708665487
2887.0 9734.041918435492
2888.0 9740.27644128083
2889.0 9746.512828507455
2890.0 9752.752265505285
2891.0 9758.993891373086
2892.0 9765.23878448379
2893.0 9771.485751185424
2894.0 9777.733926529052
2895.0 9783.984028298786
2896.0 9790.236446252351
2897.0 9796.488652174447
2898.0 9802.742100351537
2899.0 9808.996712320368
2900.0 9815.253005233522
2901.0 9821.510340163217
2902.0 9827.770268527747
2903.0 9834.031598867803
2904.0 9840.2937144616
2905.0 9846.55819876488
2906.0 9852.825905970623
2907.0 9859.094781989108
2908.0 9865.366825799963
2909.0 9871.640878107344
2910.0 9877.916610707087
2911.0 9884.193937642562
2912.0 9890.473435181633
2913.0 9896.755448291793
2914.0 9903.038709504126
2915.0 9909.324647195104
2916.0 9915.614049122209
2917.0 9921.905297384548
2918.0 9928.199279574754
2919.0 9934.495413544271
2920.0 9940.79428026266
2921.0 9947.094637340928
2922.0 9953.397694228031
2923.0 9959.702595750528
2924.0 9966.00991038749
2925.0 9972.31875838176
2926.0 9978.629927730895
2927.0 9984.942674458045
2928.0 9991.258724543597
2929.0 9997.577798753393
2930.0 10003.899026131101
2931.0 10010.221878125263
2932.0 10016.546393850465
2933.0 10022.872468145999
2934.0 10029.199355216235
2935.0 10035.52876982163
2936.0 10041.859289332304
2937.0 10048.192546921502
2938.0 10054.527497077966
2939.0 10060.863962154319
2940.0 10067.201468484785
2941.0 10073.540721482657
2942.0 10079.881645585516
2943.0 10086.223484312733
2944.0 10092.567153203356
2945.0 10098.912239592255
2946.0 10105.259483407295
2947.0 10111.607628152207
2948.0 10117.958845687626
2949.0 10124.312179656927
2950.0 10130.666639473759
2951.0 10137.023541953344
2952.0 10143.381721161206
2953.0 10149.740997519697
2954.0 10156.103391453471
2955.0 10162.467221057908
2956.0 10168.833341808913
2957.0 10175.201046556082
2958.0 10181.569772413404
2959.0 10187.941682463217
2960.0 10194.315349615536
2961.0 10200.691351892869
2962.0 10207.068958851156
2963.0 10213.448967119422
2964.0 10219.831181116899
2965.0 10226.215749407555
2966.0 10232.601375711314
2967.0 10238.988380195902
2968.0 10245.376016193042
2969.0 10251.766295685245
2970.0 10258.157471085471
2971.0 10264.5517482713
2972.0 10270.947603558863
2973.0 10277.34488792613
2974.0 10283.743636184272
2975.0 10290.14488917667
2976.0 10296.548368326927
2977.0 10302.95402615282
2978.0 10309.360784194625
2979.0 10315.770902021744
2980.0 10322.183756323095
2981.0 10328.59817324526
2982.0 10335.014919637277
2983.0 10341.434461204992
2984.0 10347.855549706255
2985.0 10354.27829636403
2986.0 10360.703299525489
2987.0 10367.129380736036
2988.0 10373.557652829926
2989.0 10379.988327340907
2990.0 10386.421511782031
2991.0 10392.855410559761
2992.0 10399.290974419091
2993.0 10405.72977199421
2994.0 10412.169145479249
2995.0 10418.610154969456
2996.0 10425.053593823759
2997.0 10431.499702672494
2998.0 10437.947994105201
2999.0 10444.397715673214
3000.0 10450.849942426785
