1.0 0.019505650933055937
2.0 0.02784150062020798
3.0 0.03876283309516798
4.0 0.05273026522651192
5.0 0.06989172380980795
6.0 0.090270553772096
7.0 0.11387315807927996
8.0 0.14071049432047994
9.0 0.17082031448351995
10.0 0.20421521749040009
11.0 0.24093050530848004
12.0 0.28092734503120004
13.0 0.3242519570374399
14.0 0.3708537068312
15.0 0.42073232968976004
16.0 0.4738892210398398
17.0 0.5302677236404801
18.0 0.5899012162884797
19.0 0.6527548758028802
20.0 0.71884067027312
21.0 0.7881690287361602
22.0 0.8607159589353601
23.0 0.93651128053392
24.0 1.0155487988345602
25.0 1.09781920976816
26.0 1.1833385977536
27.0 1.2720921599472002
28.0 1.3640684118848
29.0 1.4592462365664
30.0 1.5576008041599998
31.0 1.6591380685455994
32.0 1.76385896936
33.0 1.8717357182784002
34.0 1.9827313846911998
35.0 2.0968867728655995
36.0 2.214132845188799
37.0 2.3344932006176
38.0 2.4579557395504006
39.0 2.5845060908768
40.0 2.7141618257455997
41.0 2.8468791079072004
42.0 2.9826533157472004
43.0 3.1215060816447986
44.0 3.2634522645888007
45.0 3.4084704340256
46.0 3.5565692158112006
47.0 3.7077218292799983
48.0 3.861928704348801
49.0 4.019206794603198
50.0 4.1795722098384
51.0 4.3429898271919996
52.0 4.509477859168001
53.0 4.679021983940801
54.0 4.8516392896304
55.0 5.0273227110384004
56.0 5.206069798536
57.0 5.387868664881602
58.0 5.572706648548801
59.0 5.7605855908559995
60.0 5.951541584363201
61.0 6.145540897396801
62.0 6.3426009431408
63.0 6.542706533529599
64.0 6.745848803099198
65.0 6.9520163066928005
66.0 7.161201936121602
67.0 7.373422145814402
68.0 7.588670959334399
69.0 7.806939997028801
70.0 8.028260321910402
71.0 8.2525876003168
72.0 8.4799622537728
73.0 8.710405921800001
74.0 8.943884892848
75.0 9.180374645121603
76.0 9.4198749077952
77.0 9.662439503280002
78.0 9.908039813102404
79.0 10.156669767008001
80.0 10.4083794585552
81.0 10.663113220064002
82.0 10.92090667872
83.0 11.181756990144002
84.0 11.445686211167999
85.0 11.712658683855999
86.0 11.982648954896
87.0 12.255689158128003
88.0 12.531766034176002
89.0 12.810913719472001
90.0 13.093121657231995
91.0 13.378390861663997
92.0 13.666706112672003
93.0 13.958108790352004
94.0 14.252584784255998
95.0 14.550073464079995
96.0 14.850637189167998
97.0 15.154279882880001
98.0 15.460985569040005
99.0 15.770749015856003
100.0 16.08360809624
101.0 16.399533999472
102.0 16.718517049087996
103.0 17.040559922288004
104.0 17.365673116416
105.0 17.69386632835199
106.0 18.025179917935997
107.0 18.359585529808008
108.0 18.697082411232003
109.0 19.037688886207995
110.0 19.381415980511996
111.0 19.72827682177601
112.0 20.078279773983997
113.0 20.431418585295997
114.0 20.787701292976
115.0 21.147101303664005
116.0 21.509628022512
117.0 21.875241668576006
118.0 22.24397432214399
119.0 22.615816862880003
120.0 22.990818596416
121.0 23.368995403695994
122.0 23.750322330975997
123.0 24.134809243248
124.0 24.522460398527997
125.0 24.913287934352017
126.0 25.30730341744001
127.0 25.704535117039995
128.0 26.104993631728007
129.0 26.508650436255998
130.0 26.915446314816005
131.0 27.325459581408
132.0 27.738675869216003
133.0 28.155121912175996
134.0 28.57477531812798
135.0 28.997655378512007
136.0 29.423733012864
137.0 29.853015843472008
138.0 30.285562420799994
139.0 30.721344472671994
140.0 31.160407730303994
141.0 31.602720772128
142.0 32.04829121148799
143.0 32.49711050553601
144.0 32.949182163424
145.0 33.404510462880026
146.0 33.86313023798401
147.0 34.325072648063994
148.0 34.790325318608005
149.0 35.258831913664004
150.0 35.730679620288
151.0 36.20582316803199
152.0 36.68428983788801
153.0 37.166061873135995
154.0 37.651136152624005
155.0 38.13956615784001
156.0 38.631252855712
157.0 39.126236269696
158.0 39.624506171472
159.0 40.12604431395202
160.0 40.630892287296014
161.0 41.13900589019198
162.0 41.650405136288
163.0 42.165116264640005
164.0 42.683123822320006
165.0 43.204428924544004
166.0 43.729006470048006
167.0 44.25684681756801
168.0 44.787950400448
169.0 45.32231939742402
170.0 45.859971215520005
171.0 46.400876609792
172.0 46.945055281168024
173.0 47.49257576569602
174.0 48.043332553232
175.0 48.597393660575996
176.0 49.154689317088
177.0 49.715244490223995
178.0 50.27903778140801
179.0 50.84614241319999
180.0 51.416438120528014
181.0 51.98996097409599
182.0 52.56665888006398
183.0 53.14648649015999
184.0 53.729430378512006
185.0 54.315631761359995
186.0 54.90502896860799
187.0 55.497601590144015
188.0 56.09335991564801
189.0 56.69228122535998
190.0 57.29439976454402
191.0 57.899647784304
192.0 58.508069831232
193.0 59.119603286736016
194.0 59.734269922559996
195.0 60.352063482768
196.0 60.97298831296
197.0 61.597062734847995
198.0 62.224271835904005
199.0 62.854571241151994
200.0 63.48804418859199
201.0 64.12462259595199
202.0 64.76424085790396
203.0 65.406926831904
204.0 66.052730699024
205.0 66.70159373648
206.0 67.35354643337595
207.0 68.008630532752
208.0 68.66675901139203
209.0 69.327975796896
210.0 69.99216787092801
211.0 70.65943499724803
212.0 71.329778587904
213.0 72.00314183670399
214.0 72.679517858016
215.0 73.358880516288
216.0 74.041311462272
217.0 74.72684791952001
218.0 75.415448795856
219.0 76.10706513843202
220.0 76.80173395883199
221.0 77.49951423689598
222.0 78.20032359001603
223.0 78.904212568416
224.0 79.61114205451202
225.0 80.32109223912002
226.0 81.03409499228806
227.0 81.75012521984002
228.0 82.469176944848
229.0 83.19127558828804
230.0 83.91642873758401
231.0 84.64462741593596
232.0 85.37585206966403
233.0 86.110108342384
234.0 86.84743284508804
235.0 87.58785160951999
236.0 88.33130954248
237.0 89.077774497776
238.0 89.827294561504
239.0 90.57984707823998
240.0 91.33554332606398
241.0 92.09422617851202
242.0 92.856009295488
243.0 93.62082295017599
244.0 94.38863367953601
245.0 95.159577873232
246.0 95.93364267880001
247.0 96.71077226032001
248.0 97.490915700432
249.0 98.27416350777598
250.0 99.06043857508796
251.0 99.849856541184
252.0 100.642365532256
253.0 101.43793252076799
254.0 102.23661797195203
255.0 103.03839412692798
256.0 103.843261444432
257.0 104.65116288052798
258.0 105.46213102471998
259.0 106.27617845144
260.0 107.09328359871999
261.0 107.913416141888
262.0 108.73656420256
263.0 109.56278378063996
264.0 110.39210862975997
265.0 111.22454893920005
266.0 112.06008449951999
267.0 112.89868401808003
268.0 113.74039732735999
269.0 114.58518520383991
270.0 115.43311016416003
271.0 116.28413168431999
272.0 117.1382431512
273.0 117.99545272944002
274.0 118.85575261216005
275.0 119.71917500303998
276.0 120.58573981007996
277.0 121.45550068944003
278.0 122.32846870608003
279.0 123.20457082656003
280.0 124.08368302479994
281.0 124.96596837632003
282.0 125.85147961504
283.0 126.74022860208007
284.0 127.63219907728003
285.0 128.52731596975997
286.0 129.42561321615997
287.0 130.32707120416
288.0 131.23169680927998
289.0 132.13955420608008
290.0 133.05057593695997
291.0 133.96486013999998
292.0 134.88233584128002
293.0 135.80312358128003
294.0 136.7271763982401
295.0 137.65446454256002
296.0 138.58500653328002
297.0 139.51873540368
298.0 140.45566819407995
299.0 141.39584542960003
300.0 142.33922880976
301.0 143.28584312112
302.0 144.23559267840002
303.0 145.18864857616
304.0 146.1450070945599
305.0 147.10455896783998
306.0 148.06735071839998
307.0 149.0334336992
308.0 150.00288728495994
309.0 150.97554984335994
310.0 151.95142786608002
311.0 152.93060294400001
312.0 153.91299540944007
313.0 154.8987377641601
314.0 155.88778303872
315.0 156.8801173028799
316.0 157.87568046975997
317.0 158.87450242335996
318.0 159.87653458448
319.0 160.88181436367998
320.0 161.89039292816
321.0 162.90216272111996
322.0 163.91713746960002
323.0 164.93543294351997
324.0 165.95679925152004
325.0 166.98136729744002
326.0 168.00923950192
327.0 169.04034846752
328.0 170.07466063424
329.0 171.11232647008003
330.0 172.15325588880003
331.0 173.19749517984002
332.0 174.24499762815998
333.0 175.29568359888
334.0 176.34954181792
335.0 177.40662314224
336.0 178.46695834384
337.0 179.53050678815998
338.0 180.59726216704
339.0 181.66719821168005
340.0 182.74026312207997
341.0 183.81655000496002
342.0 184.89606952544005
343.0 185.97883181071998
344.0 187.06474959663996
345.0 188.15372373584006
346.0 189.24591829840003
347.0 190.34125512320003
348.0 191.43982281471997
349.0 192.54149121328007
350.0 193.64630372896005
351.0 194.75433314672
352.0 195.86553270432003
353.0 196.97975812432009
354.0 198.0971683795201
355.0 199.2178405457599
356.0 200.34170294400002
357.0 201.4686524278399
358.0 202.59871521008
359.0 203.73186545759995
360.0 204.86809719328002
361.0 206.00741828992005
362.0 207.14985978864007
363.0 208.29540807232001
364.0 209.44408340959995
365.0 210.59582827391995
366.0 211.75070439856003
367.0 212.90855535791997
368.0 214.06947581072004
369.0 215.23345039248002
370.0 216.40050039584003
371.0 217.57051025824003
372.0 218.74359770063998
373.0 219.91988993759998
374.0 221.09918219168003
375.0 222.28147166592007
376.0 223.46674497376003
377.0 224.6549346148799
378.0 225.8461953259201
379.0 227.04052826992
380.0 228.23796451839993
381.0 229.43852675487997
382.0 230.64218160496006
383.0 231.84878169200016
384.0 233.0583915462399
385.0 234.2708994447999
386.0 235.48643090304
387.0 236.70485277040007
388.0 237.92621285055998
389.0 239.15065842959999
390.0 240.37820712095998
391.0 241.60876853792
392.0 242.84238730176003
393.0 244.07909430496005
394.0 245.31878126240002
395.0 246.56147683744
396.0 247.80700723727995
397.0 249.05555995311997
398.0 250.30710481152
399.0 251.5617829257601
400.0 252.81950355151994
401.0 254.08033309376
402.0 255.34418796879996
403.0 256.61101593552
404.0 257.8808452507201
405.0 259.15371458432014
406.0 260.42965775823984
407.0 261.7087879705599
408.0 262.99090307184
409.0 264.27590521343996
410.0 265.56409227920005
411.0 266.8552570048001
412.0 268.14942894736
413.0 269.4467255108799
414.0 270.7468781857601
415.0 272.05007631232
416.0 273.35634329232005
417.0 274.6656882902399
418.0 275.9779908304001
419.0 277.29332166304005
420.0 278.61171061136
421.0 279.9331163601599
422.0 281.25761694672
423.0 282.58518884064017
424.0 283.91584097056005
425.0 285.24967648992
426.0 286.58652622191994
427.0 287.92643711424
428.0 289.2694486097601
429.0 290.6156273672001
430.0 291.9648847320001
431.0 293.31740187504005
432.0 294.67302735888
433.0 296.0319298579201
434.0 297.3940625628801
435.0 298.7593200648
436.0 300.12768717472005
437.0 301.49915610272006
438.0 302.87366839199996
439.0 304.2513902081598
440.0 305.6322738427201
441.0 307.0164052171201
442.0 308.40377474703996
443.0 309.7944200155201
444.0 311.18827466127993
445.0 312.5854218699201
446.0 313.98575928767997
447.0 315.3893388265601
448.0 316.7960754016
449.0 318.2059705329599
450.0 319.61911885119997
451.0 321.03544123039995
452.0 322.4548714015999
453.0 323.87751302223995
454.0 325.3032889008
455.0 326.73234437327994
456.0 328.164613
457.0 329.6001608563202
458.0 331.03881443936
459.0 332.48082925648004
460.0 333.92605518431986
461.0 335.37456483328003
462.0 336.8264126129601
463.0 338.28141567855994
464.0 339.73956240560017
465.0 341.2007793521599
466.0 342.6653807972802
467.0 344.13319863231993
468.0 345.60425156815995
469.0 347.07861241920006
470.0 348.55621314560005
471.0 350.0369794780799
472.0 351.52091700752
473.0 353.00802326176006
474.0 354.4983625225601
475.0 355.9918731737601
476.0 357.48866334432
477.0 358.98875338383993
478.0 360.49207846656
479.0 361.99846814447994
480.0 363.50822741296
481.0 365.02120838895996
482.0 366.5373410318399
483.0 368.05668273776
484.0 369.57932005936
485.0 371.10508089584005
486.0 372.6339438015999
487.0 374.1661219587201
488.0 375.70148986991995
489.0 377.24007258255995
490.0 378.78200325104
491.0 380.32701156016003
492.0 381.87512561887996
493.0 383.42651394863987
494.0 384.9811786264
495.0 386.53913836208005
496.0 388.10029233584
497.0 389.66466646496
498.0 391.23218064464004
499.0 392.8029092596801
500.0 394.3769267883202
501.0 395.95425281647994
502.0 397.53477416112
503.0 399.11854620880007
504.0 400.7054938952
505.0 402.29560149984
506.0 403.8887586104001
507.0 405.4851204328003
508.0 407.0845781015998
509.0 408.68717414431995
510.0 410.29291244880005
511.0 411.90170172591996
512.0 413.51370684144
513.0 415.12897684208
514.0 416.74734625904
515.0 418.36877660112003
516.0 419.99320694320005
517.0 421.62079852464
518.0 423.25123430656004
519.0 424.8847873691199
520.0 426.5213834161602
521.0 428.16115808976
522.0 429.8039964790399
523.0 431.4500633759999
524.0 433.0992511697601
525.0 434.75154773584
526.0 436.40693272896
527.0 438.0656203734399
528.0 439.72747537472
529.0 441.39240454688013
530.0 443.0603229571199
531.0 444.7311222857601
532.0 446.40482598448
533.0 448.0814552172802
534.0 449.7610830659199
535.0 451.4437253740801
536.0 453.1293967864
537.0 454.8181253955202
538.0 456.50990131632017
539.0 458.20478928416014
540.0 459.90269883744
541.0 461.60356947968
542.0 463.30744035824
543.0 465.01441495712015
544.0 466.72455765056003
545.0 468.43787396159996
546.0 470.1541908072002
547.0 471.8735812470401
548.0 473.59609436080007
549.0 475.32163045055995
550.0 477.0502526015998
551.0 478.7819874387199
552.0 480.5169147160001
553.0 482.2548259526399
554.0 483.99580035568
555.0 485.7399173796801
556.0 487.4871264492799
557.0 489.23742155232003
558.0 490.9906198304001
559.0 492.7468126891202
560.0 494.5059496617599
561.0 496.2680647134399
562.0 498.0331750767999
563.0 499.80140861007993
564.0 501.5725707140799
565.0 503.34687418368003
566.0 505.1241854534401
567.0 506.9045769963201
568.0 508.68809959199996
569.0 510.4746869932802
570.0 512.26432447984
571.0 514.0570279488003
572.0 515.8528054598398
573.0 517.6514163111998
574.0 519.45312554032
575.0 521.2578056920004
576.0 523.0656146577601
577.0 524.87652793712
578.0 526.6903870867199
579.0 528.5071449695998
580.0 530.3271545308801
581.0 532.1502345745599
582.0 533.9765356436799
583.0 535.8059489543999
584.0 537.6383180697602
585.0 539.4737975376
586.0 541.3125082519999
587.0 543.1544295496
588.0 544.99957702096
589.0 546.8478373179199
590.0 548.6991938246401
591.0 550.5536607190402
592.0 552.41114565952
593.0 554.27172180256
594.0 556.1354098187201
595.0 558.0023239425599
596.0 559.87219844928
597.0 561.7453477311999
598.0 563.6218427472
599.0 565.5014729911999
600.0 567.3845022539201
601.0 569.2708233585599
602.0 571.1604206230404
603.0 573.0533752006398
604.0 574.9494680158398
605.0 576.8487788377602
606.0 578.7512555577599
607.0 580.6570259225603
608.0 582.5661963689599
609.0 584.4786063300801
610.0 586.3943479284802
611.0 588.3134286436801
612.0 590.2358937876801
613.0 592.1616426467201
614.0 594.0906158641599
615.0 596.02281290528
616.0 597.9580548155199
617.0 599.8966926999999
618.0 601.8386577844799
619.0 603.783821952
620.0 605.73230894528
621.0 607.6838859070399
622.0 609.6387472243201
623.0 611.5967349014403
624.0 613.5579958865599
625.0 615.5224959643201
626.0 617.4900823998398
627.0 619.4607746713599
628.0 621.4346687641599
629.0 623.4118089283197
630.0 625.3920518295998
631.0 627.3754945971201
632.0 629.3621685840001
633.0 631.3521693531201
634.0 633.34565807472
635.0 635.3426206894399
636.0 637.3430212556798
637.0 639.3469601326399
638.0 641.3542477436802
639.0 643.3649980284802
640.0 645.3789818104
641.0 647.3961571183997
642.0 649.4168455376002
643.0 651.44091117008
644.0 653.4682332716801
645.0 655.4986792851203
646.0 657.53248833056
647.0 659.5694911046401
648.0 661.6097197475198
649.0 663.6532577736
650.0 665.7000296822399
651.0 667.7498969830401
652.0 669.80284534976
653.0 671.8590580719999
654.0 673.9183204569601
655.0 675.98079303504
656.0 678.0461889662402
657.0 680.11511683968
658.0 682.1874396732801
659.0 684.2626505339197
660.0 686.3411470582398
661.0 688.4228012881599
662.0 690.5076309025601
663.0 692.5958021185601
664.0 694.6873242302397
665.0 696.7821314008
666.0 698.880069016
667.0 700.9809659599998
668.0 703.08487758064
669.0 705.1920175388799
670.0 707.3021914811201
671.0 709.4153342544002
672.0 711.53173107248
673.0 713.6514018756804
674.0 715.7742234244803
675.0 717.900309672
676.0 720.0295440019202
677.0 722.1619895577599
678.0 724.2975642668796
679.0 726.43626101184
680.0 728.5779161083199
681.0 730.7226613486401
682.0 732.8707184492799
683.0 735.0217894219202
684.0 737.1759481563197
685.0 739.3331071697601
686.0 741.4933478495998
687.0 743.6566603691201
688.0 745.8231259772799
689.0 747.9926265222399
690.0 750.1651163646399
691.0 752.3406893083202
692.0 754.5194773048001
693.0 756.7014551816002
694.0 758.8866901755198
695.0 761.0748425547201
696.0 763.2660936809599
697.0 765.4605549166399
698.0 767.6581890355199
699.0 769.8587723115203
700.0 772.0623858433603
701.0 774.2690920852801
702.0 776.4790707675199
703.0 778.692351188
704.0 780.9088365588799
705.0 783.12848929504
706.0 785.3509292515199
707.0 787.5764242567999
708.0 789.8050354848
709.0 792.03650064544
710.0 794.2709355055999
711.0 796.5082656505601
712.0 798.7486553012802
713.0 800.9920618342397
714.0 803.23851541504
715.0 805.4877224625601
716.0 807.73983558032
717.0 809.99490848544
718.0 812.2529918699202
719.0 814.5142223360001
720.0 816.7779827843202
721.0 819.0448050200004
722.0 821.3145710912
723.0 823.58747168576
724.0 825.86331731344
725.0 828.1425185824003
726.0 830.4246814116799
727.0 832.7099208255999
728.0 834.99839072
729.0 837.2901577008
730.0 839.5852114259202
731.0 841.8833172928
732.0 844.1846151846399
733.0 846.4890019027198
734.0 848.7964502071998
735.0 851.1070797223998
736.0 853.4206371206398
737.0 855.7371239168002
738.0 858.0566512745603
739.0 860.3794635579201
740.0 862.7053317076801
741.0 865.03442227504
742.0 867.3665802980802
743.0 869.70169762688
744.0 872.0399371663998
745.0 874.3814729419198
746.0 876.7263930942402
747.0 879.07455840192
748.0 881.4258449871999
749.0 883.78020812256
750.0 886.1377563507197
751.0 888.4983213489601
752.0 890.8621786331199
753.0 893.2295072820804
754.0 895.59999371024
755.0 897.9735335772799
756.0 900.3501801243203
757.0 902.7300584079998
758.0 905.1130982849602
759.0 907.49937176032
760.0 909.8890053579198
761.0 912.2816591246399
762.0 914.67740863728
763.0 917.0762382502401
764.0 919.47828317792
765.0 921.88355946096
766.0 924.29215215008
767.0 926.7037836489602
768.0 929.1184516358404
769.0 931.53647877072
770.0 933.9577778111998
771.0 936.3824521454396
772.0 938.8104083102401
773.0 941.2415878035201
774.0 943.6757699339199
775.0 946.11329983424
776.0 948.5540682329598
777.0 950.9983783235199
778.0 953.4459453176003
779.0 955.8969724423999
780.0 958.3512585156799
781.0 960.8088817764805
782.0 963.2697769846397
783.0 965.7338717628796
784.0 968.2011516678403
785.0 970.6717053980796
786.0 973.1453041766401
787.0 975.62220839104
788.0 978.1022888571197
789.0 980.58560068272
790.0 983.0722354851205
791.0 985.5620730145605
792.0 988.0551277775998
793.0 990.5511662511999
794.0 993.05039616
795.0 995.5528724963202
796.0 998.0583414798397
797.0 1000.5673038780799
798.0 1003.0795044129602
799.0 1005.5948396659202
800.0 1008.1133555843196
801.0 1010.63497702784
802.0 1013.1599435472002
803.0 1015.6884632686404
804.0 1018.22001581456
805.0 1020.7547840614401
806.0 1023.2929582667202
807.0 1025.8343481665597
808.0 1028.3789661590404
809.0 1030.92675595792
810.0 1033.4777059387195
811.0 1036.0316908576
812.0 1038.58882500832
813.0 1041.1491580988802
814.0 1043.7130366537601
815.0 1046.2800458937595
816.0 1048.8502019572804
817.0 1051.4233953070404
818.0 1053.9997742723203
819.0 1056.57928084816
820.0 1059.16212065312
821.0 1061.74827225008
822.0 1064.3375259811198
823.0 1066.92998911744
824.0 1069.5258879152002
825.0 1072.1250415747197
826.0 1074.7274674791995
827.0 1077.3330162492796
828.0 1079.9419772942406
829.0 1082.55413318256
830.0 1085.1694708131197
831.0 1087.7878868094397
832.0 1090.4095870142405
833.0 1093.0344674472003
834.0 1095.6627078747201
835.0 1098.2941665022397
836.0 1100.9287252420802
837.0 1103.56663148512
838.0 1106.2074754651203
839.0 1108.8514469539202
840.0 1111.4983966283203
841.0 1114.1485811059201
842.0 1116.8018324345603
843.0 1119.4581183249604
844.0 1122.1175480991994
845.0 1124.7798800065602
846.0 1127.4454500036802
847.0 1130.11390802944
848.0 1132.78535954848
849.0 1135.45967260592
850.0 1138.13702301232
851.0 1140.8174878380794
852.0 1143.5012106465597
853.0 1146.1880975711995
854.0 1148.8780871684805
855.0 1151.5709796025599
856.0 1154.2670918582405
857.0 1156.9663420176
858.0 1159.6686657072
859.0 1162.3742783907196
860.0 1165.0828270063998
861.0 1167.7943399820801
862.0 1170.5089095545598
863.0 1173.2266195180794
864.0 1175.9474439822402
865.0 1178.6713218731202
866.0 1181.3980391843202
867.0 1184.12783436608
868.0 1186.86064702672
869.0 1189.59636953296
870.0 1192.33534190928
871.0 1195.0772812062398
872.0 1197.82206640688
873.0 1200.56995751024
874.0 1203.32088571728
875.0 1206.0748325339198
876.0 1208.8318004681598
877.0 1211.59185262928
878.0 1214.3548905017599
879.0 1217.1208884116809
880.0 1219.88992367696
881.0 1222.6620725876799
882.0 1225.4373472744
883.0 1228.2158043552004
884.0 1230.9971966886405
885.0 1233.7815467815994
886.0 1236.5691131400006
887.0 1239.3598050326405
888.0 1242.1537404064004
889.0 1244.95089377872
890.0 1247.7507548441602
891.0 1250.55365917648
892.0 1253.35950099792
893.0 1256.1683456014403
894.0 1258.9800675617596
895.0 1261.7949586481602
896.0 1264.6130913363202
897.0 1267.4342551225602
898.0 1270.25887640048
899.0 1273.0868430116802
900.0 1275.91809046096
901.0 1278.75241412784
902.0 1281.58968421024
903.0 1284.4304479684797
904.0 1287.2743866299197
905.0 1290.1214501824
906.0 1292.9714474806406
907.0 1295.82481084256
908.0 1298.6815227008
909.0 1301.5414236873598
910.0 1304.4043640366403
911.0 1307.2705380286402
912.0 1310.1402077739199
913.0 1313.0131705403198
914.0 1315.8895811243199
915.0 1318.76910181824
916.0 1321.6518966729598
917.0 1324.5379604175996
918.0 1327.4275932787205
919.0 1330.3203160822402
920.0 1333.2164597449603
921.0 1336.11579574096
922.0 1339.0183499590396
923.0 1341.9241345668797
924.0 1344.8331883455994
925.0 1347.7451629236798
926.0 1350.66024242992
927.0 1353.5785630959995
928.0 1356.5000240576
929.0 1359.4248244784003
930.0 1362.3530627376003
931.0 1365.2842543616002
932.0 1368.2190164016
933.0 1371.1569883024
934.0 1374.0982826895997
935.0 1377.0426782448003
936.0 1379.9901646255998
937.0 1382.940683472
938.0 1385.8944706799998
939.0 1388.8518588128
940.0 1391.812365088
941.0 1394.7761077583996
942.0 1397.7432190783993
943.0 1400.7136273584001
944.0 1403.6872556063997
945.0 1406.6642328287999
946.0 1409.6444856352
947.0 1412.6281259919997
948.0 1415.614988736
949.0 1418.6048511072
950.0 1421.5978628543994
951.0 1424.5941051824002
952.0 1427.5935511231999
953.0 1430.5963985344001
954.0 1433.602210784
955.0 1436.6113837376001
956.0 1439.6239882431996
957.0 1442.6402341567998
958.0 1445.6597204303998
959.0 1448.6822616095997
960.0 1451.7079944495997
961.0 1454.736691504
962.0 1457.7689881472002
963.0 1460.8044708863995
964.0 1463.8433400160006
965.0 1466.8856531520003
966.0 1469.9312001552003
967.0 1472.9799606256006
968.0 1476.0321494032
969.0 1479.0871765631996
970.0 1482.1454249423991
971.0 1485.2067678095998
972.0 1488.27121984
973.0 1491.3389633696002
974.0 1494.4098046240003
975.0 1497.4836442575997
976.0 1500.5604451664
977.0 1503.6404275968002
978.0 1506.7233860464005
979.0 1509.8093683359998
980.0 1512.8984908896
981.0 1515.9905748592
982.0 1519.0855389776002
983.0 1522.1833841567995
984.0 1525.2845471583998
985.0 1528.3889366832
986.0 1531.4965300191998
987.0 1534.6072735504
988.0 1537.7212821583996
989.0 1540.8387769664005
990.0 1543.9593958463997
991.0 1547.0833306575998
992.0 1550.2105075359993
993.0 1553.3407787055999
994.0 1556.4744190288002
995.0 1559.6110445023994
996.0 1562.7510851135999
997.0 1565.8943983936
998.0 1569.0408550912002
999.0 1572.1904189775998
1000.0 1575.3430072736003
1001.0 1578.4987560112002
1002.0 1581.6575891904
1003.0 1584.8197779344002
1004.0 1587.9849652399998
1005.0 1591.1529799776004
1006.0 1594.3240575759996
1007.0 1597.4982524735992
1008.0 1600.6754102224
1009.0 1603.8556205279992
1010.0 1607.0388698287995
1011.0 1610.2256122560004
1012.0 1613.4153715999996
1013.0 1616.6075961552003
1014.0 1619.8030145888006
1015.0 1623.0015977023995
1016.0 1626.2031373696004
1017.0 1629.4078520015998
1018.0 1632.6158463440001
1019.0 1635.8269166144005
1020.0 1639.0412122288003
1021.0 1642.2584414672
1022.0 1645.4788087135996
1023.0 1648.7021645616
1024.0 1651.9285144623996
1025.0 1655.1580585712004
1026.0 1658.390832968001
1027.0 1661.6263781424
1028.0 1664.8647243504001
1029.0 1668.1059268047998
1030.0 1671.3503180320004
1031.0 1674.5977724031995
1032.0 1677.8483508160002
1033.0 1681.1015612015995
1034.0 1684.357910752
1035.0 1687.6174368431996
1036.0 1690.8797749504
1037.0 1694.1452153184
1038.0 1697.4136653504
1039.0 1700.6852826895997
1040.0 1703.9595653759993
1041.0 1707.2371921584004
1042.0 1710.5177902336
1043.0 1713.8015746368005
1044.0 1717.0889107936
1045.0 1720.3791487824005
1046.0 1723.6726204911997
1047.0 1726.9691268144002
1048.0 1730.2685247791997
1049.0 1733.5706481695997
1050.0 1736.8758064576002
1051.0 1740.1840145087997
1052.0 1743.4952946864007
1053.0 1746.8097436304001
1054.0 1750.1274797872004
1055.0 1753.4482165087989
1056.0 1756.7719692048006
1057.0 1760.0990554496007
1058.0 1763.4293281248003
1059.0 1766.7628668816
1060.0 1770.0994199696001
1061.0 1773.4389826495997
1062.0 1776.7813908384003
1063.0 1780.1267202112
1064.0 1783.4750070992
1065.0 1786.8262293376004
1066.0 1790.180694848
1067.0 1793.5382408895998
1068.0 1796.899277512
1069.0 1800.2633492064003
1070.0 1803.6307148703995
1071.0 1807.0011717071998
1072.0 1810.3747007776
1073.0 1813.7512193296002
1074.0 1817.1312076528
1075.0 1820.514232283201
1076.0 1823.9004152959992
1077.0 1827.2896235327994
1078.0 1830.6818194192
1079.0 1834.0775581023997
1080.0 1837.4764733952002
1081.0 1840.8787786576006
1082.0 1844.2846091216009
1083.0 1847.6935654863998
1084.0 1851.1055578255996
1085.0 1854.5204998431996
1086.0 1857.9387335456001
1087.0 1861.3598652800003
1088.0 1864.7838986368001
1089.0 1868.2113016816002
1090.0 1871.6420055312003
1091.0 1875.0758724431998
1092.0 1878.5129726656
1093.0 1881.9530829743999
1094.0 1885.3966469087998
1095.0 1888.8434011408
1096.0 1892.2933019760007
1097.0 1895.746653859201
1098.0 1899.2033963151994
1099.0 1902.6632797199995
1100.0 1906.1261512783997
1101.0 1909.5917873711999
1102.0 1913.0603665311992
1103.0 1916.5318785743998
1104.0 1920.0064812064
1105.0 1923.4844114672
1106.0 1926.9655117503996
1107.0 1930.4500641263992
1108.0 1933.9378462544003
1109.0 1937.4285925135998
1110.0 1940.9227854464
1111.0 1944.4199174448004
1112.0 1947.9198392512003
1113.0 1951.4224801919995
1114.0 1954.9283632063994
1115.0 1958.4374085984005
1116.0 1961.9497992224
1117.0 1965.4654138735993
1118.0 1968.9839927280002
1119.0 1972.5055152176005
1120.0 1976.0300561616
1121.0 1979.557958936
1122.0 1983.0889259455994
1123.0 1986.6231857184
1124.0 1990.1603872383996
1125.0 1993.7008806144004
1126.0 1997.2443254432005
1127.0 2000.7904918304007
1128.0 2004.3399183648005
1129.0 2007.8924381200006
1130.0 2011.4481890671996
1131.0 2015.0069028080002
1132.0 2018.5687685152
1133.0 2022.1334030688001
1134.0 2025.7012789087996
1135.0 2029.2722248704
1136.0 2032.8461039023994
1137.0 2036.4233408143991
1138.0 2040.0039574512
1139.0 2043.5878203375992
1140.0 2047.1749122799988
1141.0 2050.764853684799
1142.0 2054.3577655072004
1143.0 2057.9540134336
1144.0 2061.55385932
1145.0 2065.1565842624004
1146.0 2068.7627027152
1147.0 2072.372061782399
1148.0 2075.984704633601
1149.0 2079.6006611199996
1150.0 2083.2198742400005
1151.0 2086.8426468272
1152.0 2090.4684293535997
1153.0 2094.0975333952
1154.0 2097.7298429344
1155.0 2101.365044710399
1156.0 2105.0035567087994
1157.0 2108.6449775567994
1158.0 2112.2898980896002
1159.0 2115.9381958591994
1160.0 2119.5897902863994
1161.0 2123.2445349888008
1162.0 2126.9020757343997
1163.0 2130.5627444208003
1164.0 2134.2261985456016
1165.0 2137.893076936
1166.0 2141.56308404
1167.0 2145.2361312031994
1168.0 2148.9124561487997
1169.0 2152.5917142544
1170.0 2156.2738913216
1171.0 2159.9590075264
1172.0 2163.6472384592003
1173.0 2167.33835096
1174.0 2171.0321966848005
1175.0 2174.7291851296004
1176.0 2178.4293456224004
1177.0 2182.1327651776005
1178.0 2185.8395148928016
1179.0 2189.549004472
1180.0 2193.2613826720003
1181.0 2196.976601548801
1182.0 2200.6947092128007
1183.0 2204.4157557007993
1184.0 2208.1405117343993
1185.0 2211.8687009535997
1186.0 2215.6000184815994
1187.0 2219.334702852799
1188.0 2223.0727080015995
1189.0 2226.8140312
1190.0 2230.5585221456004
1191.0 2234.3062748304
1192.0 2238.0567887903994
1193.0 2241.8104892304004
1194.0 2245.5669022224
1195.0 2249.326222585601
1196.0 2253.088799313601
1197.0 2256.8541272815996
1198.0 2260.6224313664
1199.0 2264.3939109663997
1200.0 2268.1682827439995
1201.0 2271.945537070399
1202.0 2275.7257427887994
1203.0 2279.5085169855993
1204.0 2283.2942008319997
1205.0 2287.0831683472006
1206.0 2290.8750342752005
1207.0 2294.6700578928
1208.0 2298.46830504
1209.0 2302.269609840001
1210.0 2306.0738202912003
1211.0 2309.880931608001
1212.0 2313.6911585807998
1213.0 2317.5043729296003
1214.0 2321.3205161503984
1215.0 2325.1397955007997
1216.0 2328.9622867136
1217.0 2332.787796649599
1218.0 2336.6169663664004
1219.0 2340.4494093616004
1220.0 2344.2850191952007
1221.0 2348.124462288
1222.0 2351.9670632479997
1223.0 2355.8127990832
1224.0 2359.6615137999997
1225.0 2363.513703448
1226.0 2367.3690606831997
1227.0 2371.2277150928007
1228.0 2375.090028984
1229.0 2378.9552059136013
1230.0 2382.8239077552
1231.0 2386.6950940176002
1232.0 2390.5698635008002
1233.0 2394.4472733520006
1234.0 2398.327916383999
1235.0 2402.2108225167995
1236.0 2406.0965893456005
1237.0 2409.9854617808005
1238.0 2413.877573912
1239.0 2417.7729972608004
1240.0 2421.6717736528003
1241.0 2425.5741170015995
1242.0 2429.4795640608
1243.0 2433.3884906352005
1244.0 2437.3006840512
1245.0 2441.2161835136003
1246.0 2445.1350653776017
1247.0 2449.0572143135996
1248.0 2452.9822843215998
1249.0 2456.9110031455994
1250.0 2460.8429044367995
1251.0 2464.7775487232
1252.0 2468.7159195408
1253.0 2472.6579791599997
1254.0 2476.6030515680013
1255.0 2480.5513877776
1256.0 2484.5031859823994
1257.0 2488.4578219040004
1258.0 2492.415613296
1259.0 2496.3765498335997
1260.0 2500.340641097602
1261.0 2504.3081258448
1262.0 2508.2781239328006
1263.0 2512.2506817344
1264.0 2516.2263360079996
1265.0 2520.2051207488003
1266.0 2524.1869559008005
1267.0 2528.1719946864
1268.0 2532.1601849264
1269.0 2536.1515533215997
1270.0 2540.146007902399
1271.0 2544.1437177696002
1272.0 2548.1448170000003
1273.0 2552.149427152
1274.0 2556.1569931407994
1275.0 2560.1677202832
1276.0 2564.181975368
1277.0 2568.1989335007993
1278.0 2572.2190909600004
1279.0 2576.2423803344
1280.0 2580.2689243984
1281.0 2584.2988615935988
1282.0 2588.3323700959986
1283.0 2592.3688730351996
1284.0 2596.4081427151996
1285.0 2600.4502839328006
1286.0 2604.495444635201
1287.0 2608.5438706880004
1288.0 2612.5952648400007
1289.0 2616.649502804801
1290.0 2620.7068650912006
1291.0 2624.7673582159996
1292.0 2628.8307167024004
1293.0 2632.897500089599
1294.0 2636.967258032
1295.0 2641.0400578975996
1296.0 2645.1157968831994
1297.0 2649.1951427647996
1298.0 2653.2773117712
1299.0 2657.3627514079994
1300.0 2661.4509173264
1301.0 2665.5420489200014
1302.0 2669.6358753888003
1303.0 2673.732281918399
1304.0 2677.8318439104005
1305.0 2681.9342383568
1306.0 2686.0398180415996
1307.0 2690.1481260255987
1308.0 2694.2596265248003
1309.0 2698.374321732799
1310.0 2702.4921391232006
1311.0 2706.6126689743996
1312.0 2710.7362308624006
1313.0 2714.862796112
1314.0 2718.9922537056
1315.0 2723.1247307488
1316.0 2727.2607328527997
1317.0 2731.3992791904
1318.0 2735.540820032001
1319.0 2739.6853955792008
1320.0 2743.8329783264007
1321.0 2747.9833853663995
1322.0 2752.1369230335995
1323.0 2756.2935367632
1324.0 2760.453056664
1325.0 2764.6153830832
1326.0 2768.780975251201
1327.0 2772.9499345584
1328.0 2777.1218060208002
1329.0 2781.296868916801
1330.0 2785.4751682064
1331.0 2789.6561000128013
1332.0 2793.840429892799
1333.0 2798.0276015007994
1334.0 2802.2174364367993
1335.0 2806.4100190383992
1336.0 2810.6058651696
1337.0 2814.8042976304
1338.0 2819.0057774304
1339.0 2823.2105462064005
1340.0 2827.4182435504
1341.0 2831.6290391984
1342.0 2835.8428702783995
1343.0 2840.059422440001
1344.0 2844.278734756801
1345.0 2848.5015007616
1346.0 2852.7273167952003
1347.0 2856.956399488
1348.0 2861.1885517776
1349.0 2865.4235246191997
1350.0 2869.6619555328007
1351.0 2873.903834137599
1352.0 2878.1491520256004
1353.0 2882.3973761055995
1354.0 2886.6490552080004
1355.0 2890.9031966608004
1356.0 2895.1604820912007
1357.0 2899.4202824463996
1358.0 2903.6836058624
1359.0 2907.9498477392
1360.0 2912.2188909120005
1361.0 2916.4907087984
1362.0 2920.765640104
1363.0 2925.0436797712
1364.0 2929.324604275199
1365.0 2933.6089783408006
1366.0 2937.8963413551996
1367.0 2942.1866871903994
1368.0 2946.47997832
1369.0 2950.7763850384013
1370.0 2955.0759725712005
1371.0 2959.3789547647993
1372.0 2963.6850496592006
1373.0 2967.994083736
1374.0 2972.3061404415994
1375.0 2976.6219341504006
1376.0 2980.9408077103994
1377.0 2985.2629888175993
1378.0 2989.5886433728
1379.0 2993.9175852992007
1380.0 2998.2495061600007
1381.0 3002.5849350096005
1382.0 3006.923489136
1383.0 3011.264965454399
1384.0 3015.6100949968
1385.0 3019.9585318048
1386.0 3024.310346550399
1387.0 3028.6650841791998
1388.0 3033.0230799248006
1389.0 3037.384062377599
1390.0 3041.7482116063998
1391.0 3046.115929876799
1392.0 3050.486458736001
1393.0 3054.8604699248
1394.0 3059.237459603199
1395.0 3063.617406460801
1396.0 3068.0008201744013
1397.0 3072.387447091199
1398.0 3076.777589508798
1399.0 3081.1706997807987
1400.0 3085.5670856112
1401.0 3089.9668357375986
1402.0 3094.3696072416
1403.0 3098.775395128
1404.0 3103.1849402624007
1405.0 3107.5977389248
1406.0 3112.0135385791996
1407.0 3116.4323032223997
1408.0 3120.854179355201
1409.0 3125.279830384
1410.0 3129.7089411424004
1411.0 3134.1412929696
1412.0 3138.576862657599
1413.0 3143.0159269888
1414.0 3147.4583297583995
1415.0 3151.903989969599
1416.0 3156.3528830448
1417.0 3160.804841110399
1418.0 3165.2601795488
1419.0 3169.718757496
1420.0 3174.1806373951995
1421.0 3178.6456270976005
1422.0 3183.113383297599
1423.0 3187.584198096
1424.0 3192.0580049968003
1425.0 3196.5348501184008
1426.0 3201.0143575775987
1427.0 3205.497195064
1428.0 3209.983176624
1429.0 3214.4730793119998
1430.0 3218.966219436801
1431.0 3223.4621671951995
1432.0 3227.9612174944004
1433.0 3232.4634124784006
1434.0 3236.9687066336
1435.0 3241.476892555199
1436.0 3245.987789694401
1437.0 3250.502044225599
1438.0 3255.019700628801
1439.0 3259.540444785601
1440.0 3264.0642901808005
1441.0 3268.591494416
1442.0 3273.1217715647995
1443.0 3277.655257804801
1444.0 3282.1919228496
1445.0 3286.731716041601
1446.0 3291.274715683199
1447.0 3295.8211102368005
1448.0 3300.3705621984
1449.0 3304.92226716
1450.0 3309.4768985151995
1451.0 3314.0347975695995
1452.0 3318.5953326576005
1453.0 3323.1587640288008
1454.0 3327.725016958398
1455.0 3332.2942625312
1456.0 3336.8664176207994
1457.0 3341.441817071999
1458.0 3346.0204721248
1459.0 3350.6028590720002
1460.0 3355.188472036801
1461.0 3359.776984073599
1462.0 3364.369121422399
1463.0 3368.9639747632013
1464.0 3373.5622138528
1465.0 3378.163195222399
1466.0 3382.7676032048003
1467.0 3387.374977648
1468.0 3391.9863290688018
1469.0 3396.6014079471997
1470.0 3401.220352750399
1471.0 3405.8422782048
1472.0 3410.4673204416004
1473.0 3415.095923379201
1474.0 3419.7275660816
1475.0 3424.362706159999
1476.0 3429.0016794175995
1477.0 3433.6440458608
1478.0 3438.2895564000005
1479.0 3442.938483211201
1480.0 3447.5913736559996
1481.0 3452.2468411791997
1482.0 3456.9050611295997
1483.0 3461.5663614175996
1484.0 3466.230974667201
1485.0 3470.899017489601
1486.0 3475.5703869279996
1487.0 3480.245750915201
1488.0 3484.9246065472
1489.0 3489.6068576911994
1490.0 3494.292108368
1491.0 3498.9808904191996
1492.0 3503.6725553103993
1493.0 3508.3674963808
1494.0 3513.0655012048
1495.0 3517.7661625375995
1496.0 3522.4700061536
1497.0 3527.176854958399
1498.0 3531.886615816001
1499.0 3536.5989451983996
1500.0 3541.314291016001
1501.0 3546.0319721696005
1502.0 3550.7534596448
1503.0 3555.477784475199
1504.0 3560.2048614207997
1505.0 3564.9351187952007
1506.0 3569.668141774399
1507.0 3574.403533172801
1508.0 3579.1414968687995
1509.0 3583.8826507071994
1510.0 3588.626880731201
1511.0 3593.3738767616
1512.0 3598.1234172096
1513.0 3602.8769109359987
1514.0 3607.6331104080004
1515.0 3612.3922074255997
1516.0 3617.1547305183994
1517.0 3621.9203716528014
1518.0 3626.688705672002
1519.0 3631.460176809601
1520.0 3636.2348028192
1521.0 3641.013203571199
1522.0 3645.7937057024014
1523.0 3650.5772655615997
1524.0 3655.3627520784007
1525.0 3660.1509796656005
1526.0 3664.9422943615996
1527.0 3669.7368839456008
1528.0 3674.5350079856
1529.0 3679.3357590624
1530.0 3684.1401379967997
1531.0 3688.9473909264
1532.0 3693.7572493584
1533.0 3698.5701811808003
1534.0 3703.3854934767996
1535.0 3708.2035357615996
1536.0 3713.0249360832
1537.0 3717.8492457823995
1538.0 3722.6761346063986
1539.0 3727.5062598928002
1540.0 3732.3394527583996
1541.0 3737.1752162368007
1542.0 3742.0140652703994
1543.0 3746.8554411520004
1544.0 3751.6993317696006
1545.0 3756.546892827201
1546.0 3761.3971725744004
1547.0 3766.2515188591997
1548.0 3771.1087664528
1549.0 3775.9691431615997
1550.0 3780.8322837727983
1551.0 3785.6987985151995
1552.0 3790.5684375103983
1553.0 3795.4409391359995
1554.0 3800.3164323680003
1555.0 3805.1949879888007
1556.0 3810.0768577151985
1557.0 3814.9620622719995
1558.0 3819.850549428801
1559.0 3824.7422830591995
1560.0 3829.6368556496004
1561.0 3834.5345546495982
1562.0 3839.4352557152
1563.0 3844.339513838401
1564.0 3849.2474061599996
1565.0 3854.158737443201
1566.0 3859.073303502401
1567.0 3863.991174473602
1568.0 3868.9128518079997
1569.0 3873.837914033599
1570.0 3878.766163390398
1571.0 3883.6979339536
1572.0 3888.6328785567994
1573.0 3893.571106880001
1574.0 3898.512810179202
1575.0 3903.458001102401
1576.0 3908.4063418048004
1577.0 3913.358277024002
1578.0 3918.3132019983996
1579.0 3923.271565496
1580.0 3928.233114472001
1581.0 3933.1974088192014
1582.0 3938.1648682592
1583.0 3943.1349542720004
1584.0 3948.107525279999
1585.0 3953.0831335728
1586.0 3958.0613793488
1587.0 3963.0434016864006
1588.0 3968.028758072001
1589.0 3973.0178509711977
1590.0 3978.010996401601
1591.0 3983.007341158399
1592.0 3988.006913071999
1593.0 3993.010143904002
1594.0 3998.0172440944016
1595.0 4003.0278230464014
1596.0 4008.041489214401
1597.0 4013.0587063647995
1598.0 4018.0790352495997
1599.0 4023.1028358432
1600.0 4028.1297279840014
1601.0 4033.1595553520006
1602.0 4038.1925423760026
1603.0 4043.2287511488003
1604.0 4048.2682528895994
1605.0 4053.3108767327985
1606.0 4058.3561304591994
1607.0 4063.4043362399984
1608.0 4068.4553680304
1609.0 4073.5095115279996
1610.0 4078.566210118401
1611.0 4083.6263624576
1612.0 4088.6901001727992
1613.0 4093.756827163201
1614.0 4098.826878329602
1615.0 4103.9000881872
1616.0 4108.975220348801
1617.0 4114.053935951999
1618.0 4119.135395561601
1619.0 4124.220561667201
1620.0 4129.3090504336
1621.0 4134.4013845984
1622.0 4139.496904195201
1623.0 4144.596088291201
1624.0 4149.698482307198
1625.0 4154.804315976
1626.0 4159.91357952
1627.0 4165.0261211472
1628.0 4170.141293147201
1629.0 4175.260757609601
1630.0 4180.3839509376
1631.0 4185.510143251199
1632.0 4190.639080508801
1633.0 4195.770606054399
1634.0 4200.904857491201
1635.0 4206.0424035631995
1636.0 4211.182435998399
1637.0 4216.325529983999
1638.0 4221.472111635199
1639.0 4226.621005052799
1640.0 4231.772525824001
1641.0 4236.927007776001
1642.0 4242.084236815999
1643.0 4247.244973911999
1644.0 4252.4091118080005
1645.0 4257.576462808001
1646.0 4262.7474214464
1647.0 4267.921487574401
1648.0 4273.099031084798
1649.0 4278.279888924799
1650.0 4283.464109451201
1651.0 4288.651633587201
1652.0 4293.842864726399
1653.0 4299.0371981072
1654.0 4304.2355826896
1655.0 4309.436656598399
1656.0 4314.641323859201
1657.0 4319.849493723202
1658.0 4325.061321516799
1659.0 4330.2761391568
1660.0 4335.494320699201
1661.0 4340.716014094399
1662.0 4345.940078108799
1663.0 4351.167510232001
1664.0 4356.3980449024
1665.0 4361.632013184
1666.0 4366.8689096736
1667.0 4372.108449640002
1668.0 4377.350617040001
1669.0 4382.596355575999
1670.0 4387.8447936928005
1671.0 4393.0963631632
1672.0 4398.3515584656
1673.0 4403.610268046401
1674.0 4408.872073478402
1675.0 4414.137725124801
1676.0 4419.4067598976
1677.0 4424.6787549440005
1678.0 4429.954065987198
1679.0 4435.232835651201
1680.0 4440.514879767999
1681.0 4445.8003357104
1682.0 4451.089649366401
1683.0 4456.3816993408
1684.0 4461.6767836128
1685.0 4466.974766222399
1686.0 4472.275789363199
1687.0 4477.580312401599
1688.0 4482.8870897824
1689.0 4488.1975521888
1690.0 4493.5110488192
1691.0 4498.8277157600005
1692.0 4504.147839169599
1693.0 4509.470994606401
1694.0 4514.798166348798
1695.0 4520.1276539007995
1696.0 4525.4599740143985
1697.0 4530.795064303998
1698.0 4536.133171484801
1699.0 4541.474847248
1700.0 4546.819831224001
1701.0 4552.1676406128
1702.0 4557.518706156801
1703.0 4562.871913915204
1704.0 4568.2275781216
1705.0 4573.586867036799
1706.0 4578.948950622402
1707.0 4584.313614265602
1708.0 4589.681131156802
1709.0 4595.0514539328
1710.0 4600.425377481601
1711.0 4605.802409070397
1712.0 4611.182750700802
1713.0 4616.5661354864005
1714.0 4621.9522364832
1715.0 4627.3406016944
1716.0 4632.7323376576005
1717.0 4638.126194086402
1718.0 4643.523888313601
1719.0 4648.9245800848
1720.0 4654.328208035199
1721.0 4659.7344408032
1722.0 4665.1439022864
1723.0 4670.5560871872
1724.0 4675.9711954288
1725.0 4681.3895360239985
1726.0 4686.8110044992
1727.0 4692.234866324799
1728.0 4697.6614733728
1729.0 4703.0910731552
1730.0 4708.524063907201
1731.0 4713.960188380802
1732.0 4719.3993923552
1733.0 4724.8416645456
1734.0 4730.2863253728
1735.0 4735.734041783998
1736.0 4741.184744529601
1737.0 4746.638562832
1738.0 4752.095160486401
1739.0 4757.555725486401
1740.0 4763.0197163535995
1741.0 4768.4875814304005
1742.0 4773.958609311999
1743.0 4779.4324440544
1744.0 4784.909261616001
1745.0 4790.389758995201
1746.0 4795.8730196000015
1747.0 4801.359129304001
1748.0 4806.8486829615995
1749.0 4812.341331083201
1750.0 4817.837055931201
1751.0 4823.3365509824
1752.0 4828.838383067199
1753.0 4834.343705355199
1754.0 4839.8520764879995
1755.0 4845.3640368815995
1756.0 4850.879592808
1757.0 4856.397654891201
1758.0 4861.9189759024
1759.0 4867.443662344002
1760.0 4872.971445142399
1761.0 4878.502592575998
1762.0 4884.0369915584
1763.0 4889.5746651568
1764.0 4895.1148304896005
1765.0 4900.658080684798
1766.0 4906.204167408001
1767.0 4911.753413719999
1768.0 4917.306061081601
1769.0 4922.8617941216
1770.0 4928.4209819312
1771.0 4933.9826307568
1772.0 4939.5466009296
1773.0 4945.113082102396
1774.0 4950.6826861264
1775.0 4956.255242478403
1776.0 4961.830569494398
1777.0 4967.409336488001
1778.0 4972.990904151999
1779.0 4978.575673015999
1780.0 4984.164700191999
1781.0 4989.756609432001
1782.0 4995.3516332272
1783.0 5000.9500549824
1784.0 5006.5512758704
1785.0 5012.1552632863995
1786.0 5017.7624629983975
1787.0 5023.3725351872
1788.0 5028.985342000001
1789.0 5034.600533718399
1790.0 5040.218849702398
1791.0 5045.839580595199
1792.0 5051.463635844802
1793.0 5057.091123841603
1794.0 5062.721599041599
1795.0 5068.355526991998
1796.0 5073.992678734399
1797.0 5079.633216219203
1798.0 5085.2766608848015
1799.0 5090.9236138064
1800.0 5096.574350606401
1801.0 5102.228690286401
1802.0 5107.886321595201
1803.0 5113.547429859202
1804.0 5119.212999376001
1805.0 5124.882174486398
1806.0 5130.555465512001
1807.0 5136.2318014928005
1808.0 5141.911234139201
1809.0 5147.5945076095995
1810.0 5153.280394867199
1811.0 5158.969113928001
1812.0 5164.661315236798
1813.0 5170.3569077376
1814.0 5176.055691630401
1815.0 5181.7575028096
1816.0 5187.462245244799
1817.0 5193.170260608001
1818.0 5198.881611481599
1819.0 5204.5952320960005
1820.0 5210.312305585601
1821.0 5216.032245271998
1822.0 5221.755782790399
1823.0 5227.482341220799
1824.0 5233.211806707201
1825.0 5238.9437973248005
1826.0 5244.6798481488
1827.0 5250.419309600001
1828.0 5256.162723356798
1829.0 5261.9091008959995
1830.0 5267.659306958401
1831.0 5273.413063027201
1832.0 5279.1698855376
1833.0 5284.929706121601
1834.0 5290.693121179202
1835.0 5296.4594621840015
1836.0 5302.2284725808
1837.0 5308.000443857602
1838.0 5313.775564224
1839.0 5319.553003580801
1840.0 5325.332653134399
1841.0 5331.115124379199
1842.0 5336.899701655999
1843.0 5342.68713076
1844.0 5348.477451299201
1845.0 5354.2714704368
1846.0 5360.068948350401
1847.0 5365.8696800096
1848.0 5371.672815905602
1849.0 5377.479243953599
1850.0 5383.2886619072
1851.0 5389.101513383999
1852.0 5394.9169802464
1853.0 5400.735434321601
1854.0 5406.557286825599
1855.0 5412.3826110703985
1856.0 5418.211276174399
1857.0 5424.0432375792
1858.0 5429.8777866896025
1859.0 5435.714837768002
1860.0 5441.555670872001
1861.0 5447.3999715984
1862.0 5453.247618491199
1863.0 5459.097434616002
1864.0 5464.950633820803
1865.0 5470.8071236288
1866.0 5476.6667124383985
1867.0 5482.5298655248
1868.0 5488.396027368001
1869.0 5494.265807537599
1870.0 5500.138718542397
1871.0 5506.014512126398
1872.0 5511.8933221904
1873.0 5517.775084937601
1874.0 5523.659369215999
1875.0 5529.547144512001
1876.0 5535.4393115104
1877.0 5541.334006505601
1878.0 5547.2326283471975
1879.0 5553.133407206402
1880.0 5559.037329377602
1881.0 5564.9442764496
1882.0 5570.853699281597
1883.0 5576.766106567999
1884.0 5582.6813815936
1885.0 5588.600229436801
1886.0 5594.522086440001
1887.0 5600.447302196799
1888.0 5606.376409497601
1889.0 5612.308815932801
1890.0 5618.244382907202
1891.0 5624.1831840032
1892.0 5630.124809208
1893.0 5636.069760099199
1894.0 5642.0175808976
1895.0 5647.968807192001
1896.0 5653.9225760768
1897.0 5659.8798371264
1898.0 5665.8403078016
1899.0 5671.8044761792
1900.0 5677.772069692799
1901.0 5683.7423694848
1902.0 5689.7151456848005
1903.0 5695.690934731199
1904.0 5701.6704463488
1905.0 5707.652446750401
1906.0 5713.6378599968
1907.0 5719.626243239998
1908.0 5725.617156679999
1909.0 5731.611389588802
1910.0 5737.6098418816
1911.0 5743.6112876512
1912.0 5749.6160896032
1913.0 5755.6238269248
1914.0 5761.634441377599
1915.0 5767.6483063328005
1916.0 5773.665803996802
1917.0 5779.685834467199
1918.0 5785.709436303999
1919.0 5791.735819769599
1920.0 5797.7659396576
1921.0 5803.798524735998
1922.0 5809.834757980801
1923.0 5815.8742363008005
1924.0 5821.917527023999
1925.0 5827.964159945601
1926.0 5834.0138183504005
1927.0 5840.066690984001
1928.0 5846.1226303408
1929.0 5852.1815708976
1930.0 5858.2436727344
1931.0 5864.308938617602
1932.0 5870.377647059199
1933.0 5876.449030990401
1934.0 5882.523927716799
1935.0 5888.6026646
1936.0 5894.684879814398
1937.0 5900.7709523776
1938.0 5906.859901023998
1939.0 5912.950779380799
1940.0 5919.0444334224
1941.0 5925.140507830403
1942.0 5931.239117796802
1943.0 5937.340556908801
1944.0 5943.445030411197
1945.0 5949.5520405136
1946.0 5955.6627050592
1947.0 5961.777201847999
1948.0 5967.895650595199
1949.0 5974.017128073603
1950.0 5980.1413437967985
1951.0 5986.2683353984
1952.0 5992.399138969597
1953.0 5998.533368857601
1954.0 6004.670536854396
1955.0 6010.811803801599
1956.0 6016.955877164799
1957.0 6023.103272044803
1958.0 6029.254229432001
1959.0 6035.407550958401
1960.0 6041.562728252802
1961.0 6047.720633072002
1962.0 6053.881403985601
1963.0 6060.045629375999
1964.0 6066.2122893888
1965.0 6072.3815248048
1966.0 6078.553422598399
1967.0 6084.728287331199
1968.0 6090.9054954496
1969.0 6097.0862229248005
1970.0 6103.270291174403
1971.0 6109.457054766399
1972.0 6115.646547032
1973.0 6121.840460587201
1974.0 6128.037322804798
1975.0 6134.2383993983985
1976.0 6140.4430928528
1977.0 6146.651222262399
1978.0 6152.862002688
1979.0 6159.075149363199
1980.0 6165.291825417601
1981.0 6171.511544480001
1982.0 6177.734332550398
1983.0 6183.961148145599
1984.0 6190.190264012802
1985.0 6196.423208875201
1986.0 6202.6592212112
1987.0 6208.898210496
1988.0 6215.1398957104
1989.0 6221.3854894224005
1990.0 6227.634242395199
1991.0 6233.885306017601
1992.0 6240.139445076798
1993.0 6246.397927603199
1994.0 6252.660163155199
1995.0 6258.925591527999
1996.0 6265.195168953599
1997.0 6271.468401646398
1998.0 6277.7450369104
1999.0 6284.025236651198
2000.0 6290.308586406401
2001.0 6296.5955885264
2002.0 6302.886602040001
2003.0 6309.1807460816035
2004.0 6315.4783164
2005.0 6321.7790917535995
2006.0 6328.083387726399
2007.0 6334.391281004794
2008.0 6340.701685001601
2009.0 6347.015654712
2010.0 6353.332992628801
2011.0 6359.653127395201
2012.0 6365.9767540735975
2013.0 6372.3042324336
2014.0 6378.634765295999
2015.0 6384.9686981904
2016.0 6391.3053607232
2017.0 6397.6455113808
2018.0 6403.988595016
2019.0 6410.3350113216
2020.0 6416.684300078401
2021.0 6423.036342289601
2022.0 6429.391330537599
2023.0 6435.749207167998
2024.0 6442.110207828801
2025.0 6448.474936084798
2026.0 6454.842264163198
2027.0 6461.212385475199
2028.0 6467.584361307201
2029.0 6473.960030641599
2030.0 6480.338312657602
2031.0 6486.719676393603
2032.0 6493.104835708799
2033.0 6499.492966404799
2034.0 6505.883280739198
2035.0 6512.276555244803
2036.0 6518.672302344001
2037.0 6525.070845353602
2038.0 6531.4730555328
2039.0 6537.878186592
2040.0 6544.286633339201
2041.0 6550.6985028399995
2042.0 6557.113303380802
2043.0 6563.530988383999
2044.0 6569.952898283198
2045.0 6576.378298729603
2046.0 6582.8074724816015
2047.0 6589.2390189935995
2048.0 6595.673697476801
2049.0 6602.1111735888
2050.0 6608.551493091199
2051.0 6614.9954136624
2052.0 6621.441804366403
2053.0 6627.890600222401
2054.0 6634.3427968784
2055.0 6640.798166475199
2056.0 6647.2567316848
2057.0 6653.719482590401
2058.0 6660.1854419184
2059.0 6666.6542235392
2060.0 6673.125672908798
2061.0 6679.600403356801
2062.0 6686.077116422397
2063.0 6692.5574335535985
2064.0 6699.040663419201
2065.0 6705.526772688002
2066.0 6712.016002376001
2067.0 6718.508915419197
2068.0 6725.004445404801
2069.0 6731.503333299201
2070.0 6738.0060725104
2071.0 6744.511723127999
2072.0 6751.0207773712
2073.0 6757.533809606402
2074.0 6764.0503283664
2075.0 6770.5704201328
2076.0 6777.094166732801
2077.0 6783.621216182399
2078.0 6790.151212206401
2079.0 6796.6849332096
2080.0 6803.2219436912
2081.0 6809.761293927999
2082.0 6816.3046490832
2083.0 6822.851237865601
2084.0 6829.400190171202
2085.0 6835.951567014401
2086.0 6842.507160083199
2087.0 6849.065336180802
2088.0 6855.6271018848
2089.0 6862.192037600003
2090.0 6868.759571123201
2091.0 6875.330317641603
2092.0 6881.9041737808
2093.0 6888.481467694398
2094.0 6895.0612711616
2095.0 6901.6441621936
2096.0 6908.230475704001
2097.0 6914.819829995203
2098.0 6921.412343387199
2099.0 6928.0089353759995
2100.0 6934.608115532799
2101.0 6941.210240787199
2102.0 6947.8164420416
2103.0 6954.426047083199
2104.0 6961.038586928002
2105.0 6967.6536885919995
2106.0 6974.271674769601
2107.0 6980.892278676799
2108.0 6987.5158488496
2109.0 6994.142465121598
2110.0 7000.772107254398
2111.0 7007.404698393603
2112.0 7014.040353312
2113.0 7020.6793523328015
2114.0 7027.320580822403
2115.0 7033.964245662403
2116.0 7040.6114539360005
2117.0 7047.2620920976
2118.0 7053.916606867197
2119.0 7060.574254158401
2120.0 7067.234871359999
2121.0 7073.898915479998
2122.0 7080.567340900799
2123.0 7087.239118659199
2124.0 7093.9148129824
2125.0 7100.593755984
2126.0 7107.2753419056
2127.0 7113.960219824001
2128.0 7120.648526236799
2129.0 7127.340100609601
2130.0 7134.034394894399
2131.0 7140.731935313602
2132.0 7147.432530625602
2133.0 7154.135988359999
2134.0 7160.842483940798
2135.0 7167.5523713039975
2136.0 7174.2657926752
2137.0 7180.982885807997
2138.0 7187.7029387983985
2139.0 7194.42652772
2140.0 7201.153618004799
2141.0 7207.883381572798
2142.0 7214.616556620798
2143.0 7221.352389363199
2144.0 7228.090804500801
2145.0 7234.832183070403
2146.0 7241.576317428802
2147.0 7248.323872495998
2148.0 7255.073892792
2149.0 7261.827266777598
2150.0 7268.584260644799
2151.0 7275.344314943999
2152.0 7282.108568624001
2153.0 7288.875933153598
2154.0 7295.6469960815975
2155.0 7302.420898843198
2156.0 7309.198206974402
2157.0 7315.9789438512
2158.0 7322.762878446399
2159.0 7329.550115833602
2160.0 7336.340363825603
2161.0 7343.133741908797
2162.0 7349.930210145602
2163.0 7356.730323465599
2164.0 7363.533651534402
2165.0 7370.340493270402
2166.0 7377.1510117296
2167.0 7383.9646824624015
2168.0 7390.782889329598
2169.0 7397.604744331201
2170.0 7404.4299662720005
2171.0 7411.258800688003
2172.0 7418.089752643202
2173.0 7424.9231405056
2174.0 7431.759626046401
2175.0 7438.5996839168
2176.0 7445.4426479424
2177.0 7452.2890451232015
2178.0 7459.138203472001
2179.0 7465.990391779201
2180.0 7472.8451425184
2181.0 7479.702704967998
2182.0 7486.562973297599
2183.0 7493.426402670399
2184.0 7500.2930110399975
2185.0 7507.162597411201
2186.0 7514.035449572801
2187.0 7520.912803887999
2188.0 7527.793384436802
2189.0 7534.6777454768
2190.0 7541.5654780911955
2191.0 7548.4558804816
2192.0 7555.3502374848
2193.0 7562.2476508016
2194.0 7569.148327964799
2195.0 7576.051612591999
2196.0 7582.957505636796
2197.0 7589.865821264
2198.0 7596.776530745597
2199.0 7603.689429875206
2200.0 7610.604999001604
2201.0 7617.52349344
2202.0 7624.446048788801
2203.0 7631.371674496001
2204.0 7638.300237532798
2205.0 7645.232506542399
2206.0 7652.1686493168
2207.0 7659.107570579198
2208.0 7666.0503174784
2209.0 7672.995655486398
2210.0 7679.9452727728
2211.0 7686.897475990403
2212.0 7693.8525565984
2213.0 7700.811509747201
2214.0 7707.7736205152005
2215.0 7714.7380240431985
2216.0 7721.70592464
2217.0 7728.676801092802
2218.0 7735.6509913599975
2219.0 7742.6278544992
2220.0 7749.6090053536
2221.0 7756.5931131712005
2222.0 7763.581478942399
2223.0 7770.572426496001
2224.0 7777.566468902401
2225.0 7784.5638981136
2226.0 7791.564188812803
2227.0 7798.567150062399
2228.0 7805.573337217599
2229.0 7812.582430030399
2230.0 7819.594667036799
2231.0 7826.609232150398
2232.0 7833.626975099201
2233.0 7840.648617758401
2234.0 7847.674105904
2235.0 7854.703160452799
2236.0 7861.734068974396
2237.0 7868.767676604801
2238.0 7875.804693628801
2239.0 7882.845272766399
2240.0 7889.8885307200035
2241.0 7896.935781915202
2242.0 7903.986601158404
2243.0 7911.041615212795
2244.0 7918.100056003203
2245.0 7925.1616925552025
2246.0 7932.227246569595
2247.0 7939.296230598399
2248.0 7946.368602977595
2249.0 7953.443565660799
2250.0 7960.521795215997
2251.0 7967.6040813008
2252.0 7974.689098132796
2253.0 7981.777821033602
2254.0 7988.8700608784
2255.0 7995.965564825601
2256.0 8003.062935118401
2257.0 8010.1634906335985
2258.0 8017.266048902401
2259.0 8024.3727607983965
2260.0 8031.482662711998
2261.0 8038.595705608001
2262.0 8045.711293526399
2263.0 8052.8304021103995
2264.0 8059.953051616004
2265.0 8067.079656062403
2266.0 8074.208858305601
2267.0 8081.340860988801
2268.0 8088.4749149696
2269.0 8095.6124992832
2270.0 8102.752925600001
2271.0 8109.896215803201
2272.0 8117.043382139203
2273.0 8124.194082958401
2274.0 8131.348396956799
2275.0 8138.506703286398
2276.0 8145.6687989728
2277.0 8152.835035636801
2278.0 8160.005153630404
2279.0 8167.178668886399
2280.0 8174.356096646399
2281.0 8181.536255382397
2282.0 8188.719937582397
2283.0 8195.906690635198
2284.0 8203.095463769601
2285.0 8210.2875087744
2286.0 8217.4812554368
2287.0 8224.678842728
2288.0 8231.8800479728
2289.0 8239.084634908799
2290.0 8246.2925655456
2291.0 8253.5027387312
2292.0 8260.7161302416
2293.0 8267.9326942544
2294.0 8275.151417588797
2295.0 8282.374310473597
2296.0 8289.599825504
2297.0 8296.8282956608
2298.0 8304.060102179199
2299.0 8311.295556790403
2300.0 8318.5349413152
2301.0 8325.776194489601
2302.0 8333.020416135998
2303.0 8340.267904360002
2304.0 8347.5183692736
2305.0 8354.773596948802
2306.0 8362.032290451201
2307.0 8369.293533080001
2308.0 8376.5569320416
2309.0 8383.823813620796
2310.0 8391.093292030399
2311.0 8398.365435257598
2312.0 8405.640343528003
2313.0 8412.917701851202
2314.0 8420.197610337598
2315.0 8427.479879358401
2316.0 8434.765819072
2317.0 8442.055077484805
2318.0 8449.3472677744
2319.0 8456.6427442768
2320.0 8463.940959817597
2321.0 8471.2426953104
2322.0 8478.547154022397
2323.0 8485.8557343264
2324.0 8493.166648427201
2325.0 8500.480194447999
2326.0 8507.796682691203
2327.0 8515.116986588799
2328.0 8522.440759139197
2329.0 8529.767542689602
2330.0 8537.097158201597
2331.0 8544.430076422399
2332.0 8551.766682472004
2333.0 8559.1060632384
2334.0 8566.447837670403
2335.0 8573.7924474128
2336.0 8581.1401162176
2337.0 8588.489378776003
2338.0 8595.8419929328
2339.0 8603.196489238404
2340.0 8610.554952620798
2341.0 8617.915360166402
2342.0 8625.2799938416
2343.0 8632.647948937598
2344.0 8640.019095878399
2345.0 8647.392669328003
2346.0 8654.768965643201
2347.0 8662.1476520032
2348.0 8669.530042673596
2349.0 8676.9162172928
2350.0 8684.3061696352
2351.0 8691.699935353601
2352.0 8699.0971044688
2353.0 8706.4965194512
2354.0 8713.899137036798
2355.0 8721.305153295998
2356.0 8728.714901902398
2357.0 8736.127405528001
2358.0 8743.542430193602
2359.0 8750.960392830402
2360.0 8758.380198526404
2361.0 8765.801827384003
2362.0 8773.227162473602
2363.0 8780.6550811552
2364.0 8788.086128700797
2365.0 8795.520561657597
2366.0 8802.958108324801
2367.0 8810.397803132797
2368.0 8817.83946592
2369.0 8825.283117168
2370.0 8832.729783510402
2371.0 8840.179907580801
2372.0 8847.633231465603
2373.0 8855.088948201601
2374.0 8862.546483947195
2375.0 8870.007309361594
2376.0 8877.471658603201
2377.0 8884.9397792368
2378.0 8892.410423152007
2379.0 8899.884480772802
2380.0 8907.3626548064
2381.0 8914.844259150403
2382.0 8922.329307976006
2383.0 8929.817592336
2384.0 8937.309059688
2385.0 8944.804634347198
2386.0 8952.304395696
2387.0 8959.808282302401
2388.0 8967.3145093792
2389.0 8974.8236660736
2390.0 8982.334402377603
2391.0 8989.848581281598
2392.0 8997.366153956802
2393.0 9004.887524888001
2394.0 9012.4132364672
2395.0 9019.942658680002
2396.0 9027.4759800992
2397.0 9035.012790516801
2398.0 9042.552804726398
2399.0 9050.0956668752
2400.0 9057.640863156797
2401.0 9065.188208449601
2402.0 9072.739343951998
2403.0 9080.2946496272
2404.0 9087.853229246397
2405.0 9095.415480529602
2406.0 9102.9811593424
2407.0 9110.5503813584
2408.0 9118.122328367997
2409.0 9125.699362320003
2410.0 9133.2799104272
2411.0 9140.863308545604
2412.0 9148.449281204797
2413.0 9156.037217313602
2414.0 9163.627944792004
2415.0 9171.220881374398
2416.0 9178.816844228804
2417.0 9186.4147028144
2418.0 9194.015493039999
2419.0 9201.620093801599
2420.0 9209.228853894401
2421.0 9216.841801158398
2422.0 9224.457153248002
2423.0 9232.0751843968
2424.0 9239.696181872
2425.0 9247.319808976
2426.0 9254.946626177596
2427.0 9262.576948113598
2428.0 9270.211508308803
2429.0 9277.847749519997
2430.0 9285.486362833599
2431.0 9293.127792479996
2432.0 9300.7731414624
2433.0 9308.421333814396
2434.0 9316.072170728003
2435.0 9323.726500563203
2436.0 9331.383945801605
2437.0 9339.045673243196
2438.0 9346.7104472256
2439.0 9354.379205166397
2440.0 9362.050893808002
2441.0 9369.725320644797
2442.0 9377.4037305648
2443.0 9385.0852504736
2444.0 9392.7707938256
2445.0 9400.4593024176
2446.0 9408.152090915199
2447.0 9415.848033948798
2448.0 9423.546752193599
2449.0 9431.247799055996
2450.0 9438.951746657598
2451.0 9446.6590935808
2452.0 9454.370227355199
2453.0 9462.085118310402
2454.0 9469.803523360002
2455.0 9477.524882188798
2456.0 9485.249460495994
2457.0 9492.977439744001
2458.0 9500.708434828799
2459.0 9508.443258039999
2460.0 9516.1812441232
2461.0 9523.921127888001
2462.0 9531.663919313596
2463.0 9539.410195377599
2464.0 9547.159578276804
2465.0 9554.912462052802
2466.0 9562.668425787197
2467.0 9570.428204702399
2468.0 9578.192313868803
2469.0 9585.9595081568
2470.0 9593.731638828798
2471.0 9601.508246331203
2472.0 9609.288319094401
2473.0 9617.070749496
2474.0 9624.857007296001
2475.0 9632.645964839998
2476.0 9640.4371858672
2477.0 9648.231100902402
2478.0 9656.028312952001
2479.0 9663.828878545599
2480.0 9671.632770760003
2481.0 9679.440408979197
2482.0 9687.2511657936
2483.0 9695.064896281605
2484.0 9702.881709078401
2485.0 9710.7013049536
2486.0 9718.524101897601
2487.0 9726.349755793603
2488.0 9734.179213584004
2489.0 9742.0133036096
2490.0 9749.849605660802
2491.0 9757.688269984003
2492.0 9765.530740678396
2493.0 9773.376098782403
2494.0 9781.225933899197
2495.0 9789.0798610336
2496.0 9796.937803233599
2497.0 9804.799436806397
2498.0 9812.664266001604
2499.0 9820.532905055998
2500.0 9828.4042901152
2501.0 9836.278231679998
2502.0 9844.154301683202
2503.0 9852.034249952
2504.0 9859.916224321601
2505.0 9867.801454169603
2506.0 9875.689281419196
2507.0 9883.580256836798
2508.0 9891.4742103456
2509.0 9899.370098721596
2510.0 9907.2693628944
2511.0 9915.171721534405
2512.0 9923.075600556802
2513.0 9930.981643145602
2514.0 9938.889300241597
2515.0 9946.799978660798
2516.0 9954.7127580704
2517.0 9962.628941972798
2518.0 9970.548952971201
2519.0 9978.472508126402
2520.0 9986.399924804802
2521.0 9994.329486118404
2522.0 10002.263141902406
2523.0 10010.200336278398
2524.0 10018.140710619195
2525.0 10026.084926164798
2526.0 10034.034069673598
2527.0 10041.986568552002
2528.0 10049.9436235488
2529.0 10057.904290862405
2530.0 10065.868228302399
2531.0 10073.8353948032
2532.0 10081.806732419202
2533.0 10089.7821887872
2534.0 10097.7623348448
2535.0 10105.744837897599
2536.0 10113.7317754176
2537.0 10121.722146006407
2538.0 10129.715587318398
2539.0 10137.711673076801
2540.0 10145.7107710944
2541.0 10153.713010232004
2542.0 10161.719464697599
2543.0 10169.728998131202
2544.0 10177.741255070403
2545.0 10185.756038460797
2546.0 10193.7736763504
2547.0 10201.794395584002
2548.0 10209.819910672
2549.0 10217.849061881598
2550.0 10225.881901870403
2551.0 10233.917440774396
2552.0 10241.955965753597
2553.0 10249.998238617598
2554.0 10258.043139583995
2555.0 10266.091179152003
2556.0 10274.141752572803
2557.0 10282.196069262398
2558.0 10290.253010836801
2559.0 10298.312995150402
2560.0 10306.375276651199
2561.0 10314.439049404802
2562.0 10322.505956448
2563.0 10330.576313220805
2564.0 10338.649545952
2565.0 10346.72698296
2566.0 10354.808093116797
2567.0 10362.892863560002
2568.0 10370.981355068801
2569.0 10379.071663288
2570.0 10387.165188473598
2571.0 10395.260835433603
2572.0 10403.3575058176
2573.0 10411.457027059203
2574.0 10419.559742036796
2575.0 10427.664852944003
2576.0 10435.773158779199
2577.0 10443.8850953472
2578.0 10452.00050370079
2579.0 10460.1193438656
2580.0 10468.2406703856
2581.0 10476.364603121601
2582.0 10484.4918222016
2583.0 10492.623165049601
2584.0 10500.757845184
2585.0 10508.8951593936
2586.0 10517.0347048192
2587.0 10525.1772713056
2588.0 10533.323072364803
2589.0 10541.472274964804
2590.0 10549.624307296002
2591.0 10557.778624032
2592.0 10565.936180129596
2593.0 10574.096639519998
2594.0 10582.259898260798
2595.0 10590.4246266944
2596.0 10598.591545849598
2597.0 10606.759944019199
2598.0 10614.930915009598
2599.0 10623.103805337601
2600.0 10631.279784668799
2601.0 10639.4592457472
2602.0 10647.641797968
2603.0 10655.827690284797
2604.0 10664.016836553601
2605.0 10672.2085682304
2606.0 10680.402494329604
2607.0 10688.601722529598
2608.0 10696.804137555202
2609.0 10705.010379035204
2610.0 10713.218632403205
2611.0 10721.4297739664
2612.0 10729.643964550403
2613.0 10737.860062601601
2614.0 10746.080483497599
2615.0 10754.3031656368
2616.0 10762.527656968003
2617.0 10770.756162347196
2618.0 10778.9887393824
2619.0 10787.224264779197
2620.0 10795.4628794288
2621.0 10803.706134092796
2622.0 10811.951454687996
2623.0 10820.1993539632
2624.0 10828.448691273603
2625.0 10836.699783175998
2626.0 10844.9562729696
2627.0 10853.216579212798
2628.0 10861.4803747568
2629.0 10869.7473764736
2630.0 10878.016096649597
2631.0 10886.2883218336
2632.0 10894.5649114144
2633.0 10902.843840793601
2634.0 10911.1255342624
2635.0 10919.410895596799
2636.0 10927.699946286399
2637.0 10935.9914521184
2638.0 10944.284874976
2639.0 10952.582117537602
2640.0 10960.882526228805
2641.0 10969.1853227568
2642.0 10977.491708152
2643.0 10985.8008962256
2644.0 10994.112154113598
2645.0 11002.426350230398
2646.0 11010.742872342398
2647.0 11019.062559211201
2648.0 11027.386061424004
2649.0 11035.712822105597
2650.0 11044.042717108803
2651.0 11052.375744343997
2652.0 11060.7134567232
2653.0 11069.0544575024
2654.0 11077.3977440352
2655.0 11085.743319611198
2656.0 11094.091058772803
2657.0 11102.4433340352
2658.0 11110.799077751999
2659.0 11119.158597198399
2660.0 11127.5221132656
2661.0 11135.888642228798
2662.0 11144.257800223997
2663.0 11152.631136110396
2664.0 11161.007426879998
2665.0 11169.388474756797
2666.0 11177.773729883202
2667.0 11186.162471084801
2668.0 11194.553884772798
2669.0 11202.9488254128
2670.0 11211.3484217904
2671.0 11219.750712151998
2672.0 11228.157766532799
2673.0 11236.5672759568
2674.0 11244.979678089601
2675.0 11253.393982908801
2676.0 11261.813208355201
2677.0 11270.234551118396
2678.0 11278.658045224005
2679.0 11287.084408299199
2680.0 11295.514474401603
2681.0 11303.947158508803
2682.0 11312.383861953604
2683.0 11320.8237005376
2684.0 11329.266501227203
2685.0 11337.712545784005
2686.0 11346.160757742398
2687.0 11354.6130656352
2688.0 11363.067508951997
2689.0 11371.525141308803
2690.0 11379.985837591998
2691.0 11388.45077408
2692.0 11396.917691892806
2693.0 11405.388217200001
2694.0 11413.863285718398
2695.0 11422.342088654395
2696.0 11430.825217193598
2697.0 11439.311909599992
2698.0 11447.8024759056
2699.0 11456.296567446396
2700.0 11464.794143300802
2701.0 11473.294865848
2702.0 11481.798670947204
2703.0 11490.307293209597
2704.0 11498.820625792006
2705.0 11507.3367030208
2706.0 11515.855852656001
2707.0 11524.376931236802
2708.0 11532.901843764801
2709.0 11541.431046811203
2710.0 11549.963539039996
2711.0 11558.500672836799
2712.0 11567.040547844797
2713.0 11575.5837320704
2714.0 11584.130518047998
2715.0 11592.680171265598
2716.0 11601.232295628799
2717.0 11609.786915683198
2718.0 11618.344828780799
2719.0 11626.9047683072
2720.0 11635.467971342401
2721.0 11644.0350716896
2722.0 11652.605146160005
2723.0 11661.1788617296
2724.0 11669.755398593605
2725.0 11678.335245843196
2726.0 11686.918143145598
2727.0 11695.5039694352
2728.0 11704.091853552
2729.0 11712.681703527996
2730.0 11721.275684199998
2731.0 11729.873700217606
2732.0 11738.4754785312
2733.0 11747.081963827199
2734.0 11755.6917632496
2735.0 11764.3047545648
2736.0 11772.919859875197
2737.0 11781.537305267198
2738.0 11790.158103172798
2739.0 11798.781432505597
2740.0 11807.405928635199
2741.0 11816.032989760002
2742.0 11824.6633854496
2743.0 11833.296458953595
2744.0 11841.932134566401
2745.0 11850.5725045328
2746.0 11859.2160095744
2747.0 11867.862256832
2748.0 11876.5113640656
2749.0 11885.163824625599
2750.0 11893.819671977597
2751.0 11902.480445031997
2752.0 11911.143371385602
2753.0 11919.809963651203
2754.0 11928.480179438397
2755.0 11937.152760974397
2756.0 11945.829141324797
2757.0 11954.507582924802
2758.0 11963.1905417104
2759.0 11971.875252814401
2760.0 11980.5618087744
2761.0 11989.252235995202
2762.0 11997.946142124802
2763.0 12006.641805019195
2764.0 12015.3393905952
2765.0 12024.041400148797
2766.0 12032.745370707198
2767.0 12041.4527777056
2768.0 12050.162429142403
2769.0 12058.875994212802
2770.0 12067.592948084799
2771.0 12076.313312041593
2772.0 12085.036293025598
2773.0 12093.762326580798
2774.0 12102.492034076797
2775.0 12111.225056006404
2776.0 12119.961328396805
2777.0 12128.700084947199
2778.0 12137.442052652801
2779.0 12146.187660931204
2780.0 12154.937677371203
2781.0 12163.691019307196
2782.0 12172.4487697104
2783.0 12181.210840726402
2784.0 12189.9761913488
2785.0 12198.7456739344
2786.0 12207.518555345598
2787.0 12216.294784739199
2788.0 12225.074749651198
2789.0 12233.857579344
2790.0 12242.6445346976
2791.0 12251.435410888002
2792.0 12260.229035481598
2793.0 12269.024913888003
2794.0 12277.823499808004
2795.0 12286.626428134401
2796.0 12295.433499739198
2797.0 12304.242551724803
2798.0 12313.056438035204
2799.0 12321.872508488004
2800.0 12330.693035852793
2801.0 12339.5161211664
2802.0 12348.343938286402
2803.0 12357.17441176
2804.0 12366.006916524802
2805.0 12374.8430320144
2806.0 12383.682056601601
2807.0 12392.524773211198
2808.0 12401.370161160006
2809.0 12410.219597611198
2810.0 12419.0721827984
2811.0 12427.9286676512
2812.0 12436.788961576
2813.0 12445.651396999996
2814.0 12454.516266132803
2815.0 12463.384325131203
2816.0 12472.256508689596
2817.0 12481.130866748801
2818.0 12490.008264940805
2819.0 12498.8882217632
2820.0 12507.771960044796
2821.0 12516.660423392004
2822.0 12525.55132420961
2823.0 12534.445039424001
2824.0 12543.341918494401
2825.0 12552.241882289605
2826.0 12561.144266867204
2827.0 12570.049102508803
2828.0 12578.957512222401
2829.0 12587.8693471552
2830.0 12596.783226644799
2831.0 12605.700114604802
2832.0 12614.620563152002
2833.0 12623.544226492799
2834.0 12632.470085657598
2835.0 12641.3987739344
2836.0 12650.329221796801
2837.0 12659.263943235203
2838.0 12668.201973
2839.0 12677.141483072002
2840.0 12686.084860052797
2841.0 12695.031793086397
2842.0 12703.981321995201
2843.0 12712.934444843197
2844.0 12721.8904990576
2845.0 12730.850279956805
2846.0 12739.8124075872
2847.0 12748.7767223536
2848.0 12757.743816969603
2849.0 12766.713623415997
2850.0 12775.686478796797
2851.0 12784.660947137603
2852.0 12793.636945127997
2853.0 12802.615085603198
2854.0 12811.596588376
2855.0 12820.581117505604
2856.0 12829.569069903997
2857.0 12838.559508756798
2858.0 12847.553250875199
2859.0 12856.549971144002
2860.0 12865.550147168007
2861.0 12874.55427312
2862.0 12883.561842441599
2863.0 12892.5738155584
2864.0 12901.588159868796
2865.0 12910.605283843193
2866.0 12919.6252171024
2867.0 12928.648296267196
2868.0 12937.675333155204
2869.0 12946.7059378048
2870.0 12955.740029935998
2871.0 12964.776075195201
2872.0 12973.8141343984
2873.0 12982.856100691199
2874.0 12991.899643507199
2875.0 13000.946813729595
2876.0 13009.998041707204
2877.0 13019.051896919998
2878.0 13028.109169987201
2879.0 13037.168184256003
2880.0 13046.230240982397
2881.0 13055.2952017968
2882.0 13064.3605973376
2883.0 13073.426839219197
2884.0 13082.496051040001
2885.0 13091.568223881603
2886.0 13100.6439871936
2887.0 13109.721233396795
2888.0 13118.803585449594
2889.0 13127.890791390397
2890.0 13136.983486190395
2891.0 13146.0787275504
2892.0 13155.178349107204
2893.0 13164.282279072006
2894.0 13173.390586835205
2895.0 13182.501236310398
2896.0 13191.616061060802
2897.0 13200.733346467201
2898.0 13209.852796460797
2899.0 13218.976167164798
2900.0 13228.103604417603
2901.0 13237.234389006402
2902.0 13246.367046185598
2903.0 13255.50306836
2904.0 13264.641995020796
2905.0 13273.785583335999
2906.0 13282.9336188864
2907.0 13292.086673590402
2908.0 13301.245040548796
2909.0 13310.406136800002
2910.0 13319.569853958394
2911.0 13328.736362465599
2912.0 13337.906314281601
2913.0 13347.078277352
2914.0 13356.253629184002
2915.0 13365.432091604798
2916.0 13374.6149433424
2917.0 13383.800776715196
2918.0 13392.989262240002
2919.0 13402.179062660802
2920.0 13411.370929907198
2921.0 13420.567175072003
2922.0 13429.766071673608
2923.0 13438.968068820803
2924.0 13448.1732550192
2925.0 13457.382414728001
2926.0 13466.594913046405
2927.0 13475.811231993595
2928.0 13485.0302392384
2929.0 13494.2524181248
2930.0 13503.476602300801
2931.0 13512.703611318397
2932.0 13521.9338796576
2933.0 13531.167581809603
2934.0 13540.405191816
2935.0 13549.645270979196
2936.0 13558.8880456096
2937.0 13568.1317132064
2938.0 13577.379261172802
2939.0 13586.630617190403
2940.0 13595.886556387199
2941.0 13605.145400720003
2942.0 13614.408653798402
2943.0 13623.675623496001
2944.0 13632.944707126404
2945.0 13642.2166412064
2946.0 13651.4920175872
2947.0 13660.770546660802
2948.0 13670.052183961594
2949.0 13679.336846454404
2950.0 13688.625941679999
2951.0 13697.915715987201
2952.0 13707.2077343616
2953.0 13716.504529924798
2954.0 13725.803577836803
2955.0 13735.106038132802
2956.0 13744.410605824
2957.0 13753.717695161598
2958.0 13763.0270044624
2959.0 13772.340470131205
2960.0 13781.658107888006
2961.0 13790.978977
2962.0 13800.3037821232
2963.0 13809.633407355199
2964.0 13818.9642982368
2965.0 13828.297326836797
2966.0 13837.632407223999
2967.0 13846.970345096002
2968.0 13856.309375214401
2969.0 13865.651263433601
2970.0 13874.994937425601
2971.0 13884.340574612794
2972.0 13893.692334524803
2973.0 13903.0459965568
2974.0 13912.401315183995
2975.0 13921.759022742399
2976.0 13931.118326752006
2977.0 13940.4794664352
2978.0 13949.842659086402
2979.0 13959.208495753595
2980.0 13968.576976835198
2981.0 13977.949341684794
2982.0 13987.325737924799
2983.0 13996.703809859202
2984.0 14006.083702283204
2985.0 14015.467131807996
2986.0 14024.854074600002
2987.0 14034.244654156797
2988.0 14043.639501508802
2989.0 14053.037415640001
2990.0 14062.437285334401
2991.0 14071.8390966176
2992.0 14081.246161209603
2993.0 14090.656314532802
2994.0 14100.068885571196
2995.0 14109.484092758397
2996.0 14118.901718927998
2997.0 14128.323263435197
2998.0 14137.7484100336
2999.0 14147.177015339204
3000.0 14156.609862048
