1.0 0.05391084186879995
2.0 0.06003493160467196
3.0 0.0643398536111039
4.0 0.06812958363251194
5.0 0.07184874844734399
6.0 0.07565314537134396
7.0 0.07958503707145598
8.0 0.08375340351356794
9.0 0.088133524950784
10.0 0.09276650602774393
11.0 0.09771203741527994
12.0 0.10289748634743998
13.0 0.10844482183006396
14.0 0.11420121792279994
15.0 0.12027578575247995
16.0 0.12668219148916798
17.0 0.13336779526638395
18.0 0.14037236972014394
19.0 0.14768043754119994
20.0 0.15529878533327993
21.0 0.16321481777532798
22.0 0.17143276453551998
23.0 0.17998086749103998
24.0 0.18881648490527994
25.0 0.19796239079759995
26.0 0.20744677846784
27.0 0.21721702884927999
28.0 0.22728909859472002
29.0 0.23773652676671997
30.0 0.2484084729300799
31.0 0.25940979770768
32.0 0.2707392039211201
33.0 0.28238998548832017
34.0 0.29432256658047995
35.0 0.3065991261014401
36.0 0.3191962031102399
37.0 0.33211239155568
38.0 0.3452759471785599
39.0 0.35877870205071993
40.0 0.3725951846051202
41.0 0.38670967385583993
42.0 0.4011524681608001
43.0 0.4158557344280001
44.0 0.4309210939761602
45.0 0.4462657621407997
46.0 0.4619503140137599
47.0 0.477944951804
48.0 0.49427983574432
49.0 0.51088312377088
50.0 0.5278074450144
51.0 0.5450463945441599
52.0 0.56255519708304
53.0 0.5803581227785598
54.0 0.5985166981905599
55.0 0.6169783462721601
56.0 0.6357279657815998
57.0 0.6547658195660799
58.0 0.6741361819105601
59.0 0.6938302959011201
60.0 0.713827854164
61.0 0.7341072991051198
62.0 0.7547260153416003
63.0 0.7756422659934402
64.0 0.7968471124268799
65.0 0.81835104373984
66.0 0.8401497892388798
67.0 0.86225417073408
68.0 0.8846577162660798
69.0 0.9073866687081601
70.0 0.93036423914608
71.0 0.9536599826443203
72.0 0.9772462197231999
73.0 1.00117062915344
74.0 1.02539035009008
75.0 1.0499077196464
76.0 1.0747636291452802
77.0 1.0998930260972806
78.0 1.1253361942209603
79.0 1.1510945630232001
80.0 1.1771348476078396
81.0 1.2035166300033606
82.0 1.2301920964536004
83.0 1.2571399480134402
84.0 1.2843716633280002
85.0 1.3119525736100803
86.0 1.339823809056
87.0 1.3679925833801596
88.0 1.39645014615936
89.0 1.42522905313568
90.0 1.45434386298512
91.0 1.4837360759091198
92.0 1.5134077166367996
93.0 1.54337817623504
94.0 1.5736442427224002
95.0 1.6041997776172798
96.0 1.6350864129910399
97.0 1.6662677244729598
98.0 1.6977268943508808
99.0 1.72952729068736
100.0 1.7615981337849598
101.0 1.7939762080934396
102.0 1.8266255109807994
103.0 1.85959944674624
104.0 1.89286469418384
105.0 1.9264436104414397
106.0 1.960340925125281
107.0 1.9945472878651198
108.0 2.029108898837761
109.0 2.0639399027809597
110.0 2.09904757256864
111.0 2.134447760618401
112.0 2.17019141609264
113.0 2.206207633775839
114.0 2.242523646681281
115.0 2.2791517595345603
116.0 2.3160737087715204
117.0 2.3533494477108796
118.0 2.390898496938721
119.0 2.4287495327696
120.0 2.4669056352641605
121.0 2.50536115771024
122.0 2.5441162314143995
123.0 2.5831551985729604
124.0 2.6225160533139196
125.0 2.66219573955456
126.0 2.70217164287744
127.0 2.7424750592747196
128.0 2.7830735537700795
129.0 2.823921088063201
130.0 2.86511670607712
131.0 2.90662016531872
132.0 2.9483940260695993
133.0 2.990459239685919
134.0 3.0328091905703998
135.0 3.0754548197688005
136.0 3.1184057459523196
137.0 3.1616657862939195
138.0 3.2052482495175996
139.0 3.2490795737636793
140.0 3.29321770437648
141.0 3.337632624079201
142.0 3.3823539929723205
143.0 3.427413796894399
144.0 3.4727506243680004
145.0 3.5184105731616007
146.0 3.564371979868799
147.0 3.6106461622736
148.0 3.6572492521968
149.0 3.7041278917423996
150.0 3.7513002492752
151.0 3.7987965734783997
152.0 3.8466020981456013
153.0 3.8946728264048005
154.0 3.943040399409598
155.0 3.9917172897328
156.0 4.040687629211201
157.0 4.089996412649601
158.0 4.139573853758399
159.0 4.189454140582399
160.0 4.239631337353599
161.0 4.29009244664
162.0 4.340890113379201
163.0 4.392000996019199
164.0 4.443413242073599
165.0 4.4951027513951995
166.0 4.5470984988304
167.0 4.599360495174399
168.0 4.651923758392002
169.0 4.7048096466831995
170.0 4.758040428092801
171.0 4.811513013894399
172.0 4.865304305417601
173.0 4.919378587009601
174.0 4.973770202091202
175.0 5.028435733105601
176.0 5.083424054774401
177.0 5.1387303873968
178.0 5.194325054411201
179.0 5.250238622030401
180.0 5.306430630564799
181.0 5.362927098230399
182.0 5.419721747732799
183.0 5.476836782359999
184.0 5.534175835817601
185.0 5.591847885352001
186.0 5.649823140632
187.0 5.708119463102401
188.0 5.7666927241264005
189.0 5.825597652887999
190.0 5.884816160569598
191.0 5.944328679940799
192.0 6.0041476233968
193.0 6.0642394919696
194.0 6.124642082273604
195.0 6.1853545787055975
196.0 6.246344789006402
197.0 6.3076690531392
198.0 6.369300027331201
199.0 6.4311874909296
200.0 6.493412185966401
201.0 6.555943207308799
202.0 6.618767883523202
203.0 6.681921609366403
204.0 6.745368485679999
205.0 6.8091001493232
206.0 6.873115606868801
207.0 6.9374140940128
208.0 7.002025554604797
209.0 7.066947967731198
210.0 7.132166275867201
211.0 7.197686676988799
212.0 7.263517337433603
213.0 7.3296648889488
214.0 7.3960960126384006
215.0 7.4628033050304
216.0 7.529842554297599
217.0 7.5971689363088
218.0 7.6647840153072
219.0 7.7327080308447975
220.0 7.800960150427203
221.0 7.869489794222398
222.0 7.9383426913039985
223.0 8.0074932009728
224.0 8.0769013806944
225.0 8.146617877558395
226.0 8.2166209181808
227.0 8.286920691870401
228.0 8.357510355236803
229.0 8.42842369512
230.0 8.499600109168
231.0 8.571055953047999
232.0 8.642810610247997
233.0 8.714859875609596
234.0 8.7872397721936
235.0 8.859925205387201
236.0 8.932919709590402
237.0 9.006215601768
238.0 9.079795530033602
239.0 9.153650244176
240.0 9.2278204971136
241.0 9.302251553612802
242.0 9.377020639588803
243.0 9.452101793625602
244.0 9.527463855414403
245.0 9.6031377612816
246.0 9.679101459315202
247.0 9.7554001442704
248.0 9.831998528299204
249.0 9.908917776630396
250.0 9.986162146472001
251.0 10.063702882676798
252.0 10.141527804616
253.0 10.219662968495998
254.0 10.298067723369602
255.0 10.376790706616
256.0 10.4558234948704
257.0 10.535164337452796
258.0 10.614824075201597
259.0 10.6947565707248
260.0 10.775009593494401
261.0 10.8555522259776
262.0 10.936406710856001
263.0 11.017595930849598
264.0 11.099075929390398
265.0 11.180858992628805
266.0 11.262929848001601
267.0 11.345304577983997
268.0 11.428000239820799
269.0 11.510988215697601
270.0 11.594258161476795
271.0 11.6778337179264
272.0 11.7617390359088
273.0 11.8459525108448
274.0 11.930427106441602
275.0 12.015252571593596
276.0 12.100373686607998
277.0 12.185807043607998
278.0 12.271565625801596
279.0 12.357614685945595
280.0 12.443982611788803
281.0 12.530637330798402
282.0 12.617583178848
283.0 12.704869177758399
284.0 12.7924760332544
285.0 12.880353702228803
286.0 12.9685152149296
287.0 13.057007455796803
288.0 13.1457759420928
289.0 13.234871880079998
290.0 13.3242813421648
291.0 13.414006702020794
292.0 13.504042474814398
293.0 13.594390574807997
294.0 13.685011225028802
295.0 13.775976184379198
296.0 13.867231609880003
297.0 13.958751126281603
298.0 14.0506118380512
299.0 14.142763377907198
300.0 14.235233552579206
301.0 14.328019356663997
302.0 14.421093742937606
303.0 14.514480531561599
304.0 14.608151331342404
305.0 14.702142021723201
306.0 14.7964324045696
307.0 14.8909880746
308.0 14.985850251110403
309.0 15.081055522868798
310.0 15.176581648961598
311.0 15.272348455174399
312.0 15.368436339793595
313.0 15.464797965078398
314.0 15.561487039419202
315.0 15.658443894201602
316.0 15.7557482714944
317.0 15.853348450284802
318.0 15.951216001980802
319.0 16.0493991462368
320.0 16.147887108606405
321.0 16.2466936974144
322.0 16.3457981868896
323.0 16.445229555844797
324.0 16.5449786914256
325.0 16.645038882391994
326.0 16.7454200606352
327.0 16.846085381856007
328.0 16.947060053550402
329.0 17.048353940262402
330.0 17.149942387035203
331.0 17.2517981942608
332.0 17.353997487164804
333.0 17.456448662792003
334.0 17.559233472104
335.0 17.662305975143997
336.0 17.7657073242256
337.0 17.869358128971196
338.0 17.973295009995205
339.0 18.077538436726396
340.0 18.182055118966392
341.0 18.286834784729596
342.0 18.3919553834096
343.0 18.497381069542406
344.0 18.603100117081606
345.0 18.709132594420797
346.0 18.815417070086404
347.0 18.922013200932803
348.0 19.028908609897595
349.0 19.136118078537596
350.0 19.243641992347204
351.0 19.3514986973328
352.0 19.459659562888
353.0 19.568108467401593
354.0 19.676884542417593
355.0 19.7859847733456
356.0 19.8953878541696
357.0 20.0051043872752
358.0 20.115119830047995
359.0 20.225430568576
360.0 20.3360327746352
361.0 20.446955656652797
362.0 20.558202237387192
363.0 20.669726052990406
364.0 20.7815585181152
365.0 20.893672286024003
366.0 21.0060885846336
367.0 21.118800145286393
368.0 21.2318017084416
369.0 21.34517150703201
370.0 21.4588234352304
371.0 21.5728052659568
372.0 21.6870776952288
373.0 21.8017066117312
374.0 21.916664295569596
375.0 22.03196296884318
376.0 22.147560994817603
377.0 22.26343937067361
378.0 22.3796078370528
379.0 22.496108585542398
380.0 22.612903295727993
381.0 22.730007426638405
382.0 22.847383914814397
383.0 22.965074390256003
384.0 23.083032857935997
385.0 23.2012680249856
386.0 23.3197697680464
387.0 23.438551516852794
388.0 23.55766424508959
389.0 23.6770474908016
390.0 23.7967254060032
391.0 23.916734215435195
392.0 24.036986287169597
393.0 24.157596163380795
394.0 24.2785319755264
395.0 24.399795436385595
396.0 24.5213625220368
397.0 24.6432380159952
398.0 24.76544081952481
399.0 24.88802056792001
400.0 25.010860582020804
401.0 25.134008852238402
402.0 25.25745127017601
403.0 25.38116916855199
404.0 25.5051825138608
405.0 25.629464863825604
406.0 25.754022126848007
407.0 25.878924815441604
408.0 26.004098190564804
409.0 26.129566862742404
410.0 26.255354918863993
411.0 26.3814525774112
412.0 26.507846901905594
413.0 26.6345534137632
414.0 26.761531725641596
415.0 26.888858251260793
416.0 27.0164492077312
417.0 27.144301480236805
418.0 27.272505791367998
419.0 27.401020439345608
420.0 27.529834345908807
421.0 27.658970980913608
422.0 27.788392914220804
423.0 27.918144178008003
424.0 28.048154003636803
425.0 28.178469466721594
426.0 28.309082073673608
427.0 28.440013070811197
428.0 28.571276060025593
429.0 28.702837994487993
430.0 28.834690654571205
431.0 28.966861756638387
432.0 29.0993680741616
433.0 29.23218756490241
434.0 29.365326625555205
435.0 29.49874055289281
436.0 29.6325026237216
437.0 29.766519009403204
438.0 29.900880380548802
439.0 30.035523553767984
440.0 30.170444637136008
441.0 30.305663912673605
442.0 30.441212922611196
443.0 30.577019272588792
444.0 30.713118667449613
445.0 30.8495350645728
446.0 30.986206895016
447.0 31.123162432915205
448.0 31.26045821829441
449.0 31.398066234523203
450.0 31.535962069075197
451.0 31.6742022242848
452.0 31.812739835505603
453.0 31.9515731294256
454.0 32.090672465688
455.0 32.23004140607361
456.0 32.36971486723839
457.0 32.5096952497008
458.0 32.6499672736144
459.0 32.79052814262881
460.0 32.9314039803504
461.0 33.0725510764624
462.0 33.2140270922272
463.0 33.3557693901776
464.0 33.497852976739196
465.0 33.640268436422396
466.0 33.783024171217605
467.0 33.92606629855842
468.0 34.0694673798208
469.0 34.21311838977121
470.0 34.357096414222404
471.0 34.50135224030562
472.0 34.645924520716804
473.0 34.79083939476159
474.0 34.93602029218559
475.0 35.0815480668288
476.0 35.22735295385279
477.0 35.373570710347195
478.0 35.5200466426736
479.0 35.66679570468479
480.0 35.813861286820796
481.0 35.961218439015994
482.0 36.10890588880321
483.0 36.25683706667519
484.0 36.4050700506704
485.0 36.55363763790719
486.0 36.7024901762304
487.0 36.851660174627206
488.0 37.001149701657596
489.0 37.1509600045472
490.0 37.3010884392432
491.0 37.45148848054881
492.0 37.60220982996002
493.0 37.753176701224
494.0 37.90441630623359
495.0 38.05597499315358
496.0 38.2078561543712
497.0 38.360063207521605
498.0 38.5125917861936
499.0 38.665416811363194
500.0 38.818526663414396
501.0 38.9719560993168
502.0 39.12570841937919
503.0 39.27970300681921
504.0 39.43399238918558
505.0 39.5886185748608
506.0 39.74357024456161
507.0 39.8988005525456
508.0 40.0542330844816
509.0 40.21002474669759
510.0 40.3660997982528
511.0 40.5225034897376
512.0 40.679224078598416
513.0 40.83623396648959
514.0 40.993519979747205
515.0 41.15112072785121
516.0 41.308990019039996
517.0 41.467128509305596
518.0 41.62552121224801
519.0 41.784287726579194
520.0 41.943349643976006
521.0 42.1027408320208
522.0 42.26247252896481
523.0 42.422515860846396
524.0 42.58281788897119
525.0 42.7434837847056
526.0 42.904380494644805
527.0 43.06561174287681
528.0 43.22721220024799
529.0 43.389119962
530.0 43.55135619278079
531.0 43.71385086187041
532.0 43.87664854942881
533.0 44.03975702770562
534.0 44.20319503186239
535.0 44.366986541198386
536.0 44.5310566603728
537.0 44.69548662572159
538.0 44.8601972859136
539.0 45.025242699055994
540.0 45.190559705431994
541.0 45.35619828643679
542.0 45.52217498401281
543.0 45.68837344290081
544.0 45.854940457409604
545.0 46.021772942248
546.0 46.188938324763186
547.0 46.35635161877438
548.0 46.52412164313758
549.0 46.692207455273596
550.0 46.860551051809594
551.0 47.02925749268798
552.0 47.198274678707214
553.0 47.3675143160528
554.0 47.53708580512478
555.0 47.706910220796786
556.0 47.877112046716796
557.0 48.0475599261472
558.0 48.21829419278559
559.0 48.38930734925759
560.0 48.56062924507522
561.0 48.73225778723041
562.0 48.90418960086561
563.0 49.0764587615904
564.0 49.249025103368
565.0 49.4219189538848
566.0 49.59510331087518
567.0 49.768606851487974
568.0 49.9423304047776
569.0 50.116358413652804
570.0 50.290733432259195
571.0 50.4653475211888
572.0 50.6402851301792
573.0 50.81550020945762
574.0 50.991043798966416
575.0 51.16692367329441
576.0 51.3430647736368
577.0 51.519463416791986
578.0 51.696251590971215
579.0 51.873369003331206
580.0 52.0508087363104
581.0 52.2285574260752
582.0 52.4066041629264
583.0 52.58493323951998
584.0 52.76358668116001
585.0 52.942559971782394
586.0 53.12183596286239
587.0 53.30134356983041
588.0 53.48113292939679
589.0 53.6612601920848
590.0 53.84175502321439
591.0 54.02255942563839
592.0 54.2036604101552
593.0 54.385093134044816
594.0 54.566919937520005
595.0 54.74895610548957
596.0 54.93132049791043
597.0 55.11403138144003
598.0 55.2970064134192
599.0 55.48026865892
600.0 55.663830946388785
601.0 55.84771476267842
602.0 56.031866348086396
603.0 56.216285923204815
604.0 56.40109370877438
605.0 56.58621613546401
606.0 56.77163493575682
607.0 56.957373527483185
608.0 57.14339338907043
609.0 57.32975396772798
610.0 57.516438658177606
611.0 57.70349732906239
612.0 57.890849479668816
613.0 58.07837780677922
614.0 58.266235921651194
615.0 58.45438542035843
616.0 58.64273097340322
617.0 58.8313983586816
618.0 59.020337479643196
619.0 59.20962409734716
620.0 59.399158429558405
621.0 59.5889958876496
622.0 59.77912659196479
623.0 59.96960063855521
624.0 60.16037375243841
625.0 60.351471532648
626.0 60.542871865974405
627.0 60.734542501592
628.0 60.92654674502721
629.0 61.11880593255198
630.0 61.31137350760959
631.0 61.504190645614415
632.0 61.69727878804001
633.0 61.890680223316814
634.0 62.08436873947361
635.0 62.278336440499174
636.0 62.47257342566402
637.0 62.66719095553922
638.0 62.86209245726078
639.0 63.05729752413756
640.0 63.2527764231696
641.0 63.4485660666288
642.0 63.64464960840961
643.0 63.841121015521615
644.0 64.03788018590078
645.0 64.23499215416318
646.0 64.4323803424208
647.0 64.6301034712256
648.0 64.82806979418562
649.0 65.02635514424159
650.0 65.22490343389117
651.0 65.4238197955824
652.0 65.62304031707522
653.0 65.82262591992159
654.0 66.0224917016224
655.0 66.2226586064048
656.0 66.42315539585762
657.0 66.623946458632
658.0 66.8250075454672
659.0 67.02634862749281
660.0 67.22803463566719
661.0 67.42992016842081
662.0 67.6321009410832
663.0 67.83457166707201
664.0 68.0373036132848
665.0 68.2402835299392
666.0 68.4436597758192
667.0 68.6473244402624
668.0 68.85134138765758
669.0 69.05560003747837
670.0 69.26012543897441
671.0 69.46494665923039
672.0 69.6701076536416
673.0 69.87556531451837
674.0 70.0813888864496
675.0 70.28744450319041
676.0 70.4938625553296
677.0 70.7005244807696
678.0 70.90743554962879
679.0 71.11462514522398
680.0 71.3221097031088
681.0 71.52990963596962
682.0 71.73803978136962
683.0 71.94649135602397
684.0 72.15522544767838
685.0 72.3642883937296
686.0 72.57369949691042
687.0 72.78336942591999
688.0 72.993273451384
689.0 73.20352556845282
690.0 73.4141034127216
691.0 73.62499495225276
692.0 73.83626230289119
693.0 74.04785007986399
694.0 74.259729243208
695.0 74.4719455520208
696.0 74.68441059871842
697.0 74.897220518456
698.0 75.11029006732801
699.0 75.3236194061968
700.0 75.53719811377763
701.0 75.7510754413552
702.0 75.96529769986402
703.0 76.17980951317439
704.0 76.39462022575678
705.0 76.60978115836322
706.0 76.82522622983842
707.0 77.0409088577392
708.0 77.25686168820798
709.0 77.4731170705232
710.0 77.68966487534398
711.0 77.9064705089424
712.0 78.1236333437024
713.0 78.34108256386239
714.0 78.55880854390401
715.0 78.77680605766396
716.0 78.9951092982272
717.0 79.2137533103488
718.0 79.43268045044478
719.0 79.6519067071264
720.0 79.87145120622723
721.0 80.09126550103841
722.0 80.3113657490832
723.0 80.5318102503536
724.0 80.75250298064961
725.0 80.97361240373118
726.0 81.19503137360641
727.0 81.41678703699043
728.0 81.63884769010399
729.0 81.86117111344798
730.0 82.0837524801008
731.0 82.30675452474559
732.0 82.5300396215696
733.0 82.75359861662882
734.0 82.97748532212483
735.0 83.20166912270719
736.0 83.42617413855359
737.0 83.65096724302076
738.0 83.8761375185856
739.0 84.10147497251037
740.0 84.32714834312479
741.0 84.55307963172802
742.0 84.77936734299044
743.0 85.00598657954563
744.0 85.23288212731521
745.0 85.4601075894976
746.0 85.68759023591366
747.0 85.91539095629119
748.0 86.14339437149596
749.0 86.371745499224
750.0 86.60032465991522
751.0 86.82913848494562
752.0 87.0582990884848
753.0 87.2877161740592
754.0 87.5173674518144
755.0 87.74743805567037
756.0 87.97787520039839
757.0 88.20863098890564
758.0 88.43975271046243
759.0 88.67116933475359
760.0 88.90284690111523
761.0 89.13479300856321
762.0 89.36710585923197
763.0 89.59971295389279
764.0 89.83263647460642
765.0 90.06591487045439
766.0 90.29952233094721
767.0 90.53341680261443
768.0 90.76746106032797
769.0 91.00183872218084
770.0 91.23650719997121
771.0 91.47153662426241
772.0 91.7068740758864
773.0 91.94251481740962
774.0 92.1783798872512
775.0 92.41453388951682
776.0 92.65093658826724
777.0 92.88762680872802
778.0 93.12457868461601
779.0 93.36185810154721
780.0 93.59947520723043
781.0 93.83737260285916
782.0 94.07550943936644
783.0 94.31389209934238
784.0 94.55259536020802
785.0 94.7916303339136
786.0 95.03094090528481
787.0 95.2705871851328
788.0 95.5104984256864
789.0 95.75072638873279
790.0 95.99125691441279
791.0 96.23222574310881
792.0 96.47342780368959
793.0 96.71491114313122
794.0 96.95673351104956
795.0 97.19886713796959
796.0 97.44133306129602
797.0 97.6841053784912
798.0 97.92725608149598
799.0 98.17074633010557
800.0 98.4145469432048
801.0 98.65864185613601
802.0 98.90302600557281
803.0 99.14772220210557
804.0 99.39271975708962
805.0 99.63806247350082
806.0 99.88368970702881
807.0 100.12957510610397
808.0 100.37581964685765
809.0 100.622383798784
810.0 100.86922744738084
811.0 101.11634633628637
812.0 101.36385411585279
813.0 101.61164267605439
814.0 101.8596627306528
815.0 102.107994948512
816.0 102.35655373144317
817.0 102.6054768929024
818.0 102.85465511896477
819.0 103.10418009107677
820.0 103.35395437380483
821.0 103.60409398486722
822.0 103.85451883410721
823.0 104.10521329169924
824.0 104.3562449931984
825.0 104.60761303526085
826.0 104.8592495393312
827.0 105.11121281173442
828.0 105.36345514825764
829.0 105.61603021442723
830.0 105.86873767139687
831.0 106.12172743867359
832.0 106.37499965343996
833.0 106.6285333530304
834.0 106.8823585977648
835.0 107.1365160262256
836.0 107.39101498160161
837.0 107.64584371073923
838.0 107.90098248795682
839.0 108.15648373021756
840.0 108.41224230163519
841.0 108.66834798536642
842.0 108.92470142237603
843.0 109.181395378472
844.0 109.43839687614084
845.0 109.69564605328478
846.0 109.9532519963952
847.0 110.21113284783362
848.0 110.46926008876639
849.0 110.7275784692032
850.0 110.98626143201443
851.0 111.24513032889122
852.0 111.50432602799201
853.0 111.7638532581312
854.0 112.02368422654885
855.0 112.28383643336481
856.0 112.54424644916958
857.0 112.80494881281285
858.0 113.06597338753122
859.0 113.32732559050075
860.0 113.58898020960635
861.0 113.85096481619681
862.0 114.11326010011359
863.0 114.3758360687536
864.0 114.6387164588976
865.0 114.90180568379041
866.0 115.16517267672637
867.0 115.4289449025488
868.0 115.69308279236797
869.0 115.95750979888797
870.0 116.222216654312
871.0 116.48725479075681
872.0 116.75253161389762
873.0 117.01818049909437
874.0 117.28411017295043
875.0 117.55036675028319
876.0 117.81699792687682
877.0 118.08392520821124
878.0 118.3511344089936
879.0 118.61862156714396
880.0 118.8864300582544
881.0 119.15449172742721
882.0 119.42288147231201
883.0 119.691637490128
884.0 119.96066409144001
885.0 120.23002337252319
886.0 120.49959298407202
887.0 120.76936993737915
888.0 121.03952953890237
889.0 121.3099273249408
890.0 121.58063424145439
891.0 121.8515966163936
892.0 122.12285408007202
893.0 122.39436540030404
894.0 122.6662313952176
895.0 122.93848184036001
896.0 123.21095713130242
897.0 123.48379976021606
898.0 123.75694987237121
899.0 124.03040748818403
900.0 124.30424617511362
901.0 124.57834302242404
902.0 124.85263690439038
903.0 125.12732977011997
904.0 125.40217525617591
905.0 125.67736842773438
906.0 125.95288157350879
907.0 126.2286451660736
908.0 126.5046909042816
909.0 126.78105964939678
910.0 127.05770669471038
911.0 127.3346994981808
912.0 127.61196554688959
913.0 127.88954091051039
914.0 128.16743984419844
915.0 128.44566764680798
916.0 128.7241979845664
917.0 129.00303190125757
918.0 129.28218371280633
919.0 129.56158633670714
920.0 129.84127754437606
921.0 130.12127353711196
922.0 130.4016217712656
923.0 130.68233939805606
924.0 130.96327655407362
925.0 131.2444852067024
926.0 131.52602242386084
927.0 131.80792002967038
928.0 132.09013530301283
929.0 132.37258647351518
930.0 132.65530528871352
931.0 132.9383434123519
932.0 133.22176888971043
933.0 133.50552611122086
934.0 133.78954769729597
935.0 134.0739654174208
936.0 134.35857556963524
937.0 134.64357523535037
938.0 134.92890234634078
939.0 135.21453743018242
940.0 135.50052919219996
941.0 135.78677660809439
942.0 136.07331275814232
943.0 136.360140923216
944.0 136.64733410704798
945.0 136.9347966733616
946.0 137.22249203907197
947.0 137.510429560528
948.0 137.79872685889117
949.0 138.08731176482237
950.0 138.376202640968
951.0 138.6654105526864
952.0 138.954904344272
953.0 139.24469271499206
954.0 139.53471215046403
955.0 139.82504123324804
956.0 140.11569597072003
957.0 140.40662349375998
958.0 140.69775658347191
959.0 140.98920606542407
960.0 141.28098110887998
961.0 141.5730373085119
962.0 141.86542195091192
963.0 142.15803432225607
964.0 142.45103850998407
965.0 142.74434536672
966.0 143.03801869475197
967.0 143.331992033776
968.0 143.62616234625597
969.0 143.920722514224
970.0 144.21562536459197
971.0 144.5107740217921
972.0 144.80620087203206
973.0 145.10187806633596
974.0 145.39787395278395
975.0 145.69417689872003
976.0 145.99073999249603
977.0 146.28754931872004
978.0 146.58482197881602
979.0 146.8824035531521
980.0 147.18025994753606
981.0 147.478372464512
982.0 147.776816252384
983.0 148.07555692297598
984.0 148.37462023195204
985.0 148.673965971472
986.0 148.97365543891198
987.0 149.27364998675202
988.0 149.57395727052796
989.0 149.87455447716803
990.0 150.17533783336006
991.0 150.47652376497598
992.0 150.77802445798397
993.0 151.079828626944
994.0 151.38192726264006
995.0 151.68424706524797
996.0 151.9868774136
997.0 152.28987475270407
998.0 152.59323040124795
999.0 152.89686424152003
1000.0 153.20076900388798
1001.0 153.50491206159995
1002.0 153.80933683884797
1003.0 154.1140003108961
1004.0 154.419034383312
1005.0 154.724392382992
1006.0 155.030043799616
1007.0 155.33600946707196
1008.0 155.642257415536
1009.0 155.948801056144
1010.0 156.25574996764792
1011.0 156.56296755350402
1012.0 156.87044903398402
1013.0 157.17832352934397
1014.0 157.48658252105596
1015.0 157.795264276848
1016.0 158.10424586758398
1017.0 158.41350558924805
1018.0 158.723045568752
1019.0 159.03291409900797
1020.0 159.34303088635193
1021.0 159.65356279209598
1022.0 159.96446304672003
1023.0 160.27574537494402
1024.0 160.58723718464003
1025.0 160.898915563984
1026.0 161.21093088828792
1027.0 161.523143143776
1028.0 161.83557086265597
1029.0 162.148327584752
1030.0 162.46142308049593
1031.0 162.774716542752
1032.0 163.08820379225602
1033.0 163.40204955104
1034.0 163.71622055808004
1035.0 164.03083823483203
1036.0 164.345690541504
1037.0 164.66081303728004
1038.0 164.97633045988806
1039.0 165.2921131607199
1040.0 165.60811118030398
1041.0 165.92445623032003
1042.0 166.24113920804803
1043.0 166.55816240158396
1044.0 166.87548719692796
1045.0 167.19311444857587
1046.0 167.51093604015998
1047.0 167.82918085081604
1048.0 168.14774920761602
1049.0 168.46661982943996
1050.0 168.78562730168
1051.0 169.10500337958405
1052.0 169.42474705011202
1053.0 169.74477977920003
1054.0 170.065133142656
1055.0 170.38575575272003
1056.0 170.70656075278401
1057.0 171.02765688182402
1058.0 171.349090737008
1059.0 171.670892838016
1060.0 171.9929757552641
1061.0 172.315433889424
1062.0 172.63818072313603
1063.0 172.96132615855996
1064.0 173.28471650203198
1065.0 173.608426652768
1066.0 173.93232544424004
1067.0 174.25654955839997
1068.0 174.58104611953598
1069.0 174.905858382688
1070.0 175.230973913232
1071.0 175.556375260176
1072.0 175.882172466176
1073.0 176.20823045289598
1074.0 176.53462215988807
1075.0 176.86129299737607
1076.0 177.18828711363196
1077.0 177.515615724208
1078.0 177.84327468337597
1079.0 178.171195816512
1080.0 178.49957713843202
1081.0 178.82820846353604
1082.0 179.15717158070404
1083.0 179.4863852736
1084.0 179.81588101780798
1085.0 180.14562438252798
1086.0 180.47566639788798
1087.0 180.80600535983996
1088.0 181.13659110502402
1089.0 181.467504597456
1090.0 181.79862096611203
1091.0 182.130030630592
1092.0 182.46165113708804
1093.0 182.79363216864004
1094.0 183.12592961595197
1095.0 183.45848664355205
1096.0 183.79135752699207
1097.0 184.12450120643206
1098.0 184.45801217862405
1099.0 184.791694912784
1100.0 185.12568904246407
1101.0 185.45998221531192
1102.0 185.79467252875202
1103.0 186.12977672763205
1104.0 186.46522354280006
1105.0 186.80099602180798
1106.0 187.13712889115203
1107.0 187.47347943004803
1108.0 187.81004635345604
1109.0 188.14703131672
1110.0 188.48417258416004
1111.0 188.82163203060807
1112.0 189.159555666224
1113.0 189.49769404923194
1114.0 189.83608033702401
1115.0 190.17471997136005
1116.0 190.51350943001606
1117.0 190.852766949072
1118.0 191.19228050131196
1119.0 191.532073255328
1120.0 191.87225951684803
1121.0 192.21283772083206
1122.0 192.55365580100806
1123.0 192.89472306012794
1124.0 193.23611502012804
1125.0 193.57770277800003
1126.0 193.919734601456
1127.0 194.26205453820802
1128.0 194.604692949568
1129.0 194.94774924235205
1130.0 195.29109679470395
1131.0 195.63476106545596
1132.0 195.9786923387521
1133.0 196.32288123641604
1134.0 196.667473591728
1135.0 197.01237694249596
1136.0 197.35766128694397
1137.0 197.70324643876796
1138.0 198.04911964576002
1139.0 198.39533397927997
1140.0 198.741785908064
1141.0 199.08851308328
1142.0 199.435529265056
1143.0 199.78286247016004
1144.0 200.130365251184
1145.0 200.47809168264
1146.0 200.82618567144
1147.0 201.17445838339205
1148.0 201.52308047804792
1149.0 201.87198525091196
1150.0 202.2212522012481
1151.0 202.57088537748805
1152.0 202.9209768394239
1153.0 203.27126649428797
1154.0 203.621942036368
1155.0 203.972937702464
1156.0 204.324387477936
1157.0 204.67612716073603
1158.0 205.02814685796812
1159.0 205.38047509681604
1160.0 205.733046710416
1161.0 206.08587020577593
1162.0 206.43907938611204
1163.0 206.792617401824
1164.0 207.1463773097599
1165.0 207.50049652406398
1166.0 207.85490157158398
1167.0 208.20967963007996
1168.0 208.564782695824
1169.0 208.9202156816481
1170.0 209.27589807347204
1171.0 209.63201099044795
1172.0 209.98839524825593
1173.0 210.3450626424479
1174.0 210.70204500399996
1175.0 211.05926667404796
1176.0 211.41679208209598
1177.0 211.77456477377604
1178.0 212.13265679616006
1179.0 212.490933390288
1180.0 212.84959033009596
1181.0 213.20846797536007
1182.0 213.56756572412806
1183.0 213.92706840934403
1184.0 214.2867908445441
1185.0 214.64701833769604
1186.0 215.007436604752
1187.0 215.36813608718404
1188.0 215.72916068168
1189.0 216.09042776766393
1190.0 216.451968779552
1191.0 216.81387782155193
1192.0 217.176176250512
1193.0 217.53881674889595
1194.0 217.901781308496
1195.0 218.265004390384
1196.0 218.62854124675204
1197.0 218.99238937078408
1198.0 219.35663003142403
1199.0 219.72104998281603
1200.0 220.08569788907207
1201.0 220.450657752928
1202.0 220.81597254868802
1203.0 221.1816406727199
1204.0 221.54770660145596
1205.0 221.914079881312
1206.0 222.2807867847999
1207.0 222.6477770444319
1208.0 223.01508460060805
1209.0 223.38263063569607
1210.0 223.750451369088
1211.0 224.11864277758406
1212.0 224.487029756112
1213.0 224.85576435427205
1214.0 225.22485983081592
1215.0 225.59420225939198
1216.0 225.96389737716805
1217.0 226.33393926716798
1218.0 226.70420226576
1219.0 227.07481981011196
1220.0 227.44571983057608
1221.0 227.816958755376
1222.0 228.18842733228797
1223.0 228.56026217635196
1224.0 228.93245184409602
1225.0 229.30509272769595
1226.0 229.67799461059204
1227.0 230.05131147432002
1228.0 230.42492414430407
1229.0 230.79890700220804
1230.0 231.17313096571198
1231.0 231.547620104784
1232.0 231.92242820475207
1233.0 232.297578612128
1234.0 232.6730488317281
1235.0 233.04871235128007
1236.0 233.42459420747196
1237.0 233.80079392028784
1238.0 234.1772521830081
1239.0 234.55409453996816
1240.0 234.93132110619203
1241.0 235.30897221158403
1242.0 235.68692299990394
1243.0 236.06523794950402
1244.0 236.44383820460794
1245.0 236.822676360688
1246.0 237.20191781184013
1247.0 237.58149463196804
1248.0 237.96142028737594
1249.0 238.341583662048
1250.0 238.72199980985602
1251.0 239.10288120897607
1252.0 239.48398321619192
1253.0 239.86543840126404
1254.0 240.247212746688
1255.0 240.62925245753604
1256.0 241.01163329283196
1257.0 241.39422148532805
1258.0 241.77714786672004
1259.0 242.1603889382399
1260.0 242.54387567799995
1261.0 242.92756852067205
1262.0 243.3116131443679
1263.0 243.69602164009603
1264.0 244.0807624119521
1265.0 244.46592012267192
1266.0 244.85131100998396
1267.0 245.23700918712007
1268.0 245.62303018144
1269.0 246.00930315358406
1270.0 246.395851451072
1271.0 246.782616475152
1272.0 247.16968272444802
1273.0 247.55703029689613
1274.0 247.9446509045121
1275.0 248.33260072587208
1276.0 248.72085577726403
1277.0 249.10932509091202
1278.0 249.49809432326396
1279.0 249.88716705979195
1280.0 250.27657866068802
1281.0 250.66631371190397
1282.0 251.05635971307203
1283.0 251.4466357761441
1284.0 251.837231770928
1285.0 252.22801753248
1286.0 252.61913561788788
1287.0 253.01056525014397
1288.0 253.4024801110721
1289.0 253.79450457942403
1290.0 254.18683413910406
1291.0 254.579553342736
1292.0 254.97246582019199
1293.0 255.365754930464
1294.0 255.75935503367995
1295.0 256.15319300292794
1296.0 256.54732273456
1297.0 256.941774653376
1298.0 257.33652666590405
1299.0 257.73154066964787
1300.0 258.1268959081601
1301.0 258.52272252846393
1302.0 258.91878324134404
1303.0 259.31522986144
1304.0 259.711882122816
1305.0 260.10885468443206
1306.0 260.506198740528
1307.0 260.903907613712
1308.0 261.30188994815995
1309.0 261.70020991924804
1310.0 262.0988448544479
1311.0 262.49768965737593
1312.0 262.8970148540799
1313.0 263.29655772798395
1314.0 263.69640409699207
1315.0 264.09641407192
1316.0 264.49667254995194
1317.0 264.897186641504
1318.0 265.298010170848
1319.0 265.69905952545594
1320.0 266.10040596857596
1321.0 266.50210155622403
1322.0 266.9039594248321
1323.0 267.30621992793584
1324.0 267.708794513904
1325.0 268.11178930081604
1326.0 268.51517481513605
1327.0 268.91890464158394
1328.0 269.3228646312
1329.0 269.7272504298881
1330.0 270.1318501936159
1331.0 270.53675945480006
1332.0 270.9420584094561
1333.0 271.3477169862721
1334.0 271.7536600590881
1335.0 272.1598851201919
1336.0 272.56637120704
1337.0 272.973145652448
1338.0 273.38029606863995
1339.0 273.787782633184
1340.0 274.1955375887521
1341.0 274.60358995142406
1342.0 275.011917254032
1343.0 275.4207307395839
1344.0 275.82981598342406
1345.0 276.239222088
1346.0 276.64894588263996
1347.0 277.0589027111521
1348.0 277.4691517091521
1349.0 277.87968475544005
1350.0 278.29056621214414
1351.0 278.70174308592004
1352.0 279.11321042531205
1353.0 279.52494435827197
1354.0 279.936835147408
1355.0 280.34896466414403
1356.0 280.761290617664
1357.0 281.17392258905613
1358.0 281.58699765548806
1359.0 282.00043818904
1360.0 282.414154253088
1361.0 282.828212148768
1362.0 283.24275563238393
1363.0 283.65758156817594
1364.0 284.07257124263987
1365.0 284.487817332304
1366.0 284.9032068621121
1367.0 285.31887623598413
1368.0 285.7347549695998
1369.0 286.150941559472
1370.0 286.5674843102401
1371.0 286.984230084768
1372.0 287.40134850036804
1373.0 287.818844618672
1374.0 288.2366629538559
1375.0 288.6547743037759
1376.0 289.0731993999359
1377.0 289.4918303813441
1378.0 289.9107096419679
1379.0 290.3298881823039
1380.0 290.749519626896
1381.0 291.16936234731213
1382.0 291.58950757601593
1383.0 292.0099167757441
1384.0 292.43061634779195
1385.0 292.8516270040319
1386.0 293.27293218350394
1387.0 293.69455376227205
1388.0 294.11651287807996
1389.0 294.53880481368
1390.0 294.96141097623996
1391.0 295.38424839395213
1392.0 295.8073658478719
1393.0 296.23070625035206
1394.0 296.65423748603195
1395.0 297.07813945358396
1396.0 297.5022885053439
1397.0 297.9268626099681
1398.0 298.3517754117599
1399.0 298.77685704768004
1400.0 299.2023517796959
1401.0 299.628381254384
1402.0 300.05468430428783
1403.0 300.4812217087039
1404.0 300.9079941523521
1405.0 301.33512643689596
1406.0 301.7626208523841
1407.0 302.19039502419207
1408.0 302.61828045211195
1409.0 303.046551791856
1410.0 303.4751594993601
1411.0 303.9040555712319
1412.0 304.333341844624
1413.0 304.7627912466081
1414.0 305.192441674096
1415.0 305.622403838704
1416.0 306.0526725007359
1417.0 306.483240023488
1418.0 306.9142089013281
1419.0 307.34550650158405
1420.0 307.7772018678879
1421.0 308.2091921292
1422.0 308.641527389888
1423.0 309.07422591984005
1424.0 309.507291760416
1425.0 309.940605752144
1426.0 310.37410121081604
1427.0 310.80782067620794
1428.0 311.241883004208
1429.0 311.67623317896005
1430.0 312.11079996486393
1431.0 312.54550237518396
1432.0 312.98047851952
1433.0 313.41579133172814
1434.0 313.8514800052001
1435.0 314.28747594361596
1436.0 314.7238794604
1437.0 315.16066458529605
1438.0 315.597834790112
1439.0 316.03526458353605
1440.0 316.4730201683522
1441.0 316.91115687916783
1442.0 317.349628163648
1443.0 317.788409295984
1444.0 318.2274626939201
1445.0 318.6666688006721
1446.0 319.1061005376961
1447.0 319.5456817445441
1448.0 319.98570339720004
1449.0 320.42607127827216
1450.0 320.86670445750394
1451.0 321.30786000496005
1452.0 321.7492301324802
1453.0 322.190855810784
1454.0 322.63275982848
1455.0 323.07501320763197
1456.0 323.51773639171194
1457.0 323.96067619187215
1458.0 324.40397156868806
1459.0 324.84764001897594
1460.0 325.2917059592159
1461.0 325.73620986360015
1462.0 326.18102424432
1463.0 326.62615797566394
1464.0 327.0714754779361
1465.0 327.51709288976
1466.0 327.96292275819195
1467.0 328.4090169374721
1468.0 328.85544512995193
1469.0 329.30220505272
1470.0 329.74920007535985
1471.0 330.196333600496
1472.0 330.64383274596804
1473.0 331.0917107956799
1474.0 331.54003075804786
1475.0 331.9886314475841
1476.0 332.43757514383987
1477.0 332.88674758470415
1478.0 333.3362379827199
1479.0 333.78601792968
1480.0 334.236016287408
1481.0 334.686497819904
1482.0 335.1373760756
1483.0 335.58861643751993
1484.0 336.040127324368
1485.0 336.49201452929617
1486.0 336.94428026476794
1487.0 337.3968716763842
1488.0 337.849942275424
1489.0 338.30299853320014
1490.0 338.7562716989761
1491.0 339.2097186156799
1492.0 339.66349057899197
1493.0 340.1175839072801
1494.0 340.57197959271986
1495.0 341.02654559992004
1496.0 341.48144957235195
1497.0 341.93663150843196
1498.0 342.39232008046406
1499.0 342.8481911113598
1500.0 343.3042917280319
1501.0 343.760764051456
1502.0 344.217424549952
1503.0 344.6741713428159
1504.0 345.13114038252786
1505.0 345.5885670250559
1506.0 346.0463341250082
1507.0 346.504482397536
1508.0 346.962995015856
1509.0 347.42196182304
1510.0 347.88123085937593
1511.0 348.34087922982405
1512.0 348.800757184816
1513.0 349.260891402576
1514.0 349.72128874316803
1515.0 350.181988817504
1516.0 350.6430341356801
1517.0 351.10464367167987
1518.0 351.5665643662558
1519.0 352.0289219852799
1520.0 352.49136590384
1521.0 352.9541167257281
1522.0 353.41725588356803
1523.0 353.88063172904003
1524.0 354.3443151729281
1525.0 354.80850673540806
1526.0 355.27299261361594
1527.0 355.73770907987193
1528.0 356.202733471072
1529.0 356.66806542131195
1530.0 357.13354445408004
1531.0 357.599412713776
1532.0 358.06562582039993
1533.0 358.532251587632
1534.0 358.999050352864
1535.0 359.46637451806396
1536.0 359.9340524316319
1537.0 360.40211756625604
1538.0 360.870332369008
1539.0 361.338766129376
1540.0 361.80747694188784
1541.0 362.27658858264004
1542.0 362.746042112592
1543.0 363.21591720355207
1544.0 363.68606744908806
1545.0 364.15664445211195
1546.0 364.6274380513121
1547.0 365.0984136388479
1548.0 365.569636282272
1549.0 366.0411683662561
1550.0 366.5130033119681
1551.0 366.98517280228805
1552.0 367.457795781552
1553.0 367.930802566976
1554.0 368.40412121553595
1555.0 368.87765617855996
1556.0 369.3514525158079
1557.0 369.82545047912
1558.0 370.2997344668639
1559.0 370.77441098332815
1560.0 371.24939342497595
1561.0 371.72465523446397
1562.0 372.200143086272
1563.0 372.675979416112
1564.0 373.15201712623997
1565.0 373.6285253661601
1566.0 374.1053586990721
1567.0 374.5825978545919
1568.0 375.060038689904
1569.0 375.53754656528
1570.0 376.0155922039521
1571.0 376.49370274184
1572.0 376.972045476624
1573.0 377.450609396096
1574.0 377.92955598696005
1575.0 378.40877256963205
1576.0 378.88823148079996
1577.0 379.3682395749441
1578.0 379.84845596239995
1579.0 380.3289747647039
1580.0 380.80995043264
1581.0 381.29138354104003
1582.0 381.7730735646561
1583.0 382.25511710368016
1584.0 382.7377092921761
1585.0 383.220743064512
1586.0 383.70386780169605
1587.0 384.187225503936
1588.0 384.6707326571359
1589.0 385.15455903283197
1590.0 385.63869612171226
1591.0 386.12314680940784
1592.0 386.60798780640005
1593.0 387.0930909248001
1594.0 387.5786099771518
1595.0 388.0644131338241
1596.0 388.550642398592
1597.0 389.0370538206399
1598.0 389.5236058547199
1599.0 390.01048643572796
1600.0 390.49765674262403
1601.0 390.98514416156803
1602.0 391.47282266855984
1603.0 391.96087303999997
1604.0 392.44920290164794
1605.0 392.9379378419999
1606.0 393.426851375184
1607.0 393.91615359040003
1608.0 394.40563449686385
1609.0 394.89548156404794
1610.0 395.38560467076815
1611.0 395.87594674796804
1612.0 396.366553853312
1613.0 396.85743406702403
1614.0 397.34879685643205
1615.0 397.84025508816
1616.0 398.332119274624
1617.0 398.824200924224
1618.0 399.31659468272
1619.0 399.8093600286559
1620.0 400.302557551168
1621.0 400.796154197728
1622.0 401.290016604912
1623.0 401.78412584544003
1624.0 402.27847193792
1625.0 402.77298594444784
1626.0 403.2680817720159
1627.0 403.76345602524805
1628.0 404.25911808764806
1629.0 404.75517654984003
1630.0 405.25162987960005
1631.0 405.7485819424641
1632.0 406.245801834976
1633.0 406.74334991483204
1634.0 407.241218797728
1635.0 407.73955807510396
1636.0 408.238087086768
1637.0 408.7370224974079
1638.0 409.2363459247841
1639.0 409.7359327370239
1640.0 410.2357690860801
1641.0 410.73593796302396
1642.0 411.236216274256
1643.0 411.7370035339201
1644.0 412.23793669198403
1645.0 412.7392503788639
1646.0 413.24083237761596
1647.0 413.7427623532641
1648.0 414.2451600978401
1649.0 414.7478402256319
1650.0 415.25070383260817
1651.0 415.75360155815997
1652.0 416.25658817695995
1653.0 416.7598930608161
1654.0 417.263458450544
1655.0 417.7672077505279
1656.0 418.2712899892159
1657.0 418.7756440720482
1658.0 419.28038391931193
1659.0 419.78547916444813
1660.0 420.2908504181599
1661.0 420.7965866683039
1662.0 421.3027837340959
1663.0 421.80924279478404
1664.0 422.3159566025758
1665.0 422.82309276201613
1666.0 423.33037255971186
1667.0 423.837967240368
1668.0 424.3457161237919
1669.0 424.8538117395039
1670.0 425.3621043585281
1671.0 425.87079913462384
1672.0 426.37997756571184
1673.0 426.8895450567681
1674.0 427.399439753936
1675.0 427.9094253048482
1676.0 428.41967629326393
1677.0 428.930154372368
1678.0 429.4408019424799
1679.0 429.95172802340795
1680.0 430.4628620521762
1681.0 430.97460767516816
1682.0 431.4867916696959
1683.0 431.99948446630395
1684.0 432.5124803687039
1685.0 433.0257453531361
1686.0 433.53933936249615
1687.0 434.053133519856
1688.0 434.56725682505584
1689.0 435.08149970876804
1690.0 435.5961755548322
1691.0 436.11139144561605
1692.0 436.6269312950079
1693.0 437.1428580130082
1694.0 437.6591084059681
1695.0 438.17557072771206
1696.0 438.692352279872
1697.0 439.20934003409593
1698.0 439.72663684070403
1699.0 440.2443579890881
1700.0 440.76222868024007
1701.0 441.2803169070239
1702.0 441.798600028304
1703.0 442.31710470492783
1704.0 442.835896450288
1705.0 443.3549809333279
1706.0 443.87448933766393
1707.0 444.39404143195196
1708.0 444.913643722304
1709.0 445.4336710431039
1710.0 445.9539293795998
1711.0 446.474563083648
1712.0 446.9957170568322
1713.0 447.5173228117598
1714.0 448.03946068099197
1715.0 448.561899717712
1716.0 449.08475934811185
1717.0 449.60798461745605
1718.0 450.1314437370878
1719.0 450.65519922291213
1720.0 451.1795370968798
1721.0 451.7041625756959
1722.0 452.229142392192
1723.0 452.7543711771842
1724.0 453.2798474328159
1725.0 453.80560451617583
1726.0 454.331598677696
1727.0 454.857805871968
1728.0 455.38435171443217
1729.0 455.91127001350395
1730.0 456.43865158342385
1731.0 456.96620338558404
1732.0 457.49404745886403
1733.0 458.02223166680005
1734.0 458.55056701528
1735.0 459.0793079810401
1736.0 459.60826342118423
1737.0 460.1374404627521
1738.0 460.66692111291206
1739.0 461.1966841697278
1740.0 461.7266047077278
1741.0 462.2569856356639
1742.0 462.7877860099041
1743.0 463.318935320464
1744.0 463.85039065560005
1745.0 464.38204906579205
1746.0 464.9140107161279
1747.0 465.44617259238413
1748.0 465.97887911756806
1749.0 466.5119651286242
1750.0 467.0455554238562
1751.0 467.57946518752
1752.0 468.1138426023199
1753.0 468.64866412678384
1754.0 469.18376856779213
1755.0 469.71903273609587
1756.0 470.25447739761603
1757.0 470.79019326363203
1758.0 471.3260139808318
1759.0 471.8620970971521
1760.0 472.39840836999986
1761.0 472.9350454658879
1762.0 473.4721274244479
1763.0 474.00936626024014
1764.0 474.54691265315194
1765.0 475.08478895526406
1766.0 475.62300995475186
1767.0 476.1615136364318
1768.0 476.70035394632004
1769.0 477.23959003067205
1770.0 477.7792607444479
1771.0 478.3192084762557
1772.0 478.85938372755174
1773.0 479.39982877256
1774.0 479.9403776325441
1775.0 480.48114603235206
1776.0 481.0221709537761
1777.0 481.56359562398393
1778.0 482.10538779566406
1779.0 482.6473406407681
1780.0 483.18945925481614
1781.0 483.7320934429279
1782.0 484.2749884549121
1783.0 484.8182888116321
1784.0 485.36177406502384
1785.0 485.90583858707197
1786.0 486.45035822785593
1787.0 486.99532412427186
1788.0 487.5405202820319
1789.0 488.0861119871198
1790.0 488.63192250096
1791.0 489.178066796
1792.0 489.7243939348321
1793.0 490.27097631964796
1794.0 490.8178558434882
1795.0 491.3649793564159
1796.0 491.91230719104
1797.0 492.4598236226241
1798.0 493.0077182943842
1799.0 493.55578935504
1800.0 494.10432600396797
1801.0 494.65310178592006
1802.0 495.2021174824962
1803.0 495.75130070673583
1804.0 496.30064370684806
1805.0 496.85039903156814
1806.0 497.40042468969614
1807.0 497.95074104243196
1808.0 498.50142070112025
1809.0 499.0523684817763
1810.0 499.6035175333601
1811.0 500.1549572528
1812.0 500.7068065874881
1813.0 501.25882519871993
1814.0 501.81115698702416
1815.0 502.363847902368
1816.0 502.9169743227679
1817.0 503.47045559510406
1818.0 504.0243261994398
1819.0 504.5783216164638
1820.0 505.1328229269278
1821.0 505.6874208636641
1822.0 506.24249777366396
1823.0 506.797773254208
1824.0 507.35372222819217
1825.0 507.9099805158241
1826.0 508.4667512476959
1827.0 509.0237045100641
1828.0 509.5808704016481
1829.0 510.13821166120005
1830.0 510.69587413372784
1831.0 511.25394703292807
1832.0 511.812489296432
1833.0 512.3711602353757
1834.0 512.9301436275679
1835.0 513.489404871952
1836.0 514.048977434144
1837.0 514.6088870319361
1838.0 515.1689768923361
1839.0 515.7293979414883
1840.0 516.2902062969921
1841.0 516.8512575610557
1842.0 517.412531777104
1843.0 517.974183324448
1844.0 518.5361426136961
1845.0 519.098473818496
1846.0 519.6612255111361
1847.0 520.224027200528
1848.0 520.7869877727203
1849.0 521.3502649543681
1850.0 521.9139417281282
1851.0 522.478069249664
1852.0 523.0424537454721
1853.0 523.607047098208
1854.0 524.1720733545602
1855.0 524.7374623812
1856.0 525.3031707856638
1857.0 525.8692258417761
1858.0 526.4355689503043
1859.0 527.002220778272
1860.0 527.56920073984
1861.0 528.136166812
1862.0 528.7035804230882
1863.0 529.2712912645604
1864.0 529.8391849244
1865.0 530.4073736235359
1866.0 530.9755628099041
1867.0 531.5439684082719
1868.0 532.1126926853923
1869.0 532.6819214754721
1870.0 533.251322316976
1871.0 533.8209479819839
1872.0 534.3908987519519
1873.0 534.9611710672319
1874.0 535.5318104661761
1875.0 536.1027992272482
1876.0 536.6741707548316
1877.0 537.2457983686081
1878.0 537.8179276352959
1879.0 538.390324995568
1880.0 538.9628980503999
1881.0 539.535863167328
1882.0 540.109084408448
1883.0 540.6826847121602
1884.0 541.256770921696
1885.0 541.8313249776002
1886.0 542.406315446016
1887.0 542.9814597693437
1888.0 543.5569272054561
1889.0 544.1329827918081
1890.0 544.7092661022078
1891.0 545.2859780560641
1892.0 545.8627316286883
1893.0 546.439931554288
1894.0 547.0173314067199
1895.0 547.5950028954239
1896.0 548.1731232194878
1897.0 548.7514678007519
1898.0 549.3299445244479
1899.0 549.9089052718402
1900.0 550.4882546587039
1901.0 551.0680077572158
1902.0 551.6480412654402
1903.0 552.22845122184
1904.0 552.8092565812641
1905.0 553.3901101245121
1906.0 553.9713146406241
1907.0 554.552761736864
1908.0 555.1344402469442
1909.0 555.7164629302719
1910.0 556.2988888864003
1911.0 556.8814289018878
1912.0 557.464047630672
1913.0 558.0467094816158
1914.0 558.6297111165437
1915.0 559.213099109456
1916.0 559.7967379607201
1917.0 560.3806566502241
1918.0 560.9650144997763
1919.0 561.5496561012637
1920.0 562.134651059136
1921.0 562.7199396988481
1922.0 563.3054359792641
1923.0 563.8911218804
1924.0 564.4771441841119
1925.0 565.063545014784
1926.0 565.650162063184
1927.0 566.237206910352
1928.0 566.824521962896
1929.0 567.4121280721758
1930.0 567.999990846336
1931.0 568.5882481092001
1932.0 569.1769144448319
1933.0 569.7659732396642
1934.0 570.3554535554078
1935.0 570.9452107076959
1936.0 571.535318017408
1937.0 572.1257769244964
1938.0 572.7164741310879
1939.0 573.3073465158559
1940.0 573.898621569232
1941.0 574.4901434595361
1942.0 575.0819356699042
1943.0 575.6740049401924
1944.0 576.2665999398881
1945.0 576.8594071564479
1946.0 577.4525637835201
1947.0 578.046047808496
1948.0 578.6398020432318
1949.0 579.2337349375999
1950.0 579.828041068912
1951.0 580.4225870078881
1952.0 581.0175415828481
1953.0 581.612852387024
1954.0 582.20840010648
1955.0 582.8044397086721
1956.0 583.4009735903999
1957.0 583.9977946293118
1958.0 584.5949221652959
1959.0 585.192429409984
1960.0 585.790227010336
1961.0 586.3885793844639
1962.0 586.9871082892641
1963.0 587.5858575782883
1964.0 588.185135552592
1965.0 588.7844701033121
1966.0 589.3839467433761
1967.0 589.983594072336
1968.0 590.5834358686562
1969.0 591.1834265555042
1970.0 591.7841373542719
1971.0 592.3851875648321
1972.0 592.9864000674722
1973.0 593.58791434368
1974.0 594.1897620702721
1975.0 594.7920063220797
1976.0 595.394639724448
1977.0 595.9974092319519
1978.0 596.6004241371842
1979.0 597.2036671922883
1980.0 597.8072152173438
1981.0 598.4109416119043
1982.0 599.0151012803681
1983.0 599.619435240464
1984.0 600.224043061248
1985.0 600.8290453615999
1986.0 601.4344208776962
1987.0 602.0400723483201
1988.0 602.6461095135999
1989.0 603.2523551710237
1990.0 603.8588586257599
1991.0 604.4658286852
1992.0 605.0731968098399
1993.0 605.6808177430082
1994.0 606.2888254086721
1995.0 606.89724559704
1996.0 607.5055286987999
1997.0 608.1140949415842
1998.0 608.7230102419361
1999.0 609.332299246784
2000.0 609.9418771974719
2001.0 610.5517985183203
2002.0 611.1619215833758
2003.0 611.7722562137759
2004.0 612.382740629904
2005.0 612.9936938431199
2006.0 613.6051463507521
2007.0 614.2167880641761
2008.0 614.8289316647362
2009.0 615.441110313536
2010.0 616.053355597264
2011.0 616.6659311155358
2012.0 617.2785340329762
2013.0 617.8917506945602
2014.0 618.5052479318402
2015.0 619.1192331526081
2016.0 619.7336213964638
2017.0 620.348348356736
2018.0 620.9632876435678
2019.0 621.5785959341437
2020.0 622.1943141588803
2021.0 622.8101425835363
2022.0 623.426431493056
2023.0 624.0431261059841
2024.0 624.6600049877441
2025.0 625.27709150416
2026.0 625.8944141015998
2027.0 626.5119580270398
2028.0 627.1299484460482
2029.0 627.7483089776639
2030.0 628.3670911351679
2031.0 628.9861820347041
2032.0 629.6055908134558
2033.0 630.2252792749758
2034.0 630.8451171997922
2035.0 631.465033269072
2036.0 632.0852024568801
2037.0 632.705910255824
2038.0 633.3268236193761
2039.0 633.9481603152478
2040.0 634.5701185734721
2041.0 635.1923110020002
2042.0 635.8148652955359
2043.0 636.4373545745278
2044.0 637.0600428550719
2045.0 637.6830231822879
2046.0 638.3062761676639
2047.0 638.9297145808957
2048.0 639.553673937552
2049.0 640.1780393400479
2050.0 640.802563365456
2051.0 641.42739070008
2052.0 642.0523685225119
2053.0 642.6777182655358
2054.0 643.3035999652963
2055.0 643.9297707543518
2056.0 644.5562501148481
2057.0 645.1833094703519
2058.0 645.8105277742239
2059.0 646.4380862152319
2060.0 647.0659478549758
2061.0 647.694050834368
2062.0 648.3223996407197
2063.0 648.9511292936481
2064.0 649.5799067673441
2065.0 650.2091093948482
2066.0 650.838757450896
2067.0 651.4686187023523
2068.0 652.0988061919038
2069.0 652.7294839963042
2070.0 653.3602943250557
2071.0 653.991404888208
2072.0 654.6227969536321
2073.0 655.2545163319039
2074.0 655.8864029429602
2075.0 656.5187879943203
2076.0 657.1514162504318
2077.0 657.7846891961597
2078.0 658.418351516144
2079.0 659.0523016240799
2080.0 659.6863171104801
2081.0 660.3205190158558
2082.0 660.9551274498879
2083.0 661.590012562768
2084.0 662.225378531936
2085.0 662.8611575357601
2086.0 663.497308076976
2087.0 664.133726285392
2088.0 664.770302424544
2089.0 665.4071451081761
2090.0 666.044485595248
2091.0 666.6820434544319
2092.0 667.3197021143841
2093.0 667.9577246943037
2094.0 668.595867705312
2095.0 669.2343734077922
2096.0 669.8730883607202
2097.0 670.512242148144
2098.0 671.151811382928
2099.0 671.7917030866082
2100.0 672.4318046068322
2101.0 673.0723336279361
2102.0 673.7132134455999
2103.0 674.3544518626398
2104.0 674.9957934552481
2105.0 675.6373180132479
2106.0 676.2790340011522
2107.0 676.9210109371843
2108.0 677.5633286915197
2109.0 678.2060276177118
2110.0 678.8490989344957
2111.0 679.4922291025599
2112.0 680.1357478427522
2113.0 680.7795306868001
2114.0 681.423575902528
2115.0 682.067794219952
2116.0 682.71220988824
2117.0 683.3571219603039
2118.0 684.002351506448
2119.0 684.6480167005758
2120.0 685.2941588518399
2121.0 685.9406625613599
2122.0 686.5873030936166
2123.0 687.234226973984
2124.0 687.8814341768481
2125.0 688.5289917433925
2126.0 689.1767340030881
2127.0 689.824501084096
2128.0 690.472337723568
2129.0 691.12059018304
2130.0 691.7689563370083
2131.0 692.4178351564799
2132.0 693.0667809737917
2133.0 693.7162575619358
2134.0 694.365874610144
2135.0 695.01584657656
2136.0 695.666262430704
2137.0 696.316923403984
2138.0 696.9680493963363
2139.0 697.6196094972798
2140.0 698.2715430760322
2141.0 698.9238964468161
2142.0 699.5766680424159
2143.0 700.2297330681761
2144.0 700.883057549264
2145.0 701.536773925872
2146.0 702.190978579296
2147.0 702.845224674944
2148.0 703.4997260279358
2149.0 704.15445425384
2150.0 704.80949765928
2151.0 705.465003393696
2152.0 706.1209488920479
2153.0 706.7774543582882
2154.0 707.433931312288
2155.0 708.0906577684318
2156.0 708.7477598911998
2157.0 709.4052966932322
2158.0 710.0631534468637
2159.0 710.7212345957598
2160.0 711.3797876312957
2161.0 712.038816512976
2162.0 712.698049625584
2163.0 713.3574660225759
2164.0 714.0169137575839
2165.0 714.676735112
2166.0 715.336782429888
2167.0 715.997399239456
2168.0 716.658406758768
2169.0 717.3194977692959
2170.0 717.9808237593923
2171.0 718.642476244064
2172.0 719.3043397506241
2173.0 719.9663723151518
2174.0 720.6286301770722
2175.0 721.2912420690402
2176.0 721.9543434248477
2177.0 722.6180352675837
2178.0 723.2819923391198
2179.0 723.9460847324162
2180.0 724.610464287776
2181.0 725.2750469262079
2182.0 725.9397158288158
2183.0 726.6042963855041
2184.0 727.2690945524162
2185.0 727.9344492802081
2186.0 728.6002062591998
2187.0 729.2661713900641
2188.0 729.9323417276003
2189.0 730.5988117261761
2190.0 731.2655055444962
2191.0 731.9325509663042
2192.0 732.6000634549598
2193.0 733.2679225558402
2194.0 733.936052262368
2195.0 734.6044004567361
2196.0 735.2730987968962
2197.0 735.94216508768
2198.0 736.6115655325759
2199.0 737.281006771056
2200.0 737.950633030416
2201.0 738.6204654011999
2202.0 739.2906180538562
2203.0 739.9610342256481
2204.0 740.6319291667361
2205.0 741.3029933178079
2206.0 741.9744208754399
2207.0 742.6464892221762
2208.0 743.3186271280639
2209.0 743.9908819958717
2210.0 744.663689836448
2211.0 745.3369794592003
2212.0 746.010637890592
2213.0 746.684568050016
2214.0 747.3591518412959
2215.0 748.034088204048
2216.0 748.7091487618719
2217.0 749.384671376208
2218.0 750.0601606488644
2219.0 750.7357430629279
2220.0 751.411934123744
2221.0 752.0885164554079
2222.0 752.7655209571682
2223.0 753.4427454118078
2224.0 754.1202579487837
2225.0 754.798125717088
2226.0 755.476505653232
2227.0 756.1552054497918
2228.0 756.8340756783841
2229.0 757.5130979539842
2230.0 758.1923793382241
2231.0 758.8720335962721
2232.0 759.552028711984
2233.0 760.2323993809757
2234.0 760.9128063125601
2235.0 761.5936812092482
2236.0 762.2746561551364
2237.0 762.955701171952
2238.0 763.637150672
2239.0 764.3187525693764
2240.0 765.000711325184
2241.0 765.6830267262078
2242.0 766.3656688534238
2243.0 767.0486313227519
2244.0 767.7319681135682
2245.0 768.4153460360799
2246.0 769.0992846290401
2247.0 769.7834416535517
2248.0 770.4678732596478
2249.0 771.152863708688
2250.0 771.8382324025603
2251.0 772.5240679496158
2252.0 773.210190427344
2253.0 773.8963895196482
2254.0 774.5826328092804
2255.0 775.2691817269122
2256.0 775.9560835467997
2257.0 776.6435036936158
2258.0 777.3309064182242
2259.0 778.0185388818558
2260.0 778.7064316657759
2261.0 779.394558559776
2262.0 780.083114742064
2263.0 780.7720406839843
2264.0 781.4612014489918
2265.0 782.1505572098561
2266.0 782.8399388259044
2267.0 783.5298287890561
2268.0 784.2201614576163
2269.0 784.9108099724642
2270.0 785.6015562260319
2271.0 786.292676671312
2272.0 786.9841999480482
2273.0 787.6761285394085
2274.0 788.3682744166882
2275.0 789.060776146048
2276.0 789.753729380064
2277.0 790.4466302203683
2278.0 791.1398220757918
2279.0 791.8330789207681
2280.0 792.5266567229598
2281.0 793.2209298896481
2282.0 793.9153691958878
2283.0 794.6101538706881
2284.0 795.3055200136799
2285.0 796.001334924016
2286.0 796.6973433150558
2287.0 797.3937207604321
2288.0 798.089853442528
2289.0 798.7863229558081
2290.0 799.4834984171999
2291.0 800.1809282142876
2292.0 800.8785793564477
2293.0 801.5762027821918
2294.0 802.2742430892478
2295.0 802.9724819746721
2296.0 803.6709606356482
2297.0 804.3699843791358
2298.0 805.0692402626721
2299.0 805.7690426472801
2300.0 806.4694112931039
2301.0 807.1701187054081
2302.0 807.8713089429917
2303.0 808.5728070830079
2304.0 809.2743929257919
2305.0 809.9762478150881
2306.0 810.6781729753759
2307.0 811.3799537430081
2308.0 812.0823633477279
2309.0 812.7851399703201
2310.0 813.488263446736
2311.0 814.191497207216
2312.0 814.8949013734559
2313.0 815.5983178835362
2314.0 816.3021658567201
2315.0 817.0062742815842
2316.0 817.7105370603522
2317.0 818.4151098350718
2318.0 819.1201020622564
2319.0 819.8252350867837
2320.0 820.5307215142242
2321.0 821.2365882273759
2322.0 821.9427815048002
2323.0 822.6495777043043
2324.0 823.3567384531201
2325.0 824.0643647384641
2326.0 824.7724548157921
2327.0 825.4804131236318
2328.0 826.1889599751521
2329.0 826.8982423634083
2330.0 827.6079877091682
2331.0 828.3178125972642
2332.0 829.0278835503357
2333.0 829.7383582095202
2334.0 830.44916193824
2335.0 831.1598918653602
2336.0 831.8708618214399
2337.0 832.5818526032803
2338.0 833.29290759496
2339.0 834.0040168686395
2340.0 834.7153887175357
2341.0 835.426908453824
2342.0 836.1385090353918
2343.0 836.8501616519519
2344.0 837.562312674832
2345.0 838.2748222922883
2346.0 838.9876056204482
2347.0 839.7008712653123
2348.0 840.4144381830398
2349.0 841.1284277437283
2350.0 841.842770567664
2351.0 842.5574799280639
2352.0 843.2723605469121
2353.0 843.9872036614881
2354.0 844.702790166768
2355.0 845.4186387313124
2356.0 846.1348678891842
2357.0 846.8512937378242
2358.0 847.5679734254558
2359.0 848.28526180632
2360.0 849.002688225712
2361.0 849.72043463872
2362.0 850.438446001376
2363.0 851.156766939376
2364.0 851.8753753341601
2365.0 852.594319716768
2366.0 853.3135440982563
2367.0 854.03328334784
2368.0 854.7530864578882
2369.0 855.473273361696
2370.0 856.1936946285759
2371.0 856.9141504082879
2372.0 857.6348511607039
2373.0 858.3557883757597
2374.0 859.0772366093281
2375.0 859.7992029559197
2376.0 860.5215224782075
2377.0 861.2445004281439
2378.0 861.9676158228001
2379.0 862.6906950090879
2380.0 863.414028916384
2381.0 864.1378654538399
2382.0 864.862146249024
2383.0 865.5864662792643
2384.0 866.3108725117758
2385.0 867.035579228992
2386.0 867.760515511008
2387.0 868.4859868755518
2388.0 869.2117480298078
2389.0 869.9377956694564
2390.0 870.6640245721604
2391.0 871.3907522238239
2392.0 872.1179649350561
2393.0 872.8452704363362
2394.0 873.5729199224315
2395.0 874.3009202359997
2396.0 875.0289247166562
2397.0 875.7573477638401
2398.0 876.4860812842238
2399.0 877.2153461551197
2400.0 877.9450507213603
2401.0 878.6753071778718
2402.0 879.405365695424
2403.0 880.13609870504
2404.0 880.8669587961436
2405.0 881.5982299421281
2406.0 882.3298615712163
2407.0 883.06178823904
2408.0 883.7939785244802
2409.0 884.5262599417763
2410.0 885.2588057884165
2411.0 885.9915371265275
2412.0 886.7244940841119
2413.0 887.4578524160318
2414.0 888.1916284680317
2415.0 888.9258880570402
2416.0 889.6600987076639
2417.0 890.3944733926406
2418.0 891.1293460764321
2419.0 891.8645026858397
2420.0 892.599993520352
2421.0 893.3360725763999
2422.0 894.0726362089754
2423.0 894.8096516679352
2424.0 895.5468635903683
2425.0 896.2844246335841
2426.0 897.0221936714079
2427.0 897.7602076560319
2428.0 898.4984970094722
2429.0 899.2369405516481
2430.0 899.9755055956639
2431.0 900.7143939095198
2432.0 901.4539287890559
2433.0 902.1937096531519
2434.0 902.9334432341763
2435.0 903.6735682677761
2436.0 904.4140472186721
2437.0 905.154902890304
2438.0 905.8962225629435
2439.0 906.6379065291998
2440.0 907.3800946353122
2441.0 908.1224902810078
2442.0 908.8647219935681
2443.0 909.6072120142398
2444.0 910.3494017899202
2445.0 911.092134665632
2446.0 911.8352373795682
2447.0 912.5788016771355
2448.0 913.322339689776
2449.0 914.0660521750084
2450.0 914.8101627205763
2451.0 915.554490583648
2452.0 916.2987999135521
2453.0 917.043478253936
2454.0 917.7884487063999
2455.0 918.5340444695361
2456.0 919.279947682224
2457.0 920.0258752534883
2458.0 920.7724394497758
2459.0 921.5194735376635
2460.0 922.2670006976157
2461.0 923.0147039726082
2462.0 923.7629614685438
2463.0 924.5117393742879
2464.0 925.2606611330239
2465.0 926.009871802384
2466.0 926.7593358369435
2467.0 927.5094378015199
2468.0 928.2600600825275
2469.0 929.010562320352
2470.0 929.7610946679357
2471.0 930.5118908731038
2472.0 931.2629579840477
2473.0 932.0144928613599
2474.0 932.7664616827676
2475.0 933.5187028333919
2476.0 934.2715040057761
2477.0 935.024502556768
2478.0 935.778083175776
2479.0 936.5321832577763
2480.0 937.286351951648
2481.0 938.0406190862399
2482.0 938.7952754727041
2483.0 939.5499458252801
2484.0 940.304772673152
2485.0 941.059771013008
2486.0 941.8146941361917
2487.0 942.5698254714401
2488.0 943.3250790377757
2489.0 944.0808871853447
2490.0 944.8371048465764
2491.0 945.5933086675037
2492.0 946.3499917197762
2493.0 947.107065828672
2494.0 947.8647819456643
2495.0 948.6231091074402
2496.0 949.3814926712319
2497.0 950.140035048736
2498.0 950.8991022520156
2499.0 951.658465333728
2500.0 952.4181825277599
2501.0 953.1782328298875
2502.0 953.9386366025279
2503.0 954.6990438034558
2504.0 955.4597936690722
2505.0 956.2206556763037
2506.0 956.9820245608482
2507.0 957.7440386593604
2508.0 958.5063580054884
2509.0 959.268898592368
2510.0 960.031835488672
2511.0 960.7947363357438
2512.0 961.5580451174401
2513.0 962.3216040276159
2514.0 963.0851999739682
2515.0 963.8491674268641
2516.0 964.6138409025759
2517.0 965.3788801348157
2518.0 966.1444437110079
2519.0 966.9107674344317
2520.0 967.677633317808
2521.0 968.4445216110082
2522.0 969.2117806868158
2523.0 969.9795499156164
2524.0 970.747776780992
2525.0 971.5161551339042
2526.0 972.2848893152644
2527.0 973.0539830665921
2528.0 973.8232796772481
2529.0 974.5927870962562
2530.0 975.3624910442561
2531.0 976.1321523232
2532.0 976.9021927572963
2533.0 977.6725294040001
2534.0 978.4431504268641
2535.0 979.2136599759045
2536.0 979.984116773088
2537.0 980.7550570318238
2538.0 981.5260795852158
2539.0 982.2974876684793
2540.0 983.0690182288641
2541.0 983.84123773632
2542.0 984.6134166542082
2543.0 985.3859070734719
2544.0 986.1589859180956
2545.0 986.9323677862242
2546.0 987.7062575654232
2547.0 988.4805466048319
2548.0 989.2548393728641
2549.0 990.0295679987676
2550.0 990.8042409575679
2551.0 991.5794064177277
2552.0 992.3548767853597
2553.0 993.1305955449922
2554.0 993.906818237904
2555.0 994.6836027519521
2556.0 995.4606747578075
2557.0 996.2380638647203
2558.0 997.0157657415839
2559.0 997.7937536397601
2560.0 998.571983197744
2561.0 999.3503948253601
2562.0 1000.1290443400961
2563.0 1000.908043679792
2564.0 1001.6873976396961
2565.0 1002.4666751370081
2566.0 1003.2465115583678
2567.0 1004.0265418811836
2568.0 1004.8068643300157
2569.0 1005.5874553087997
2570.0 1006.3681876183518
2571.0 1007.1493551640157
2572.0 1007.9311648625278
2573.0 1008.7134417148482
2574.0 1009.4961614953602
2575.0 1010.2791619905917
2576.0 1011.062345923152
2577.0 1011.8455923856479
2578.0 1012.6287345139037
2579.0 1013.4120208709444
2580.0 1014.1958204777602
2581.0 1014.9799131424803
2582.0 1015.7643865157921
2583.0 1016.5493191666877
2584.0 1017.3349572249119
2585.0 1018.1206115419042
2586.0 1018.9065355568324
2587.0 1019.6927255939197
2588.0 1020.4794582247198
2589.0 1021.2667781895041
2590.0 1022.0544070624959
2591.0 1022.8421147147199
2592.0 1023.6298799954081
2593.0 1024.4182641736802
2594.0 1025.206778755232
2595.0 1025.9950817749761
2596.0 1026.783902584912
2597.0 1027.572922163888
2598.0 1028.36204389864
2599.0 1029.1519384679038
2600.0 1029.9421756910083
2601.0 1030.7324796882717
2602.0 1031.523173142336
2603.0 1032.314170375696
2604.0 1033.1057327345923
2605.0 1033.8977230593277
2606.0 1034.690278443968
2607.0 1035.4829307257437
2608.0 1036.2760968412958
2609.0 1037.0693825095682
2610.0 1037.8627097305925
2611.0 1038.6560032056643
2612.0 1039.4493997835839
2613.0 1040.2429995147043
2614.0 1041.0367595453122
2615.0 1041.830736786224
2616.0 1042.6249607559198
2617.0 1043.4192493882556
2618.0 1044.214082172784
2619.0 1045.0091116691685
2620.0 1045.8044715961594
2621.0 1046.6001628640963
2622.0 1047.396214555088
2623.0 1048.192706851936
2624.0 1048.9894080090878
2625.0 1049.7864525723521
2626.0 1050.58421357848
2627.0 1051.3820948130403
2628.0 1052.1806378866563
2629.0 1052.9791017668163
2630.0 1053.7783453783836
2631.0 1054.5778028903683
2632.0 1055.3775840002559
2633.0 1056.1775681631364
2634.0 1056.9779936896161
2635.0 1057.7783980478082
2636.0 1058.5790628982238
2637.0 1059.3798908600315
2638.0 1060.1814851071038
2639.0 1060.983295275568
2640.0 1061.7857372944156
2641.0 1062.5883685192964
2642.0 1063.391390918512
2643.0 1064.194876831872
2644.0 1064.998602336304
2645.0 1065.8028632047844
2646.0 1066.6071207324799
2647.0 1067.41146996568
2648.0 1068.2157224178559
2649.0 1069.0198386028962
2650.0 1069.8242724173763
2651.0 1070.6295718326403
2652.0 1071.4350968982403
2653.0 1072.240807825712
2654.0 1073.0467685196159
2655.0 1073.8530244176955
2656.0 1074.6598195097756
2657.0 1075.4670487213284
2658.0 1076.2744390392643
2659.0 1077.0822535309921
2660.0 1077.8899542828956
2661.0 1078.6979680444158
2662.0 1079.50634144224
2663.0 1080.3153765547836
2664.0 1081.1246616032163
2665.0 1081.934158072016
2666.0 1082.743882244912
2667.0 1083.5539984652958
2668.0 1084.364492094544
2669.0 1085.1752775074717
2670.0 1085.9866587808474
2671.0 1086.798682751808
2672.0 1087.6107919991039
2673.0 1088.423394776832
2674.0 1089.2365073532958
2675.0 1090.0495891972957
2676.0 1090.8627729089444
2677.0 1091.6764813087202
2678.0 1092.4901365885282
2679.0 1093.304483632864
2680.0 1094.1186517257443
2681.0 1094.933442305392
2682.0 1095.7486018013929
2683.0 1096.5642726443198
2684.0 1097.3802994547846
2685.0 1098.1963411718084
2686.0 1099.012453090672
2687.0 1099.8284308702564
2688.0 1100.6445215490398
2689.0 1101.4610055543199
2690.0 1102.2778794864637
2691.0 1103.0951781853596
2692.0 1103.9127240778716
2693.0 1104.7306550510555
2694.0 1105.5487260101436
2695.0 1106.3673482807196
2696.0 1107.1862415041119
2697.0 1108.00518415968
2698.0 1108.824350796896
2699.0 1109.6442657627042
2700.0 1110.4645946498242
2701.0 1111.2853192081923
2702.0 1112.106340585392
2703.0 1112.9273885293119
2704.0 1113.7482603156318
2705.0 1114.5698164533917
2706.0 1115.3910178173603
2707.0 1116.2125266038242
2708.0 1117.0343857554399
2709.0 1117.856271296016
2710.0 1118.6783391461443
2711.0 1119.5005905893438
2712.0 1120.3230082949758
2713.0 1121.1457950453764
2714.0 1121.9692600079525
2715.0 1122.792744121648
2716.0 1123.6162819504164
2717.0 1124.4400723777285
2718.0 1125.2640953832638
2719.0 1126.0886708350877
2720.0 1126.913486901504
2721.0 1127.738996564336
2722.0 1128.5650497289437
2723.0 1129.3911298358557
2724.0 1130.2173071743364
2725.0 1131.0435167449118
2726.0 1131.8698929282887
2727.0 1132.6963892851365
2728.0 1133.5234468212
2729.0 1134.3505176559515
2730.0 1135.1779611769284
2731.0 1136.006168323312
2732.0 1136.8343717379198
2733.0 1137.662780048256
2734.0 1138.491497538736
2735.0 1139.3202570172157
2736.0 1140.1494372268796
2737.0 1140.978909683904
2738.0 1141.808855458128
2739.0 1142.638891389488
2740.0 1143.4694517354242
2741.0 1144.3003719444957
2742.0 1145.131743284608
2743.0 1145.9632955397922
2744.0 1146.7955082103997
2745.0 1147.6285351530403
2746.0 1148.461901920672
2747.0 1149.2954324697125
2748.0 1150.12888634408
2749.0 1150.962517605776
2750.0 1151.796366485744
2751.0 1152.6304731463836
2752.0 1153.4646541135203
2753.0 1154.2988058657756
2754.0 1155.1329795276802
2755.0 1155.9668055463676
2756.0 1156.80128296664
2757.0 1157.6363122039686
2758.0 1158.4715806088802
2759.0 1159.30681180328
2760.0 1160.1422733018403
2761.0 1160.978216606
2762.0 1161.8144297768963
2763.0 1162.6511711989283
2764.0 1163.488275862096
2765.0 1164.3256163268802
2766.0 1165.16380837264
2767.0 1166.0026888328152
2768.0 1166.8419449120315
2769.0 1167.6813198352163
2770.0 1168.5208103137916
2771.0 1169.3606212041439
2772.0 1170.2005818261919
2773.0 1171.041099585504
2774.0 1171.881983766
2775.0 1172.7231448399682
2776.0 1173.5645050382882
2777.0 1174.4057623491515
2778.0 1175.2475150920961
2779.0 1176.0891708666397
2780.0 1176.9313300298884
2781.0 1177.7740007516961
2782.0 1178.6174685490078
2783.0 1179.4614614515517
2784.0 1180.305885597936
2785.0 1181.150668811936
2786.0 1181.995785012496
2787.0 1182.8411661768637
2788.0 1183.6867093816647
2789.0 1184.5323747700313
2790.0 1185.378438112032
2791.0 1186.2248870094559
2792.0 1187.0715174955355
2793.0 1187.9180466588957
2794.0 1188.7650525384797
2795.0 1189.6128354726238
2796.0 1190.4612944614719
2797.0 1191.309899053824
2798.0 1192.158863291424
2799.0 1193.0079675316638
2800.0 1193.857494230576
2801.0 1194.7074234225445
2802.0 1195.5573315039037
2803.0 1196.4074932371361
2804.0 1197.2580015803367
2805.0 1198.10911449072
2806.0 1198.9605230652478
2807.0 1199.812401234976
2808.0 1200.6649937526881
2809.0 1201.517477763936
2810.0 1202.3702592491677
2811.0 1203.223108515792
2812.0 1204.0758575141124
2813.0 1204.929437395872
2814.0 1205.7828983075356
2815.0 1206.6365753867199
2816.0 1207.490509708928
2817.0 1208.3450771243683
2818.0 1209.2001963938399
2819.0 1210.055686899968
2820.0 1210.911870358896
2821.0 1211.768060343376
2822.0 1212.6245215414563
2823.0 1213.4811590254878
2824.0 1214.3379103835678
2825.0 1215.1949569654244
2826.0 1216.0519918448476
2827.0 1216.9092600832641
2828.0 1217.7667851393112
2829.0 1218.624771312512
2830.0 1219.4832840884799
2831.0 1220.342043876336
2832.0 1221.2009139498878
2833.0 1222.0602407221918
2834.0 1222.9194568804637
2835.0 1223.7787343796322
2836.0 1224.6383470750875
2837.0 1225.498298538448
2838.0 1226.3589826683676
2839.0 1227.2198202165441
2840.0 1228.0811611603199
2841.0 1228.9427560784002
2842.0 1229.8048134986718
2843.0 1230.6674712344798
2844.0 1231.53047874008
2845.0 1232.3938288041115
2846.0 1233.2572227593605
2847.0 1234.121410193248
2848.0 1234.9853546544316
2849.0 1235.8499739028157
2850.0 1236.7149526132157
2851.0 1237.5801303583362
2852.0 1238.4453285028796
2853.0 1239.3110001286877
2854.0 1240.1768043675204
2855.0 1241.0430501173444
2856.0 1241.9098831173274
2857.0 1242.7771708062558
2858.0 1243.64479313016
2859.0 1244.5130461643516
2860.0 1245.3814119039196
2861.0 1246.2502123423358
2862.0 1247.1193176550237
2863.0 1247.9888178149442
2864.0 1248.858963715328
2865.0 1249.7291983606722
2866.0 1250.5998322696798
2867.0 1251.470441982544
2868.0 1252.3410490248318
2869.0 1253.2121953374085
2870.0 1254.0838163971678
2871.0 1254.9554526159359
2872.0 1255.8276021676793
2873.0 1256.7001087407682
2874.0 1257.5731323156958
2875.0 1258.4464548495043
2876.0 1259.3196509817124
2877.0 1260.193730065056
2878.0 1261.0681552204637
2879.0 1261.9429525911364
2880.0 1262.8179599706243
2881.0 1263.693558504528
2882.0 1264.569268031104
2883.0 1265.4454911938883
2884.0 1266.322049111104
2885.0 1267.1986947861437
2886.0 1268.0751007481115
2887.0 1268.9518311169763
2888.0 1269.8288799007519
2889.0 1270.7064197586874
2890.0 1271.583972751824
2891.0 1272.461825183216
2892.0 1273.339546052864
2893.0 1274.217260729552
2894.0 1275.095357008096
2895.0 1275.9736650192158
2896.0 1276.8521904101922
2897.0 1277.731072633936
2898.0 1278.610656784752
2899.0 1279.4901018253117
2900.0 1280.3697108425595
2901.0 1281.249930727392
2902.0 1282.1306929800323
2903.0 1283.0116887082563
2904.0 1283.892808985152
2905.0 1284.7743502057765
2906.0 1285.6557864156475
2907.0 1286.537419692544
2908.0 1287.4192219121765
2909.0 1288.301289528064
2910.0 1289.1830417575359
2911.0 1290.0649823088165
2912.0 1290.9473076170875
2913.0 1291.8302890848638
2914.0 1292.7139788773277
2915.0 1293.5982755869602
2916.0 1294.4829886415355
2917.0 1295.3677864316155
2918.0 1296.253507663488
2919.0 1297.1394938971357
2920.0 1298.0258642618396
2921.0 1298.9122985793435
2922.0 1299.7986962764319
2923.0 1300.6854386120638
2924.0 1301.5730268788961
2925.0 1302.461117202384
2926.0 1303.349560657984
2927.0 1304.2383791164962
2928.0 1305.1276695275678
2929.0 1306.017049279312
2930.0 1306.9071172311194
2931.0 1307.797115570112
2932.0 1308.6873178319358
2933.0 1309.5777259662561
2934.0 1310.468155893664
2935.0 1311.3582910326243
2936.0 1312.2484676394558
2937.0 1313.1386664410554
2938.0 1314.0291849598723
2939.0 1314.919985619968
2940.0 1315.8110539011843
2941.0 1316.7031500161602
2942.0 1317.5959534091676
2943.0 1318.489004048384
2944.0 1319.3824282065125
2945.0 1320.2759763332797
2946.0 1321.1695703413764
2947.0 1322.06316939368
2948.0 1322.9574045906402
2949.0 1323.8521419997921
2950.0 1324.747169835424
2951.0 1325.6424818722717
2952.0 1326.5386284237443
2953.0 1327.4350103188958
2954.0 1328.331805474464
2955.0 1329.2288154513922
2956.0 1330.1264088067355
2957.0 1331.024453984512
2958.0 1331.9229725181435
2959.0 1332.8218275786724
2960.0 1333.7209941827682
2961.0 1334.6206328594878
2962.0 1335.5206134435357
2963.0 1336.4207293406398
2964.0 1337.3209220095837
2965.0 1338.2214513553438
2966.0 1339.1220568018564
2967.0 1340.022893597888
2968.0 1340.924385819136
2969.0 1341.825770981408
2970.0 1342.7272691058874
2971.0 1343.628808889824
2972.0 1344.5306055456479
2973.0 1345.4328591877922
2974.0 1346.3354158993438
2975.0 1347.237788641872
2976.0 1348.1401505256165
2977.0 1349.043242513216
2978.0 1349.946159169024
2979.0 1350.8495540167996
2980.0 1351.7532492549442
2981.0 1352.656983689504
2982.0 1353.560789385792
2983.0 1354.4648489079364
2984.0 1355.369450958976
2985.0 1356.2745810286565
2986.0 1357.1805126753604
2987.0 1358.086647038944
2988.0 1358.9936660660162
2989.0 1359.9008032118243
2990.0 1360.8084962280475
2991.0 1361.7160909652155
2992.0 1362.6235397774394
2993.0 1363.5313839099679
2994.0 1364.439703289568
2995.0 1365.348175489441
2996.0 1366.25673884296
2997.0 1367.1661189521278
2998.0 1368.0756913406244
2999.0 1368.985687918736
3000.0 1369.8958601433599
