1.0 0.9736423045
2.0 0.9708066954999999
3.0 0.9688259811250001
4.0 0.9670692607500001
5.0 0.965341277375
6.0 0.9635722711249999
7.0 0.9617394806249999
8.0 0.95980872975
9.0 0.95777475825
10.0 0.955611847375
11.0 0.9533038215
12.0 0.9508816525
13.0 0.94829544425
14.0 0.9456013292500001
15.0 0.942771188875
16.0 0.9397809432500001
17.0 0.936659015875
18.0 0.933374226125
19.0 0.9299431517500001
20.0 0.926361955875
21.0 0.9226523935000001
22.0 0.918796330625
23.0 0.9147825838750001
24.0 0.9106431455
25.0 0.90635571625
26.0 0.901921331875
27.0 0.897350758125
28.0 0.892648071125
29.0 0.887769289375
30.0 0.882784411375
31.0 0.8776590378749999
32.0 0.87238263325
33.0 0.866968199625
34.0 0.8614178598750001
35.0 0.855720885125
36.0 0.8498867302500002
37.0 0.84391793625
38.0 0.8378325328749999
39.0 0.8316035195
40.0 0.8252391367499999
41.0 0.8187449127500002
42.0 0.8121136874999999
43.0 0.80537156
44.0 0.798484362625
45.0 0.79147382825
46.0 0.784336462625
47.0 0.777072772375
48.0 0.76967140275
49.0 0.76216686525
50.0 0.7545409574999999
51.0 0.746804408625
52.0 0.738956965625
53.0 0.7309935316249999
54.0 0.7228943257499999
55.0 0.71468927725
56.0 0.7063746302499999
57.0 0.697957523125
58.0 0.689422204875
59.0 0.6807731761250001
60.0 0.672019168875
61.0 0.66316905625
62.0 0.654211454125
63.0 0.64515024425
64.0 0.635991536
65.0 0.6267361789999999
66.0 0.61739876125
67.0 0.607955962375
68.0 0.5984220282500001
69.0 0.588790983
70.0 0.57908365125
71.0 0.56929375225
72.0 0.5594242438749999
73.0 0.549454063125
74.0 0.539408721125
75.0 0.529281757625
76.0 0.519066139875
77.0 0.508772671125
78.0 0.49840657787500003
79.0 0.48796657100000007
80.0 0.477456070625
81.0 0.46686222024999996
82.0 0.45621124674999997
83.0 0.4454936721249999
84.0 0.43472094837499997
85.0 0.42387198675
86.0 0.41296073775000003
87.0 0.4019930548749999
88.0 0.39097905525
89.0 0.379897803125
90.0 0.368755728125
91.0 0.3575648405
92.0 0.34633065025
93.0 0.33506197475
94.0 0.32372881487499994
95.0 0.3123677001249999
96.0 0.30095237500000005
97.0 0.28949495799999997
98.0 0.27801076674999997
99.0 0.266484670375
100.0 0.25492481512500004
101.0 0.243330339
102.0 0.23170540299999998
103.0 0.220053115875
104.0 0.208377793375
105.0 0.1966718305
106.0 0.1849469355
107.0 0.17320087574999998
108.0 0.16143697875000002
109.0 0.1496619025
110.0 0.13787047200000002
111.0 0.12606385174999998
112.0 0.114246618
113.0 0.10242240783749998
114.0 0.0905931257
115.0 0.07876004931250001
116.0 0.06692628656249999
117.0 0.055091315412499994
118.0 0.04325436755
119.0 0.031427310325
120.0 0.019603708884999994
121.0 0.0077927066862499995
122.0 -0.00401729952
123.0 -0.01581746936875
124.0 -0.027599120624999997
125.0 -0.039375803650000006
126.0 -0.05111878925
127.0 -0.062848115325
128.0 -0.07455132947500001
129.0 -0.08623932116250002
130.0 -0.09788773675
131.0 -0.10951342432500001
132.0 -0.12110341425
133.0 -0.132653844625
134.0 -0.14418003337500002
135.0 -0.15567258174999998
136.0 -0.16712177549999999
137.0 -0.1785262205
138.0 -0.189885852875
139.0 -0.20120074424999998
140.0 -0.21247328637500001
141.0 -0.223706755875
142.0 -0.23489063787500003
143.0 -0.24601778775000002
144.0 -0.257083751375
145.0 -0.26810374849999996
146.0 -0.279061540875
147.0 -0.289961628625
148.0 -0.30080125474999997
149.0 -0.31157715999999996
150.0 -0.322290346125
151.0 -0.33293725537499996
152.0 -0.34350698049999995
153.0 -0.35401298849999996
154.0 -0.36445016049999995
155.0 -0.37481444325
156.0 -0.385098472125
157.0 -0.39530667275
158.0 -0.40544946475
159.0 -0.41550918675
160.0 -0.425487589125
161.0 -0.4353934153749999
162.0 -0.445195552
163.0 -0.45491279275
164.0 -0.464541591875
165.0 -0.474081173625
166.0 -0.4835264457499999
167.0 -0.492888394625
168.0 -0.502145718875
169.0 -0.5113126263750001
170.0 -0.5203589275
171.0 -0.529333025125
172.0 -0.5382015033750001
173.0 -0.54696179175
174.0 -0.55561885975
175.0 -0.564179234375
176.0 -0.57262870675
177.0 -0.5809543803749999
178.0 -0.5891843139999999
179.0 -0.5972887202500001
180.0 -0.6052908226250001
181.0 -0.613168090625
182.0 -0.620932221375
183.0 -0.62857656175
184.0 -0.6361035406250001
185.0 -0.64351726325
186.0 -0.6508023739999999
187.0 -0.657962597875
188.0 -0.66500841825
189.0 -0.6719215885
190.0 -0.678701490125
191.0 -0.685345813625
192.0 -0.691871129
193.0 -0.6982802525
194.0 -0.704556621625
195.0 -0.7107049748749998
196.0 -0.7167385294999999
197.0 -0.7226297185
198.0 -0.728394225375
199.0 -0.7340274899999999
200.0 -0.739533662875
201.0 -0.744898743875
202.0 -0.7501289099999999
203.0 -0.75522498775
204.0 -0.760178029625
205.0 -0.764998480875
206.0 -0.7696706280000001
207.0 -0.7742140070000001
208.0 -0.778611905875
209.0 -0.782851979125
210.0 -0.786964058875
211.0 -0.790922827875
212.0 -0.794754371125
213.0 -0.798420548375
214.0 -0.801950752875
215.0 -0.80534125125
216.0 -0.8085840046250001
217.0 -0.8116952329999999
218.0 -0.8146612868750001
219.0 -0.8174853844999999
220.0 -0.8201447875
221.0 -0.822665862625
222.0 -0.82504083975
223.0 -0.8272668123749999
224.0 -0.829354487375
225.0 -0.8312807455
226.0 -0.8330632223749999
227.0 -0.834694497375
228.0 -0.8361927867500001
229.0 -0.8375371920000001
230.0 -0.838739037625
231.0 -0.83979659525
232.0 -0.8407032714999999
233.0 -0.8414697125000001
234.0 -0.842079743875
235.0 -0.842527188375
236.0 -0.8428187892500001
237.0 -0.8429745732499999
238.0 -0.8429709970000001
239.0 -0.8428219853750001
240.0 -0.8425200953749999
241.0 -0.8420952633750001
242.0 -0.8414995745
243.0 -0.84074821325
244.0 -0.839858300875
245.0 -0.838819786875
246.0 -0.8376552016250001
247.0 -0.8363229258750001
248.0 -0.8348476365
249.0 -0.833235167
250.0 -0.8314701765
251.0 -0.829559095125
252.0 -0.8275002166249998
253.0 -0.82529501625
254.0 -0.8229675292499999
255.0 -0.82047350725
256.0 -0.8178412020000001
257.0 -0.815076738625
258.0 -0.8121535032499999
259.0 -0.8091009036250001
260.0 -0.80590967075
261.0 -0.802591361125
262.0 -0.7991200985
263.0 -0.795506238875
264.0 -0.7917528523749999
265.0 -0.7878666
266.0 -0.7838475702500001
267.0 -0.7796888423749999
268.0 -0.7754040359999999
269.0 -0.77098223575
270.0 -0.7664389014999999
271.0 -0.7617552652499999
272.0 -0.756944567125
273.0 -0.752001524125
274.0 -0.74695351
275.0 -0.7417437953749999
276.0 -0.7364199461250001
277.0 -0.7309672534999999
278.0 -0.725396268
279.0 -0.7197097242499999
280.0 -0.713893189875
281.0 -0.70795834825
282.0 -0.7019011751249999
283.0 -0.69573368875
284.0 -0.6894321590000001
285.0 -0.683022916375
286.0 -0.6765051558749999
287.0 -0.66987019025
288.0 -0.6631298513749999
289.0 -0.6562711745
290.0 -0.6493043081250001
291.0 -0.6422268227500001
292.0 -0.6350441573749999
293.0 -0.62776201975
294.0 -0.6203743964999999
295.0 -0.612877056
296.0 -0.6052849515000001
297.0 -0.5976050422500001
298.0 -0.5898174271250001
299.0 -0.581931896375
300.0 -0.573952496125
301.0 -0.5658779442499999
302.0 -0.5577022953749999
303.0 -0.54944656775
304.0 -0.5411084890000001
305.0 -0.53268023575
306.0 -0.5241669863749999
307.0 -0.51558137325
308.0 -0.506919924125
309.0 -0.4981767275000001
310.0 -0.489352293125
311.0 -0.480464436125
312.0 -0.47149131087499996
313.0 -0.46244658524999993
314.0 -0.45332773400000004
315.0 -0.44414791099999995
316.0 -0.4348970615
317.0 -0.42557726437500004
318.0 -0.41620000450000005
319.0 -0.40675245600000004
320.0 -0.397243823875
321.0 -0.387685459125
322.0 -0.3780580835
323.0 -0.368388731
324.0 -0.358648657875
325.0 -0.34886101625
326.0 -0.339024379875
327.0 -0.329139605125
328.0 -0.31920819712500004
329.0 -0.309233743625
330.0 -0.29921700425
331.0 -0.28917010874999993
332.0 -0.27908072625
333.0 -0.26896069025
334.0 -0.258807841625
335.0 -0.24861346950000002
336.0 -0.238387836125
337.0 -0.22814456
338.0 -0.217876371
339.0 -0.20758553387500003
340.0 -0.1972751265
341.0 -0.18693922837500002
342.0 -0.176582666125
343.0 -0.1662154925
344.0 -0.15583230912499998
345.0 -0.14543520199999999
346.0 -0.13502416199999998
347.0 -0.12460562499999998
348.0 -0.11418052575
349.0 -0.10375881566249999
350.0 -0.093321656825
351.0 -0.08289407838749999
352.0 -0.0724612037375
353.0 -0.0620300579
354.0 -0.05161143093750001
355.0 -0.0411974608625
356.0 -0.030793798210000004
357.0 -0.02039693763265
358.0 -0.010011786096250001
359.0 0.00037249638375000003
360.0 0.01073346034
361.0 0.02108137794875
362.0 0.031394766475
363.0 0.04168884101875
364.0 0.051968620137500005
365.0 0.062223595825
366.0 0.07245132142499999
367.0 0.0826499574
368.0 0.0928224293
369.0 0.10295025545
370.0 0.11305536241249999
371.0 0.12310698723749999
372.0 0.1331294541125
373.0 0.14310475812499998
374.0 0.15304167375
375.0 0.162925124
376.0 0.17277676062500003
377.0 0.182584581875
378.0 0.19234330950000003
379.0 0.202038428
380.0 0.21169872412500002
381.0 0.22130229325
382.0 0.23083662049999998
383.0 0.24031373300000003
384.0 0.24973231362499998
385.0 0.25909019625
386.0 0.26838963087499995
387.0 0.27762152812499996
388.0 0.286778114625
389.0 0.295878272375
390.0 0.304904486875
391.0 0.31386330724999995
392.0 0.322755780125
393.0 0.331572677875
394.0 0.34031949187500005
395.0 0.34898297112500004
396.0 0.35757979762500003
397.0 0.3660858125
398.0 0.37451881175
399.0 0.38286043312499995
400.0 0.391116932
401.0 0.399289742
402.0 0.40738151599999994
403.0 0.4153860436250001
404.0 0.423291098375
405.0 0.43110379212499994
406.0 0.43882851300000003
407.0 0.446461703875
408.0 0.45399529475000006
409.0 0.46143936375
410.0 0.468792673125
411.0 0.47602128237499997
412.0 0.48316696675000004
413.0 0.490202304125
414.0 0.497147720375
415.0 0.503976539
416.0 0.510706506625
417.0 0.5173253417499999
418.0 0.523832831375
419.0 0.5302466676250001
420.0 0.53654857725
421.0 0.5427345857499999
422.0 0.548815295125
423.0 0.55476299675
424.0 0.5606064425
425.0 0.56633926925
426.0 0.5719619615
427.0 0.577470049125
428.0 0.58285356325
429.0 0.58812334375
430.0 0.5932837052500001
431.0 0.59832447025
432.0 0.6032398865
433.0 0.60804282125
434.0 0.6127012745
435.0 0.6172483413750001
436.0 0.62165340775
437.0 0.6259499491250001
438.0 0.6301157325
439.0 0.6341587305
440.0 0.63807898025
441.0 0.641889043125
442.0 0.6455498933749999
443.0 0.6490844562500001
444.0 0.6525009945
445.0 0.655786924
446.0 0.6589402408749999
447.0 0.6619787589999999
448.0 0.664865732375
449.0 0.6676306798749999
450.0 0.6702767982500001
451.0 0.672762841
452.0 0.6751234382500001
453.0 0.6773517950000001
454.0 0.679459251375
455.0 0.6814278364999999
456.0 0.683255985375
457.0 0.6849460898750002
458.0 0.686515286625
459.0 0.687956944125
460.0 0.6892604455
461.0 0.690434716625
462.0 0.69146583225
463.0 0.692365907125
464.0 0.6931332053749999
465.0 0.693775840125
466.0 0.694258526125
467.0 0.6946322471249999
468.0 0.69485948225
469.0 0.694996409125
470.0 0.6949744149999999
471.0 0.6948188169999999
472.0 0.694525621625
473.0 0.6941055654999999
474.0 0.693568579875
475.0 0.69289785625
476.0 0.6920911891250001
477.0 0.6911366878749999
478.0 0.6900558172500001
479.0 0.688859269125
480.0 0.68751633175
481.0 0.6860541925
482.0 0.6844640001250001
483.0 0.682756453625
484.0 0.680912002875
485.0 0.67893341925
486.0 0.6768395902500001
487.0 0.6746086328750001
488.0 0.672254092875
489.0 0.6697749421250001
490.0 0.6671895088750001
491.0 0.664471209
492.0 0.661614634125
493.0 0.65864415475
494.0 0.6555510090000001
495.0 0.6523423195
496.0 0.649008668875
497.0 0.645551309125
498.0 0.641981549625
499.0 0.6382955835
500.0 0.63448812075
501.0 0.630569055625
502.0 0.6265366675000001
503.0 0.6223923191249999
504.0 0.618149139125
505.0 0.61376810075
506.0 0.6092883572499999
507.0 0.604694798625
508.0 0.6000119
509.0 0.5952014548750001
510.0 0.590294912625
511.0 0.5852958261250001
512.0 0.5801863967500002
513.0 0.57497568425
514.0 0.569661356375
515.0 0.5642473475
516.0 0.5587377920000001
517.0 0.5531386883750001
518.0 0.5474380775
519.0 0.541625477375
520.0 0.5357305259999999
521.0 0.529741074875
522.0 0.52364549425
523.0 0.5174637175
524.0 0.511197231625
525.0 0.504830397625
526.0 0.498388957375
527.0 0.491856131625
528.0 0.48523202537499993
529.0 0.47853670262500003
530.0 0.47175680100000006
531.0 0.46490363412499996
532.0 0.45797282087499996
533.0 0.45096870149999996
534.0 0.443892706125
535.0 0.43673229962500004
536.0 0.429503340375
537.0 0.42220008387499997
538.0 0.41482847175000004
539.0 0.407378192875
540.0 0.39987614375
541.0 0.39229846375
542.0 0.384657628875
543.0 0.37696296349999997
544.0 0.36919108025
545.0 0.36136713249999997
546.0 0.353483513
547.0 0.34555017200000004
548.0 0.33755929387499994
549.0 0.32951425762500003
550.0 0.321434956
551.0 0.31329089775
552.0 0.30509601912499995
553.0 0.296861227625
554.0 0.28857788450000005
555.0 0.280256195125
556.0 0.27188962499999997
557.0 0.263488993125
558.0 0.2550586555
559.0 0.24658966062499998
560.0 0.238095559125
561.0 0.22957159950000003
562.0 0.22100942775
563.0 0.21242066099999998
564.0 0.203807637125
565.0 0.195168864125
566.0 0.186512008375
567.0 0.177829900875
568.0 0.16913479762499997
569.0 0.16041293575
570.0 0.15166956562500003
571.0 0.142922757125
572.0 0.13416149100000002
573.0 0.12538564575
574.0 0.1165989562
575.0 0.1078113923375
576.0 0.09902450262499998
577.0 0.0902264061875
578.0 0.08143468660000001
579.0 0.0726282275
580.0 0.06382787483749999
581.0 0.05503716128749999
582.0 0.0462471944
583.0 0.037480405996249994
584.0 0.0287051455075
585.0 0.0199289225375
586.0 0.0111761471475
587.0 0.0024395059031249995
588.0 -0.00628240299625
589.0 -0.014991865949999999
590.0 -0.02367590851375
591.0 -0.032340342343875
592.0 -0.04098518815875
593.0 -0.04961519182625
594.0 -0.0582201022125
595.0 -0.06678859403750001
596.0 -0.0753217464875
597.0 -0.0838279044125
598.0 -0.0923134004
599.0 -0.1007612914
600.0 -0.1091661732375
601.0 -0.11753929705000002
602.0 -0.12586937190000003
603.0 -0.13416053262500002
604.0 -0.1424063165125
605.0 -0.150608158625
606.0 -0.1587794685
607.0 -0.166893284625
608.0 -0.174960375
609.0 -0.18297044924999997
610.0 -0.19093322375
611.0 -0.19885065775
612.0 -0.20669990587500003
613.0 -0.21450084075
614.0 -0.22225571225000001
615.0 -0.229924723625
616.0 -0.23755914725
617.0 -0.245122725125
618.0 -0.2526239025
619.0 -0.26004827375
620.0 -0.267410654625
621.0 -0.27471729925
622.0 -0.28195985775
623.0 -0.28911766775
624.0 -0.29620895537499997
625.0 -0.303229302
626.0 -0.31015878899999993
627.0 -0.31702547875
628.0 -0.32380711674999996
629.0 -0.330525845375
630.0 -0.337159793625
631.0 -0.343735385625
632.0 -0.35021134087500005
633.0 -0.356612801625
634.0 -0.3629133815
635.0 -0.369151734
636.0 -0.375279218125
637.0 -0.381321400375
638.0 -0.38728628325000003
639.0 -0.39313590887500005
640.0 -0.39891813325
641.0 -0.40461416149999996
642.0 -0.410213042
643.0 -0.41571603349999997
644.0 -0.421133704375
645.0 -0.42647063737499996
646.0 -0.43169026825000006
647.0 -0.436818253125
648.0 -0.44186127562499994
649.0 -0.44678284212499997
650.0 -0.45163386674999995
651.0 -0.456371557
652.0 -0.461020395125
653.0 -0.46554455537500006
654.0 -0.46998573462500004
655.0 -0.47432338450000006
656.0 -0.47854181749999997
657.0 -0.48265978712499996
658.0 -0.48668242612500007
659.0 -0.49059361212499997
660.0 -0.494393821625
661.0 -0.49808610975
662.0 -0.5016822814999999
663.0 -0.505152244125
664.0 -0.508525580125
665.0 -0.5117776618750001
666.0 -0.514913652125
667.0 -0.5179567635
668.0 -0.5208963937500001
669.0 -0.52371016875
670.0 -0.52640015625
671.0 -0.52898136525
672.0 -0.5314463675
673.0 -0.533817969375
674.0 -0.53605589275
675.0 -0.5381906778750001
676.0 -0.540218599125
677.0 -0.542122714125
678.0 -0.543923191625
679.0 -0.545615501875
680.0 -0.547183931
681.0 -0.5486454665
682.0 -0.5499835609999999
683.0 -0.5512066635
684.0 -0.55232488375
685.0 -0.553326942
686.0 -0.554202184
687.0 -0.5549683124999999
688.0 -0.5556157977499999
689.0 -0.55614563075
690.0 -0.556567512375
691.0 -0.55686531975
692.0 -0.557057030625
693.0 -0.557123027875
694.0 -0.5570945665
695.0 -0.5569343342499999
696.0 -0.5566616805
697.0 -0.556273765875
698.0 -0.555772774
699.0 -0.555144094
700.0 -0.5544206648750001
701.0 -0.553582474625
702.0 -0.55261576925
703.0 -0.55152862525
704.0 -0.5503292902500001
705.0 -0.549016892875
706.0 -0.547609910375
707.0 -0.546084255
708.0 -0.5444388985
709.0 -0.5426909775000001
710.0 -0.54081305125
711.0 -0.5388459565
712.0 -0.536759138
713.0 -0.5345756785
714.0 -0.5322682782500001
715.0 -0.529862433625
716.0 -0.52732742575
717.0 -0.5246984775000001
718.0 -0.5219679213749999
719.0 -0.519134242125
720.0 -0.5161959045000001
721.0 -0.513155318875
722.0 -0.51000119375
723.0 -0.506759542875
724.0 -0.5034275725
725.0 -0.49997982012500003
726.0 -0.49641875150000003
727.0 -0.492764678
728.0 -0.48902148775
729.0 -0.48518515762500003
730.0 -0.48123733725000006
731.0 -0.47719643624999997
732.0 -0.47307371337500004
733.0 -0.46885818975000004
734.0 -0.46454226212500005
735.0 -0.460138600375
736.0 -0.45564356825
737.0 -0.4510632305
738.0 -0.4463832043749999
739.0 -0.44163262462499997
740.0 -0.43677672762499997
741.0 -0.43184911475
742.0 -0.4268263205
743.0 -0.42173471300000004
744.0 -0.4165569135
745.0 -0.411296214875
746.0 -0.40595231575
747.0 -0.400534782375
748.0 -0.39504489687500005
749.0 -0.38947636625000004
750.0 -0.38383368775
751.0 -0.3781219275
752.0 -0.372324313875
753.0 -0.366460721875
754.0 -0.36052257175
755.0 -0.35450876124999997
756.0 -0.348437499
757.0 -0.3422877675
758.0 -0.336073216
759.0 -0.329788926875
760.0 -0.323453120875
761.0 -0.31706506025
762.0 -0.310614567
763.0 -0.30409368875
764.0 -0.297517363
765.0 -0.29088906574999995
766.0 -0.284216445
767.0 -0.277472826
768.0 -0.2706984525
769.0 -0.263861648625
770.0 -0.25698264325000003
771.0 -0.250049956125
772.0 -0.24308995700000002
773.0 -0.236077614
774.0 -0.229025306125
775.0 -0.22193016675
776.0 -0.21480420962500002
777.0 -0.207647059125
778.0 -0.200451011125
779.0 -0.19322652375
780.0 -0.1859522015
781.0 -0.17863468262499999
782.0 -0.17130051175
783.0 -0.16394545687499998
784.0 -0.156560376375
785.0 -0.149147491875
786.0 -0.14170941424999997
787.0 -0.1342423258125
788.0 -0.1267562136625
789.0 -0.1192525234
790.0 -0.11173312163749999
791.0 -0.1041901093125
792.0 -0.0966203464
793.0 -0.08905750319999998
794.0 -0.0814739897625
795.0 -0.0738866534
796.0 -0.0662884565875
797.0 -0.058678159199999996
798.0 -0.051059094637500003
799.0 -0.0434349325475
800.0 -0.03581397637250001
801.0 -0.02818673907875
802.0 -0.020556432962625003
803.0 -0.01293830625625
804.0 -0.005314652898749999
805.0 0.0023028712000000002
806.0 0.0099075031375
807.0 0.0175108704625
808.0 0.0251031718375
809.0 0.0326833556675
810.0 0.040248235040375
811.0 0.04780680336375
812.0 0.055344511217499996
813.0 0.06286678580375
814.0 0.07036380065
815.0 0.077838757275
816.0 0.085293311675
817.0 0.0927204298625
818.0 0.100120314425
819.0 0.10749399885
820.0 0.1148433924
821.0 0.12215732141249999
822.0 0.1294447219625
823.0 0.1366942273375
824.0 0.14390831727499998
825.0 0.1510817046125
826.0 0.15822723049999998
827.0 0.16533185925
828.0 0.172384632875
829.0 0.17939419862500003
830.0 0.186361059625
831.0 0.193288115625
832.0 0.2001591045
833.0 0.206972883875
834.0 0.21374733375000002
835.0 0.22046448662499996
836.0 0.22712980775
837.0 0.23374260775
838.0 0.240312045375
839.0 0.24683186237500002
840.0 0.25329952687499996
841.0 0.259700233125
842.0 0.26605303575
843.0 0.272338442375
844.0 0.27856075012500003
845.0 0.284719284625
846.0 0.29081891275
847.0 0.29685210450000005
848.0 0.302810378375
849.0 0.3087055385
850.0 0.314531564625
851.0 0.32029147449999995
852.0 0.325967948875
853.0 0.33158547075
854.0 0.337131533625
855.0 0.34260398525
856.0 0.34799959874999997
857.0 0.353316866
858.0 0.35854388012500005
859.0 0.363699547875
860.0 0.36877091587500005
861.0 0.37375836825000003
862.0 0.378661532
863.0 0.38349743562499994
864.0 0.388224233
865.0 0.39288592337500006
866.0 0.3974662795
867.0 0.401963245125
868.0 0.40638761975000004
869.0 0.41069189087499997
870.0 0.41492087762499996
871.0 0.41904675575
872.0 0.42309205237499997
873.0 0.427043635375
874.0 0.430906195125
875.0 0.43466127662500004
876.0 0.43833782512499997
877.0 0.441917423125
878.0 0.44539429612500003
879.0 0.448797218625
880.0 0.452090539
881.0 0.45529066387500006
882.0 0.458407558625
883.0 0.461415357875
884.0 0.464319612625
885.0 0.4671222155
886.0 0.4698256515
887.0 0.472430653875
888.0 0.474923644125
889.0 0.47732806575
890.0 0.47963794312499997
891.0 0.481844145875
892.0 0.48393902925
893.0 0.485923435375
894.0 0.487799264375
895.0 0.489575862875
896.0 0.49124689774999997
897.0 0.492817763375
898.0 0.49427423987499997
899.0 0.4956368655
900.0 0.49688683475
901.0 0.49802134925
902.0 0.499060265625
903.0 0.49997682512499997
904.0 0.5008032695
905.0 0.5015176385
906.0 0.50213611875
907.0 0.502636384
908.0 0.503045663125
909.0 0.5033534765000001
910.0 0.5035342947500001
911.0 0.5036156923749999
912.0 0.5035822765
913.0 0.503416262625
914.0 0.50315986575
915.0 0.502811845375
916.0 0.5023495035
917.0 0.50177398325
918.0 0.501100041
919.0 0.500326223625
920.0 0.4994489922499999
921.0 0.49846810112500006
922.0 0.49737330524999995
923.0 0.4961772374999999
924.0 0.49487402299999994
925.0 0.49348621812500004
926.0 0.491974871625
927.0 0.490353397875
928.0 0.48863515262499996
929.0 0.48679905012499997
930.0 0.484888404625
931.0 0.48286936062499997
932.0 0.48074723024999994
933.0 0.478512871875
934.0 0.476194359375
935.0 0.4737608992499999
936.0 0.47123810275
937.0 0.46860856925
938.0 0.46588602662500006
939.0 0.46305343125
940.0 0.4601247162499999
941.0 0.457109768
942.0 0.454003948625
943.0 0.45079660075
944.0 0.44749443975000003
945.0 0.44409650925
946.0 0.440625969125
947.0 0.43704451612499995
948.0 0.43337647987499994
949.0 0.42960853875
950.0 0.42575152212499995
951.0 0.42180387675000003
952.0 0.41776605687500007
953.0 0.413644738625
954.0 0.40943674737499997
955.0 0.405142139625
956.0 0.40076349675
957.0 0.39631324637500004
958.0 0.391771271875
959.0 0.38716220875
960.0 0.3824533335
961.0 0.377679064875
962.0 0.37280937649999996
963.0 0.367864608875
964.0 0.36284158774999997
965.0 0.357730511625
966.0 0.352546036125
967.0 0.347299475125
968.0 0.341988597
969.0 0.336595818375
970.0 0.33113189425
971.0 0.32558781287500005
972.0 0.32000078637499996
973.0 0.3143370225
974.0 0.30861761800000004
975.0 0.30280816175
976.0 0.29696328950000006
977.0 0.291052337625
978.0 0.28507184599999996
979.0 0.27901983075000003
980.0 0.27292527425
981.0 0.266773493875
982.0 0.26055301
983.0 0.25427881825
984.0 0.24795087425
985.0 0.24158015649999998
986.0 0.23516007124999994
987.0 0.228677905875
988.0 0.22215249362499997
989.0 0.215584021125
990.0 0.20896569637499998
991.0 0.20230886725
992.0 0.195608003
993.0 0.18886495
994.0 0.18207710787499998
995.0 0.17525322387499997
996.0 0.168385014
997.0 0.16148411762499998
998.0 0.15455257625000002
999.0 0.14759565987499998
1000.0 0.14059903637499999
1001.0 0.1335669821375
1002.0 0.126512837575
1003.0 0.11943597153749999
1004.0 0.11233335174999999
1005.0 0.1051998799
1006.0 0.0980555178375
1007.0 0.0908883414125
1008.0 0.08370502664999999
1009.0 0.076501772375
1010.0 0.06926771767499999
1011.0 0.062035120462499996
1012.0 0.05478573898749999
1013.0 0.04751632415875
1014.0 0.040240934302499996
1015.0 0.032947069842499996
1016.0 0.025640259648125
1017.0 0.018323508452500005
1018.0 0.011002326275
1019.0 0.003687613538750002
1020.0 -0.0036420830474999974
1021.0 -0.0109627891625
1022.0 -0.018286447737500003
1023.0 -0.025609509443749998
1024.0 -0.03292912664375
1025.0 -0.04023182689375
1026.0 -0.047530110775
1027.0 -0.0548173270875
1028.0 -0.06209320956500001
1029.0 -0.06937075253875
1030.0 -0.07662665175
1031.0 -0.0838693960125
1032.0 -0.09109860776249999
1033.0 -0.0983109074125
1034.0 -0.105497093025
1035.0 -0.11265820632500001
1036.0 -0.11980269792499998
1037.0 -0.1269243676875
1038.0 -0.1340333231125
1039.0 -0.14110892455
1040.0 -0.14816329535
1041.0 -0.15519079292500002
1042.0 -0.162187918075
1043.0 -0.1691470585
1044.0 -0.176066893125
1045.0 -0.18297206424999998
1046.0 -0.18982914825
1047.0 -0.196649503
1048.0 -0.20342944012499997
1049.0 -0.21016865049999997
1050.0 -0.216873044125
1051.0 -0.223527969875
1052.0 -0.23012518862500003
1053.0 -0.236697338375
1054.0 -0.24321619787499998
1055.0 -0.24968712025
1056.0 -0.2561111075
1057.0 -0.26248690312500006
1058.0 -0.268802158625
1059.0 -0.275066040375
1060.0 -0.28126652724999995
1061.0 -0.28741972699999996
1062.0 -0.293519482125
1063.0 -0.299554102
1064.0 -0.30552745800000003
1065.0 -0.31144137312500003
1066.0 -0.31728943075
1067.0 -0.32307587187500003
1068.0 -0.32880035399999996
1069.0 -0.33446011312499996
1070.0 -0.34004820875
1071.0 -0.3455773925
1072.0 -0.351036403375
1073.0 -0.356423422625
1074.0 -0.361741677
1075.0 -0.3669974245
1076.0 -0.37216871599999996
1077.0 -0.377266243
1078.0 -0.382284171625
1079.0 -0.38724140062499995
1080.0 -0.39211111874999993
1081.0 -0.39690887162500005
1082.0 -0.4016168975
1083.0 -0.406253900375
1084.0 -0.41080882762500004
1085.0 -0.415293190625
1086.0 -0.41967304799999994
1087.0 -0.4239576235
1088.0 -0.42817119512499996
1089.0 -0.432302400375
1090.0 -0.4363419415
1091.0 -0.440295651375
1092.0 -0.44415578987500004
1093.0 -0.447938565375
1094.0 -0.45161610475
1095.0 -0.4552052803750001
1096.0 -0.458699941625
1097.0 -0.46211401375
1098.0 -0.465441528625
1099.0 -0.46866957475000004
1100.0 -0.471809271625
1101.0 -0.47484984237500005
1102.0 -0.47779519475
1103.0 -0.480633188
1104.0 -0.483384266625
1105.0 -0.486033853125
1106.0 -0.48858287912500004
1107.0 -0.49103293574999995
1108.0 -0.493401862625
1109.0 -0.495644953
1110.0 -0.49780487662499995
1111.0 -0.499871116
1112.0 -0.501826238
1113.0 -0.50367965575
1114.0 -0.50543077675
1115.0 -0.507077444375
1116.0 -0.50861511
1117.0 -0.5100537537500001
1118.0 -0.511379491625
1119.0 -0.5126094633749999
1120.0 -0.5137270837500001
1121.0 -0.514732848875
1122.0 -0.5156579166249999
1123.0 -0.51648162675
1124.0 -0.51719692725
1125.0 -0.517809052
1126.0 -0.5183023438750001
1127.0 -0.518702872125
1128.0 -0.518992580375
1129.0 -0.5191817805000001
1130.0 -0.519268714
1131.0 -0.51923074575
1132.0 -0.519111678
1133.0 -0.51888711
1134.0 -0.51853235075
1135.0 -0.518096149
1136.0 -0.517531111875
1137.0 -0.5168609470000001
1138.0 -0.5160851106250001
1139.0 -0.515210233625
1140.0 -0.514220789125
1141.0 -0.513144374
1142.0 -0.5119614637500001
1143.0 -0.5106841435
1144.0 -0.509295825125
1145.0 -0.50780647625
1146.0 -0.50621508075
1147.0 -0.504530284375
1148.0 -0.50272315
1149.0 -0.50083355975
1150.0 -0.49882673462500005
1151.0 -0.49671824275
1152.0 -0.49451213325
1153.0 -0.49222051725
1154.0 -0.48982631025000006
1155.0 -0.48732487862499996
1156.0 -0.484729878625
1157.0 -0.482034496875
1158.0 -0.47924586012500003
1159.0 -0.476354502125
1160.0 -0.473358769125
1161.0 -0.47027457512500004
1162.0 -0.46707664425000006
1163.0 -0.46380152925000007
1164.0 -0.460426695625
1165.0 -0.456946101125
1166.0 -0.45337855062499993
1167.0 -0.44971597199999996
1168.0 -0.445962470125
1169.0 -0.4421147405
1170.0 -0.43817962362500007
1171.0 -0.43414674337500003
1172.0 -0.43003771825
1173.0 -0.425841301625
1174.0 -0.4215631297500001
1175.0 -0.417197611125
1176.0 -0.41274726749999996
1177.0 -0.40820257
1178.0 -0.403564788375
1179.0 -0.398859389
1180.0 -0.394066274125
1181.0 -0.38921092074999997
1182.0 -0.3842575065
1183.0 -0.379202462625
1184.0 -0.3740892745
1185.0 -0.36888137812500005
1186.0 -0.363622598375
1187.0 -0.358290437625
1188.0 -0.352871783125
1189.0 -0.34738128625
1190.0 -0.34182437512499997
1191.0 -0.336203351625
1192.0 -0.3304989113749999
1193.0 -0.32472833250000005
1194.0 -0.318894751375
1195.0 -0.31299230075000006
1196.0 -0.307017162375
1197.0 -0.300987675625
1198.0 -0.29489803124999997
1199.0 -0.2887542435
1200.0 -0.28253676375000003
1201.0 -0.27625677187500003
1202.0 -0.269924527
1203.0 -0.263538962
1204.0 -0.25708420187500003
1205.0 -0.250584354625
1206.0 -0.24401727675
1207.0 -0.23740550875000005
1208.0 -0.230741851125
1209.0 -0.2240335495
1210.0 -0.21728492900000002
1211.0 -0.21047602025
1212.0 -0.203629726625
1213.0 -0.19674323875
1214.0 -0.18982110175000003
1215.0 -0.18286022537500002
1216.0 -0.17585205275
1217.0 -0.168806505375
1218.0 -0.16171947875
1219.0 -0.15460147975
1220.0 -0.1474496944875
1221.0 -0.1402702071375
1222.0 -0.1330546281125
1223.0 -0.12580796231250002
1224.0 -0.118524827875
1225.0 -0.11122035426249999
1226.0 -0.10388889078749998
1227.0 -0.09653639135
1228.0 -0.089152753225
1229.0 -0.08175050237499999
1230.0 -0.07432825248750001
1231.0 -0.066889030425
1232.0 -0.059435754658750006
1233.0 -0.051968438054999996
1234.0 -0.04447407995375
1235.0 -0.03698056381124999
1236.0 -0.02947271321
1237.0 -0.021957661712499996
1238.0 -0.014436381403749999
1239.0 -0.0069033707137500025
1240.0 0.0006255974698750012
1241.0 0.00816794246625
1242.0 0.01570406194
1243.0 0.02324322474625
1244.0 0.0307883581375
1245.0 0.038331666825
1246.0 0.04586353735
1247.0 0.053388745091249995
1248.0 0.0609151809825
1249.0 0.06842619263375
1250.0 0.0759352040375
1251.0 0.08342490143875
1252.0 0.0909062473875
1253.0 0.0983681959875
1254.0 0.10581828838750001
1255.0 0.11324293352499999
1256.0 0.12065519338750001
1257.0 0.1280552605625
1258.0 0.1354173496625
1259.0 0.1427597672875
1260.0 0.15007526243750002
1261.0 0.1573719430625
1262.0 0.1646457574875
1263.0 0.1718913066625
1264.0 0.17910556399999997
1265.0 0.18627438512500002
1266.0 0.193417532125
1267.0 0.20053351662499996
1268.0 0.207601400125
1269.0 0.214634954875
1270.0 0.22163108925000002
1271.0 0.22858072275
1272.0 0.2354890835
1273.0 0.242348991375
1274.0 0.24916737912499998
1275.0 0.25594090475
1276.0 0.262666070875
1277.0 0.26934896225
1278.0 0.2759747915
1279.0 0.28254791725
1280.0 0.289059232875
1281.0 0.295530391875
1282.0 0.301943887125
1283.0 0.308299452
1284.0 0.31459919000000003
1285.0 0.320846732625
1286.0 0.327026240375
1287.0 0.33314524225000003
1288.0 0.339201081375
1289.0 0.34519691775
1290.0 0.351118434125
1291.0 0.356987346
1292.0 0.36278568212500006
1293.0 0.3685342035
1294.0 0.37420410287500006
1295.0 0.379801508
1296.0 0.3853148296250001
1297.0 0.3907540255
1298.0 0.39612728724999996
1299.0 0.401415791375
1300.0 0.4066286162499999
1301.0 0.41176996762499996
1302.0 0.41682232537499997
1303.0 0.421834032875
1304.0 0.42673497287500006
1305.0 0.43156575012500004
1306.0 0.43630494924999996
1307.0 0.44097724562499996
1308.0 0.44555354475000003
1309.0 0.450051248
1310.0 0.45446554949999995
1311.0 0.4587956704999999
1312.0 0.463033758
1313.0 0.46717963737500007
1314.0 0.47124321774999994
1315.0 0.47519826525
1316.0 0.47907164699999993
1317.0 0.482860967375
1318.0 0.48654547350000005
1319.0 0.490151870875
1320.0 0.493656251375
1321.0 0.4970444105
1322.0 0.5003621540000001
1323.0 0.503575176125
1324.0 0.5066821017500001
1325.0 0.509705346125
1326.0 0.51264119525
1327.0 0.515472848125
1328.0 0.518211975625
1329.0 0.52083616325
1330.0 0.523381512375
1331.0 0.5257975945
1332.0 0.5281202048749999
1333.0 0.5303271523749999
1334.0 0.532430864875
1335.0 0.534435574
1336.0 0.536350011875
1337.0 0.5381640271250001
1338.0 0.53986964375
1339.0 0.54147462525
1340.0 0.54298006
1341.0 0.5443736165
1342.0 0.545668572
1343.0 0.546859905
1344.0 0.54795338225
1345.0 0.548945777125
1346.0 0.549826324
1347.0 0.5505851803749999
1348.0 0.551250830125
1349.0 0.551801294
1350.0 0.552245713625
1351.0 0.55258598925
1352.0 0.5528161600000001
1353.0 0.5529485121250001
1354.0 0.55296400925
1355.0 0.552870512
1356.0 0.552685692875
1357.0 0.552395768375
1358.0 0.55198986075
1359.0 0.551475212
1360.0 0.550855428125
1361.0 0.5501251817499999
1362.0 0.549286656125
1363.0 0.5483243613750001
1364.0 0.5472700745
1365.0 0.5461235046249999
1366.0 0.544880643625
1367.0 0.54352107625
1368.0 0.542049221625
1369.0 0.5404829235
1370.0 0.5387843773750001
1371.0 0.5370154157500001
1372.0 0.5351258517499999
1373.0 0.533146806125
1374.0 0.531063184125
1375.0 0.52886898075
1376.0 0.5265687405
1377.0 0.52415623525
1378.0 0.5216527879999999
1379.0 0.519043948375
1380.0 0.516329675875
1381.0 0.513527136125
1382.0 0.510621052125
1383.0 0.50761455675
1384.0 0.504489984125
1385.0 0.5012778416250001
1386.0 0.49795881275000003
1387.0 0.4945501945
1388.0 0.4910441785
1389.0 0.48743874212500005
1390.0 0.48373096074999994
1391.0 0.479938682125
1392.0 0.47604909524999994
1393.0 0.4720500408750001
1394.0 0.46796765562500003
1395.0 0.46378439675
1396.0 0.4595240505
1397.0 0.4551697595
1398.0 0.450725715625
1399.0 0.446227815
1400.0 0.441617585625
1401.0 0.436907902375
1402.0 0.43213434125000005
1403.0 0.427246779125
1404.0 0.422295924375
1405.0 0.4172524735
1406.0 0.412134446125
1407.0 0.40694711724999993
1408.0 0.40166966974999996
1409.0 0.3963022937499999
1410.0 0.39087619262499995
1411.0 0.385365899625
1412.0 0.37979028012500005
1413.0 0.37413111325
1414.0 0.36839603987499997
1415.0 0.362589162
1416.0 0.3567054755
1417.0 0.35077013825
1418.0 0.344752036
1419.0 0.33867628875
1420.0 0.33252796924999994
1421.0 0.326315444
1422.0 0.32004431637499997
1423.0 0.31369688362500003
1424.0 0.30728819225000004
1425.0 0.30081238975
1426.0 0.29429619562500003
1427.0 0.28772212199999997
1428.0 0.28107781525
1429.0 0.274382518625
1430.0 0.26763586525
1431.0 0.260846313
1432.0 0.25399747675
1433.0 0.24708726074999998
1434.0 0.24015479175
1435.0 0.23316426762499998
1436.0 0.226111091625
1437.0 0.21901241325
1438.0 0.21187566775
1439.0 0.20468608100000002
1440.0 0.19746182299999998
1441.0 0.19019495325000002
1442.0 0.18289090875000003
1443.0 0.17554707087500002
1444.0 0.168171134875
1445.0 0.16076592912499998
1446.0 0.15332493007499998
1447.0 0.14585164177499998
1448.0 0.138359216875
1449.0 0.1308320173875
1450.0 0.1232910023625
1451.0 0.11571109668749999
1452.0 0.10810210368749999
1453.0 0.10046389517500001
1454.0 0.09281471975
1455.0 0.08514437274999999
1456.0 0.0774539082125
1457.0 0.06975199188749999
1458.0 0.062028600811250015
1459.0 0.054287998495125
1460.0 0.04653432401625
1461.0 0.03876745308249999
1462.0 0.030989125709999996
1463.0 0.023193800657875
1464.0 0.015396844480000005
1465.0 0.007593073175000003
1466.0 -0.0002011403387500001
1467.0 -0.008012923468749999
1468.0 -0.015810729825
1469.0 -0.023619781718750003
1470.0 -0.031413638026249996
1471.0 -0.0392053674375
1472.0 -0.046990932237500005
1473.0 -0.0547781093825
1474.0 -0.0625476349
1475.0 -0.070303435825
1476.0 -0.0780651913875
1477.0 -0.08579721742649998
1478.0 -0.0935206750575
1479.0 -0.1012179459
1480.0 -0.1089091189875
1481.0 -0.116563674875
1482.0 -0.124222303
1483.0 -0.1318549356125
1484.0 -0.13947457729999999
1485.0 -0.1470480909625
1486.0 -0.15459901095
1487.0 -0.16212806742499997
1488.0 -0.16963905836249998
1489.0 -0.1770998070875
1490.0 -0.18453495008749998
1491.0 -0.19193451474999998
1492.0 -0.19930413174999997
1493.0 -0.20663714225000002
1494.0 -0.21393792337499998
1495.0 -0.22118386625
1496.0 -0.22838212549999998
1497.0 -0.23555042999999998
1498.0 -0.24267156975
1499.0 -0.249738898125
1500.0 -0.25675964
1501.0 -0.26373527750000003
1502.0 -0.27066886225000003
1503.0 -0.277542783
1504.0 -0.28436472275
1505.0 -0.291135693125
1506.0 -0.297845138
1507.0 -0.3045147305
1508.0 -0.311133042
1509.0 -0.317685270625
1510.0 -0.32417923225
1511.0 -0.330617267625
1512.0 -0.3369927705
1513.0 -0.34330354649999995
1514.0 -0.34955404712500004
1515.0 -0.355737563125
1516.0 -0.361851327125
1517.0 -0.36790164175
1518.0 -0.373878907375
1519.0 -0.379766728875
1520.0 -0.38559101887499997
1521.0 -0.391355018875
1522.0 -0.39704270287499993
1523.0 -0.402640037125
1524.0 -0.408170122625
1525.0 -0.41361959300000006
1526.0 -0.41900344575000004
1527.0 -0.42430405325000004
1528.0 -0.42951726912500005
1529.0 -0.434674508875
1530.0 -0.43973281599999997
1531.0 -0.44471159574999997
1532.0 -0.449603781125
1533.0 -0.454404711875
1534.0 -0.459109611875
1535.0 -0.4637390935
1536.0 -0.46825166399999996
1537.0 -0.4726958685
1538.0 -0.47705176099999996
1539.0 -0.48130686575000003
1540.0 -0.48547644187499994
1541.0 -0.48955502349999996
1542.0 -0.4935347249999999
1543.0 -0.497436557
1544.0 -0.501242291125
1545.0 -0.504946719875
1546.0 -0.5085632354999999
1547.0 -0.5120835265
1548.0 -0.51551239925
1549.0 -0.518839675875
1550.0 -0.522062152625
1551.0 -0.5251852795
1552.0 -0.528206631625
1553.0 -0.531125806125
1554.0 -0.53394634275
1555.0 -0.5366542226250001
1556.0 -0.5392577982500001
1557.0 -0.5417647510000001
1558.0 -0.54418095575
1559.0 -0.546494286625
1560.0 -0.5486869142499999
1561.0 -0.5507842675
1562.0 -0.552802689375
1563.0 -0.554712995875
1564.0 -0.556514464375
1565.0 -0.558211364
1566.0 -0.559794656875
1567.0 -0.561257958375
1568.0 -0.5626202525
1569.0 -0.563877463375
1570.0 -0.5650182591249999
1571.0 -0.56607852125
1572.0 -0.567015156
1573.0 -0.567863211
1574.0 -0.5685854553749999
1575.0 -0.5692067965000001
1576.0 -0.5697189945
1577.0 -0.5701232926249999
1578.0 -0.5704098120000001
1579.0 -0.5706078485
1580.0 -0.57068444775
1581.0 -0.570650130375
1582.0 -0.570483893125
1583.0 -0.57021626825
1584.0 -0.5698383673749999
1585.0 -0.56936045
1586.0 -0.56876545375
1587.0 -0.568058319375
1588.0 -0.5672672615
1589.0 -0.566357404
1590.0 -0.56534560775
1591.0 -0.564225189375
1592.0 -0.563000656625
1593.0 -0.561661988375
1594.0 -0.5602209121249999
1595.0 -0.558670736875
1596.0 -0.557012371875
1597.0 -0.55523122825
1598.0 -0.5533581080000001
1599.0 -0.5513634530000001
1600.0 -0.549275018125
1601.0 -0.547073371625
1602.0 -0.544782452125
1603.0 -0.5423754081250001
1604.0 -0.5398650691250001
1605.0 -0.5372661725
1606.0 -0.53457661725
1607.0 -0.5317817702500001
1608.0 -0.528873328125
1609.0 -0.525878690125
1610.0 -0.52279425775
1611.0 -0.5195900314999999
1612.0 -0.516282625625
1613.0 -0.5128833763750001
1614.0 -0.509382251625
1615.0 -0.50578701125
1616.0 -0.502096451875
1617.0 -0.49833047387499996
1618.0 -0.49446376037500006
1619.0 -0.490494623625
1620.0 -0.48643772662500007
1621.0 -0.48230979225
1622.0 -0.47806094600000004
1623.0 -0.47373571275
1624.0 -0.46932786699999995
1625.0 -0.464817226
1626.0 -0.46023594225
1627.0 -0.45555772262499994
1628.0 -0.450791683
1629.0 -0.44595011325
1630.0 -0.441015180125
1631.0 -0.435996238125
1632.0 -0.43090014899999995
1633.0 -0.42570523174999997
1634.0 -0.42044598237499997
1635.0 -0.415089864125
1636.0 -0.40967661525
1637.0 -0.40417251374999996
1638.0 -0.39859612662499994
1639.0 -0.39295561612499996
1640.0 -0.38723912825000006
1641.0 -0.38145324950000004
1642.0 -0.37559432537500004
1643.0 -0.369676317875
1644.0 -0.36367849637500005
1645.0 -0.35761516175
1646.0 -0.35147685925
1647.0 -0.345276292375
1648.0 -0.339012328625
1649.0 -0.33267410862499996
1650.0 -0.3262949065
1651.0 -0.31986317025
1652.0 -0.31337309262499996
1653.0 -0.30681402612500003
1654.0 -0.30019920875000006
1655.0 -0.29353960225000003
1656.0 -0.28682407174999996
1657.0 -0.280043925875
1658.0 -0.2732093315
1659.0 -0.266328411125
1660.0 -0.25938546100000004
1661.0 -0.252404322875
1662.0 -0.24537212775000003
1663.0 -0.238283568875
1664.0 -0.23115383287500002
1665.0 -0.223992420375
1666.0 -0.2167973855
1667.0 -0.209546405875
1668.0 -0.202262137
1669.0 -0.194950412875
1670.0 -0.18760229274999998
1671.0 -0.18021674462500004
1672.0 -0.172799279
1673.0 -0.165353692875
1674.0 -0.157888979675
1675.0 -0.150398305475
1676.0 -0.14287526435
1677.0 -0.1353403162875
1678.0 -0.12777191591249998
1679.0 -0.12017597723750001
1680.0 -0.1125566676375
1681.0 -0.1049264185625
1682.0 -0.0972617730125
1683.0 -0.08958770992500002
1684.0 -0.0818971851875
1685.0 -0.07419085629375001
1686.0 -0.066468424697375
1687.0 -0.058741492026249995
1688.0 -0.051006495913750005
1689.0 -0.043259686850000006
1690.0 -0.0355079004075
1691.0 -0.027751856258749995
1692.0 -0.01998755939875
1693.0 -0.01221100535
1694.0 -0.00444219355
1695.0 0.0033245533612499996
1696.0 0.0111110519513
1697.0 0.0188739334575
1698.0 0.026630507252499998
1699.0 0.0343823176
1700.0 0.042118763575
1701.0 0.049847890662500005
1702.0 0.057569459695
1703.0 0.065273669606125
1704.0 0.07296685315750001
1705.0 0.08064669663749999
1706.0 0.08830561131
1707.0 0.09595166048875
1708.0 0.1035735113625
1709.0 0.11117978621249999
1710.0 0.118762549725
1711.0 0.126308897475
1712.0 0.13383156755
1713.0 0.14133333786250002
1714.0 0.1488042701375
1715.0 0.15623653182500002
1716.0 0.16365315009999998
1717.0 0.1710274591
1718.0 0.17837817050000002
1719.0 0.18569186601249998
1720.0 0.1929635656125
1721.0 0.20019849875000004
1722.0 0.20738621612500002
1723.0 0.21452689237499997
1724.0 0.22162781650000002
1725.0 0.22870130475
1726.0 0.23573038149999997
1727.0 0.24271057162500004
1728.0 0.249629503125
1729.0 0.256493127
1730.0 0.26332752037499996
1731.0 0.270091336125
1732.0 0.2768106125
1733.0 0.28347354950000003
1734.0 0.290087645875
1735.0 0.29665162987499993
1736.0 0.30313297
1737.0 0.3095861115
1738.0 0.31596741062499994
1739.0 0.32227249262499996
1740.0 0.328523097625
1741.0 0.33470846899999995
1742.0 0.34081855787500004
1743.0 0.34686267012500005
1744.0 0.35284228987500005
1745.0 0.35875109187500004
1746.0 0.36458592850000004
1747.0 0.37035263700000004
1748.0 0.3760309145
1749.0 0.381641313375
1750.0 0.387192145125
1751.0 0.3926675655
1752.0 0.39807279037499993
1753.0 0.403403263375
1754.0 0.40865153800000004
1755.0 0.41381980475
1756.0 0.41890721375
1757.0 0.423905518
1758.0 0.42882175762499997
1759.0 0.43366193775
1760.0 0.43842505275
1761.0 0.44308035074999996
1762.0 0.4476380945
1763.0 0.45213370774999995
1764.0 0.456526361375
1765.0 0.46084645775
1766.0 0.465063169625
1767.0 0.46921869725
1768.0 0.47326903775
1769.0 0.47721459725
1770.0 0.4810820855
1771.0 0.48485210525000005
1772.0 0.48850712175
1773.0 0.49207347249999994
1774.0 0.49557187025000005
1775.0 0.498950675125
1776.0 0.502235583875
1777.0 0.50542704775
1778.0 0.5085248873749999
1779.0 0.5115064867500001
1780.0 0.5144056193750001
1781.0 0.51720358825
1782.0 0.5199061075
1783.0 0.522506643125
1784.0 0.52501619225
1785.0 0.5274245776250001
1786.0 0.52972016125
1787.0 0.53193046525
1788.0 0.5340257885
1789.0 0.53601391975
1790.0 0.5379104987500001
1791.0 0.539688113875
1792.0 0.541363522375
1793.0 0.542942255625
1794.0 0.5444149822500001
1795.0 0.54579392075
1796.0 0.547045387375
1797.0 0.54820738725
1798.0 0.54924269025
1799.0 0.55018714075
1800.0 0.5510100648749999
1801.0 0.5517400652500001
1802.0 0.552338421375
1803.0 0.55284974725
1804.0 0.5532499104999999
1805.0 0.5535422265000001
1806.0 0.55374359325
1807.0 0.553824663125
1808.0 0.553813643875
1809.0 0.55369088075
1810.0 0.553465865625
1811.0 0.553149327625
1812.0 0.552727833375
1813.0 0.5521799625
1814.0 0.55155403925
1815.0 0.5508022307500001
1816.0 0.5499353855
1817.0 0.548958770875
1818.0 0.54787829525
1819.0 0.5467021241250001
1820.0 0.5454125403750001
1821.0 0.544032849375
1822.0 0.542527616
1823.0 0.540940568
1824.0 0.53923041375
1825.0 0.537411906125
1826.0 0.535509742875
1827.0 0.5335059016249999
1828.0 0.531395942
1829.0 0.529185663875
1830.0 0.526881162125
1831.0 0.524492729375
1832.0 0.521986916625
1833.0 0.51939538875
1834.0 0.5167046525
1835.0 0.51389085875
1836.0 0.5110107512500001
1837.0 0.5080140307500001
1838.0 0.5049361885
1839.0 0.501750201
1840.0 0.49846617125
1841.0 0.49508320925000004
1842.0 0.49160617225000003
1843.0 0.488046076125
1844.0 0.484393723375
1845.0 0.48064395775
1846.0 0.476796858
1847.0 0.47287035
1848.0 0.46885087337500003
1849.0 0.464731544
1850.0 0.46053975062499997
1851.0 0.45626466362500007
1852.0 0.45189893625
1853.0 0.4474464878750001
1854.0 0.442913558375
1855.0 0.43829724575
1856.0 0.43358901137500006
1857.0 0.428803686125
1858.0 0.42394859725
1859.0 0.41901326912500003
1860.0 0.4139893725
1861.0 0.40889850987500004
1862.0 0.40374207500000003
1863.0 0.398492876625
1864.0 0.39317239462500003
1865.0 0.387771148375
1866.0 0.38230509675
1867.0 0.3767787105
1868.0 0.371163718375
1869.0 0.365471795125
1870.0 0.35972061387500004
1871.0 0.35389723274999996
1872.0 0.348008502125
1873.0 0.342071399
1874.0 0.33605680250000003
1875.0 0.32999582575
1876.0 0.32386065275000003
1877.0 0.3176626935
1878.0 0.31139999800000007
1879.0 0.30507748575
1880.0 0.298715612
1881.0 0.292296314625
1882.0 0.28581484600000007
1883.0 0.27928327225
1884.0 0.272702006625
1885.0 0.26606655500000004
1886.0 0.25938703125
1887.0 0.252660162625
1888.0 0.24589574899999997
1889.0 0.23908444675
1890.0 0.23223487087500003
1891.0 0.2253309805
1892.0 0.21840040762500001
1893.0 0.211419277
1894.0 0.204404212625
1895.0 0.1973657755
1896.0 0.19026753312499997
1897.0 0.18315654350000002
1898.0 0.17600707324999998
1899.0 0.168828277125
1900.0 0.161625907875
1901.0 0.154381893425
1902.0 0.1471326622
1903.0 0.139836071975
1904.0 0.13252195890000001
1905.0 0.12519499188750002
1906.0 0.11784796935000003
1907.0 0.1104737385
1908.0 0.10308282068749999
1909.0 0.0956789122375
1910.0 0.08826159405
1911.0 0.08083484774625
1912.0 0.0734041658765
1913.0 0.06595050432575
1914.0 0.0585024568825
1915.0 0.051035731275
1916.0 0.0435902819125
1917.0 0.036114858128749996
1918.0 0.028640548755000002
1919.0 0.021163489675000004
1920.0 0.013689926605000003
1921.0 0.006211017862500003
1922.0 -0.0012599739749999984
1923.0 -0.00872591033
1924.0 -0.016202262685
1925.0 -0.02366087856
1926.0 -0.031116342850000003
1927.0 -0.038568362512499996
1928.0 -0.046005898125
1929.0 -0.053432539635
1930.0 -0.060848359759625006
1931.0 -0.06824287954750001
1932.0 -0.07562636911250001
1933.0 -0.082991308525
1934.0 -0.090320402415
1935.0 -0.09764255572125
1936.0 -0.1049357736425
1937.0 -0.11221037193750001
1938.0 -0.1194502854125
1939.0 -0.1266761745625
1940.0 -0.1338556405
1941.0 -0.1410191934625
1942.0 -0.1481297188375
1943.0 -0.15521512643750002
1944.0 -0.16227949127500002
1945.0 -0.1693109915
1946.0 -0.176296089
1947.0 -0.18324692753750002
1948.0 -0.19016114147500002
1949.0 -0.19703874837500002
1950.0 -0.2038584705
1951.0 -0.21063464599999998
1952.0 -0.217379916625
1953.0 -0.224054036625
1954.0 -0.23070802537500001
1955.0 -0.23730256200000002
1956.0 -0.243858329875
1957.0 -0.250369455625
1958.0 -0.25683028075000003
1959.0 -0.26322979675
1960.0 -0.26958235537499997
1961.0 -0.27586599624999997
1962.0 -0.28210614437500003
1963.0 -0.28829995737499997
1964.0 -0.294433949625
1965.0 -0.3004889675
1966.0 -0.306484019375
1967.0 -0.312411509625
1968.0 -0.31827792325
1969.0 -0.32410097312499997
1970.0 -0.32984063237500005
1971.0 -0.335519723625
1972.0 -0.34111697225
1973.0 -0.34664895374999993
1974.0 -0.352104723375
1975.0 -0.3574992715
1976.0 -0.362820562
1977.0 -0.36806201574999997
1978.0 -0.37323737887499997
1979.0 -0.37834053500000003
1980.0 -0.383353613375
1981.0 -0.38829201075
1982.0 -0.393149450375
1983.0 -0.39792111512500006
1984.0 -0.402623284625
1985.0 -0.40724355375000004
1986.0 -0.41179922587499995
1987.0 -0.41627771775
1988.0 -0.42066942150000003
1989.0 -0.42497378962500004
1990.0 -0.4291912355
1991.0 -0.433323502625
1992.0 -0.43737199525000003
1993.0 -0.441332206
1994.0 -0.44520925712500004
1995.0 -0.44901163125
1996.0 -0.45269323875
1997.0 -0.456295095375
1998.0 -0.4598186835
1999.0 -0.463222090125
2000.0 -0.46655153112500003
2001.0 -0.4697784035
2002.0 -0.472905889125
2003.0 -0.47594855350000004
2004.0 -0.478896576875
2005.0 -0.481757238375
2006.0 -0.48450805624999993
2007.0 -0.4871597775
2008.0 -0.48972520975000006
2009.0 -0.492185793625
2010.0 -0.49456486475
2011.0 -0.4968244805
2012.0 -0.49900899449999997
2013.0 -0.5010834745
2014.0 -0.5030588582500001
2015.0 -0.504949078
2016.0 -0.50672937175
2017.0 -0.5084152667499999
2018.0 -0.510014250875
2019.0 -0.511489733875
2020.0 -0.5128721781250001
2021.0 -0.5141493865
2022.0 -0.51532682775
2023.0 -0.516395501625
2024.0 -0.51737700775
2025.0 -0.51825052475
2026.0 -0.519029636
2027.0 -0.5196967161249999
2028.0 -0.52028127375
2029.0 -0.5207631177500001
2030.0 -0.5211296303749999
2031.0 -0.521406062
2032.0 -0.52156494925
2033.0 -0.5216260663750001
2034.0 -0.521591477125
2035.0 -0.5214472935
2036.0 -0.521209765375
2037.0 -0.5208550915
2038.0 -0.52040233475
2039.0 -0.519854873375
2040.0 -0.5192136279999999
2041.0 -0.5184550731249999
2042.0 -0.517598558125
2043.0 -0.5166315287500001
2044.0 -0.51555610075
2045.0 -0.5143780485
2046.0 -0.513106714875
2047.0 -0.5117301605
2048.0 -0.5102725997499999
2049.0 -0.5087046995
2050.0 -0.507044211125
2051.0 -0.505284514125
2052.0 -0.5034348555
2053.0 -0.501475568875
2054.0 -0.4994244426250001
2055.0 -0.497281946375
2056.0 -0.49503986162499997
2057.0 -0.49270470075
2058.0 -0.49027713762499997
2059.0 -0.48775963112500004
2060.0 -0.485134288625
2061.0 -0.48239131275
2062.0 -0.479587804375
2063.0 -0.47669406612500004
2064.0 -0.47369846325
2065.0 -0.47060249000000004
2066.0 -0.467440128375
2067.0 -0.4641719125
2068.0 -0.46081737812499995
2069.0 -0.4573838151249999
2070.0 -0.45384366825
2071.0 -0.45022391524999994
2072.0 -0.44650332262500003
2073.0 -0.4426969365
2074.0 -0.4388271905000001
2075.0 -0.43486876037499994
2076.0 -0.430827200375
2077.0 -0.426679596375
2078.0 -0.422469146625
2079.0 -0.41815537975
2080.0 -0.413756940625
2081.0 -0.409293882375
2082.0 -0.404751323125
2083.0 -0.400131799125
2084.0 -0.395428933125
2085.0 -0.390666570625
2086.0 -0.38581871250000005
2087.0 -0.3808955625
2088.0 -0.37590052949999997
2089.0 -0.370836790625
2090.0 -0.36569326375
2091.0 -0.3604884295
2092.0 -0.35521106787500006
2093.0 -0.34987207125
2094.0 -0.344465371375
2095.0 -0.33899543075
2096.0 -0.333451636125
2097.0 -0.327850699625
2098.0 -0.32218568775000006
2099.0 -0.31645986075000004
2100.0 -0.31068257424999995
2101.0 -0.304831057875
2102.0 -0.298926187625
2103.0 -0.29297286825
2104.0 -0.286958634875
2105.0 -0.280889323125
2106.0 -0.274780180375
2107.0 -0.268611567
2108.0 -0.262399206
2109.0 -0.256128039125
2110.0 -0.24980997675000002
2111.0 -0.24345585525
2112.0 -0.23703118424999997
2113.0 -0.230575591375
2114.0 -0.22406079599999998
2115.0 -0.21752443725000004
2116.0 -0.21095249987499998
2117.0 -0.20434020475
2118.0 -0.19770257925
2119.0 -0.191014368875
2120.0 -0.184291476375
2121.0 -0.17754445787499998
2122.0 -0.1707512496125
2123.0 -0.16393867781250002
2124.0 -0.157092669025
2125.0 -0.15022319172499998
2126.0 -0.1433235835875
2127.0 -0.13639663905000002
2128.0 -0.1294627651
2129.0 -0.12248345562500002
2130.0 -0.1154945217875
2131.0 -0.10848218055
2132.0 -0.10145831229999999
2133.0 -0.0944020266375
2134.0 -0.08734597511249999
2135.0 -0.08026621113125
2136.0 -0.073186808769375
2137.0 -0.06609277221375
2138.0 -0.0589812917875
2139.0 -0.05187013463750001
2140.0 -0.04474843065000001
2141.0 -0.03760992515875
2142.0 -0.030475395252500002
2143.0 -0.023323403625000003
2144.0 -0.0161859772175
2145.0 -0.00903959210975
2146.0 -0.0019017487875000036
2147.0 0.0052397069625000035
2148.0 0.01238409691625
2149.0 0.0195077332175
2150.0 0.02663657575875
2151.0 0.033764920011250005
2152.0 0.04087470395625
2153.0 0.047985425232500004
2154.0 0.0550788437625
2155.0 0.0621484715125
2156.0 0.06921560145000001
2157.0 0.076255551825
2158.0 0.0832886185375
2159.0 0.0902975525
2160.0 0.0973018337025
2161.0 0.1042663947625
2162.0 0.11120672405250001
2163.0 0.1181247758125
2164.0 0.125021484325
2165.0 0.13187918875
2166.0 0.138723403725
2167.0 0.14552724488750002
2168.0 0.1522981343
2169.0 0.1590289544
2170.0 0.16573387012500002
2171.0 0.1723920152875
2172.0 0.17903221967500002
2173.0 0.185624118675
2174.0 0.19217838275000002
2175.0 0.19871191317500003
2176.0 0.205188184
2177.0 0.211616734125
2178.0 0.21801659087499997
2179.0 0.224350359375
2180.0 0.23065146799999997
2181.0 0.23690085125000002
2182.0 0.2431124785
2183.0 0.24926218762500002
2184.0 0.2553577105
2185.0 0.26139267525000004
2186.0 0.267379624875
2187.0 0.27330738675
2188.0 0.27917636749999997
2189.0 0.284994071375
2190.0 0.29075732449999997
2191.0 0.296468066
2192.0 0.302137667375
2193.0 0.30771439349999996
2194.0 0.313213687375
2195.0 0.31866502025000004
2196.0 0.32405256274999994
2197.0 0.3293614145
2198.0 0.33462619600000004
2199.0 0.33979984175
2200.0 0.344908073375
2201.0 0.349941466125
2202.0 0.35490661475
2203.0 0.359798561625
2204.0 0.36461249725
2205.0 0.36935020975
2206.0 0.37401808425000005
2207.0 0.378606744
2208.0 0.383119978125
2209.0 0.387560434625
2210.0 0.39191072425
2211.0 0.39618313675
2212.0 0.40037086974999997
2213.0 0.40449130175000003
2214.0 0.408523112625
2215.0 0.41248187425
2216.0 0.416356909875
2217.0 0.42012451212500007
2218.0 0.42382558425
2219.0 0.42743945875000006
2220.0 0.43095869200000003
2221.0 0.43438760187500003
2222.0 0.43775023525000006
2223.0 0.441025316625
2224.0 0.444196827625
2225.0 0.4472752175
2226.0 0.4502658435
2227.0 0.453177701625
2228.0 0.45599095887499996
2229.0 0.458700426
2230.0 0.4613160565
2231.0 0.46384487662500007
2232.0 0.466275859625
2233.0 0.46861277125000006
2234.0 0.4708631745
2235.0 0.472997721375
2236.0 0.47505344099999997
2237.0 0.47701265287499994
2238.0 0.47886660312499996
2239.0 0.480630941625
2240.0 0.48229461912500005
2241.0 0.483852718125
2242.0 0.48531496525
2243.0 0.48670355600000004
2244.0 0.48796683175
2245.0 0.489160031
2246.0 0.49024902662500003
2247.0 0.49123603475
2248.0 0.4921229035
2249.0 0.49290091550000004
2250.0 0.49360736075
2251.0 0.4942114985
2252.0 0.49471306449999997
2253.0 0.4951191246250001
2254.0 0.49541659287499995
2255.0 0.49562198299999993
2256.0 0.4957225955
2257.0 0.4957292489999999
2258.0 0.4956447519999999
2259.0 0.49545381212500006
2260.0 0.49516373500000005
2261.0 0.49476762487500003
2262.0 0.49428169812500006
2263.0 0.49369531125
2264.0 0.492998901625
2265.0 0.4922095612499999
2266.0 0.49132420874999994
2267.0 0.4903495275
2268.0 0.489285025875
2269.0 0.48811529575
2270.0 0.4868512525
2271.0 0.48547895625
2272.0 0.48400853937500005
2273.0 0.48243326312499996
2274.0 0.480778064625
2275.0 0.47903501612499994
2276.0 0.477185242
2277.0 0.4752516745
2278.0 0.47321570662499995
2279.0 0.47110053524999995
2280.0 0.46889003362500004
2281.0 0.46657551825
2282.0 0.4641650842499999
2283.0 0.46167938425000005
2284.0 0.45909510925
2285.0 0.456423245375
2286.0 0.45366172475000005
2287.0 0.4508151785
2288.0 0.44788465262499993
2289.0 0.444852951875
2290.0 0.44173276037500003
2291.0 0.43852931249999993
2292.0 0.4352344275
2293.0 0.43185602500000003
2294.0 0.42839182912499996
2295.0 0.42485780637500004
2296.0 0.42122703050000004
2297.0 0.417509399375
2298.0 0.413722488875
2299.0 0.4098535105000001
2300.0 0.40588486187500006
2301.0 0.401840198875
2302.0 0.39771855625
2303.0 0.393526446
2304.0 0.38925669350000003
2305.0 0.38489715012500003
2306.0 0.380465913625
2307.0 0.37598209087499995
2308.0 0.3714112005
2309.0 0.366743944625
2310.0 0.36202887812499995
2311.0 0.357243340625
2312.0 0.3523945065
2313.0 0.347486730625
2314.0 0.34249150037500004
2315.0 0.33743429550000004
2316.0 0.33232254175
2317.0 0.32714835175
2318.0 0.32190933087499995
2319.0 0.3165936917500001
2320.0 0.311217081
2321.0 0.30579818425
2322.0 0.30030175475
2323.0 0.29474578425000003
2324.0 0.2891268395
2325.0 0.28345095175
2326.0 0.27771921450000003
2327.0 0.2719362175
2328.0 0.266104398375
2329.0 0.26022440175
2330.0 0.2542854175
2331.0 0.24829822412500002
2332.0 0.24228100475
2333.0 0.23620045374999998
2334.0 0.230079831625
2335.0 0.223908804125
2336.0 0.21769974187499996
2337.0 0.21145132575000003
2338.0 0.205173583625
2339.0 0.19886452525
2340.0 0.19251285574999996
2341.0 0.186121357625
2342.0 0.179683883625
2343.0 0.17322561050000002
2344.0 0.1667227893875
2345.0 0.16020208785
2346.0 0.153653445775
2347.0 0.14705890606250002
2348.0 0.14044840549999998
2349.0 0.13380477572500002
2350.0 0.127135545125
2351.0 0.12044850135
2352.0 0.11374226636249998
2353.0 0.10701250955
2354.0 0.10025662102499999
2355.0 0.0934774910375
2356.0 0.08669545110375002
2357.0 0.07990014348124999
2358.0 0.073089880718875
2359.0 0.06625970969125
2360.0 0.059426768162500004
2361.0 0.052574556775
2362.0 0.045723715337500005
2363.0 0.03886173326125001
2364.0 0.03199789322725
2365.0 0.02513300378875
2366.0 0.0182676192
2367.0 0.011406271362500005
2368.0 0.004536331256249999
2369.0 -0.0023333511912499993
2370.0 -0.00919122248625
2371.0 -0.016046090917500002
2372.0 -0.022896714825
2373.0 -0.0297449293575
2374.0 -0.0365707968975
2375.0 -0.043402886432375
2376.0 -0.050224233883750004
2377.0 -0.057030503162499996
2378.0 -0.0638214687625
2379.0 -0.07060733695
2380.0 -0.07736536342499999
2381.0 -0.08410193905
2382.0 -0.090830568225
2383.0 -0.0975241519375
2384.0 -0.1041945416875
2385.0 -0.11084772372375
2386.0 -0.1174772495725
2387.0 -0.12406654431875001
2388.0 -0.1306430557375
2389.0 -0.13719115873749999
2390.0 -0.143720949925
2391.0 -0.150215574975
2392.0 -0.15666957332499998
2393.0 -0.1631141962875
2394.0 -0.16950444176249999
2395.0 -0.1758709874125
2396.0 -0.18218143833750003
2397.0 -0.18846007894999994
2398.0 -0.1947156694875
2399.0 -0.200912882425
2400.0 -0.2070685419
2401.0 -0.2131975105875
2402.0 -0.21926967912499998
2403.0 -0.22530649975000003
2404.0 -0.23130674375000002
2405.0 -0.23725902475000002
2406.0 -0.243154216625
2407.0 -0.248990545
2408.0 -0.2547793145
2409.0 -0.260513331625
2410.0 -0.2661991475
2411.0 -0.271819694
2412.0 -0.277386654125
2413.0 -0.28290890525
2414.0 -0.288385741375
2415.0 -0.293788248875
2416.0 -0.299125369625
2417.0 -0.304411223375
2418.0 -0.30962801525
2419.0 -0.31478760762499997
2420.0 -0.31989997825
2421.0 -0.32493327562499996
2422.0 -0.32992273025
2423.0 -0.33485310887499997
2424.0 -0.339698426375
2425.0 -0.34447977125
2426.0 -0.34918069662499995
2427.0 -0.35381699725
2428.0 -0.358388695875
2429.0 -0.36289026937499996
2430.0 -0.36729829025
2431.0 -0.37162695450000005
2432.0 -0.37590048825
2433.0 -0.38008445125
2434.0 -0.384183064125
2435.0 -0.388231501
2436.0 -0.392181172875
2437.0 -0.39606719462499995
2438.0 -0.399863075625
2439.0 -0.403576985
2440.0 -0.407220076625
2441.0 -0.41076523062500003
2442.0 -0.41422547400000004
2443.0 -0.41760109749999996
2444.0 -0.42089097225
2445.0 -0.424111895125
2446.0 -0.42724540474999995
2447.0 -0.4302985556249999
2448.0 -0.43327765925
2449.0 -0.436153613
2450.0 -0.43893549975
2451.0 -0.441616956
2452.0 -0.444231707625
2453.0 -0.44673177612500004
2454.0 -0.449152670875
2455.0 -0.4515008479999999
2456.0 -0.45374383425000003
2457.0 -0.455909065875
2458.0 -0.45796934137499995
2459.0 -0.45993252087500003
2460.0 -0.4618041815
2461.0 -0.4636086935
2462.0 -0.465302307125
2463.0 -0.46690285950000004
2464.0 -0.46842430537500007
2465.0 -0.469870746125
2466.0 -0.471201986125
2467.0 -0.47244844587500007
2468.0 -0.4735930115
2469.0 -0.47466289624999997
2470.0 -0.47562430425
2471.0 -0.476490371
2472.0 -0.477271415125
2473.0 -0.47795689112499995
2474.0 -0.47854194412500006
2475.0 -0.47904135675
2476.0 -0.47943201675
2477.0 -0.47974002
2478.0 -0.47994308550000003
2479.0 -0.4800374209999999
2480.0 -0.48004572824999997
2481.0 -0.479947325
2482.0 -0.4797528685
2483.0 -0.47945993775000006
2484.0 -0.47907792775
2485.0 -0.47859367337500003
2486.0 -0.4780117421250001
2487.0 -0.47733557212499994
2488.0 -0.47656988
2489.0 -0.475699164125
2490.0 -0.47474978125
2491.0 -0.47371910887499996
2492.0 -0.472586318875
2493.0 -0.47137660887500005
2494.0 -0.47005989775
2495.0 -0.46865642825000003
2496.0 -0.467155188125
2497.0 -0.46553713825
2498.0 -0.46384373300000004
2499.0 -0.462073072875
2500.0 -0.460194170375
2501.0 -0.45822360375000004
2502.0 -0.456138107875
2503.0 -0.45399944112500007
2504.0 -0.45174422512499995
2505.0 -0.449409268625
2506.0 -0.44698011125
2507.0 -0.44446280237499997
2508.0 -0.441857464625
2509.0 -0.439172010875
2510.0 -0.4363937265
2511.0 -0.433525048125
2512.0 -0.430585663625
2513.0 -0.42754303299999996
2514.0 -0.4244235345
2515.0 -0.421221625
2516.0 -0.41792497399999995
2517.0 -0.41455955050000004
2518.0 -0.41111412649999995
2519.0 -0.40756876400000003
2520.0 -0.40393424037500003
2521.0 -0.40023294462500003
2522.0 -0.396444372625
2523.0 -0.392582822625
2524.0 -0.388642977875
2525.0 -0.384619735125
2526.0 -0.38052911675
2527.0 -0.376350708375
2528.0 -0.37208642062499997
2529.0 -0.36776783324999995
2530.0 -0.363369517125
2531.0 -0.35890624662500004
2532.0 -0.354372233125
2533.0 -0.34977012874999996
2534.0 -0.34510006025
2535.0 -0.340363286375
2536.0 -0.335544683
2537.0 -0.330666858875
2538.0 -0.325722713
2539.0 -0.320728272375
2540.0 -0.3156676665
2541.0 -0.310524281
2542.0 -0.305346727375
2543.0 -0.30009735575
2544.0 -0.294795716
2545.0 -0.2894191072500001
2546.0 -0.283999521125
2547.0 -0.27853983825000006
2548.0 -0.273018878125
2549.0 -0.26744422875
2550.0 -0.261805484125
2551.0 -0.2561245935
2552.0 -0.25039754625
2553.0 -0.24461696112500003
2554.0 -0.238768728625
2555.0 -0.232882313375
2556.0 -0.22695198650000004
2557.0 -0.220969053
2558.0 -0.214945199
2559.0 -0.208886642
2560.0 -0.2027847525
2561.0 -0.196639495875
2562.0 -0.19046000399999996
2563.0 -0.18425044962499998
2564.0 -0.1779931755
2565.0 -0.17171078555
2566.0 -0.16538867348749997
2567.0 -0.1590417659375
2568.0 -0.1526644815375
2569.0 -0.14625564588749998
2570.0 -0.13981513961249997
2571.0 -0.1333516220875
2572.0 -0.12686263475
2573.0 -0.12034884242499999
2574.0 -0.11379059207499999
2575.0 -0.10721659201250001
2576.0 -0.1006118439375
2577.0 -0.094011840425
2578.0 -0.0873825003
2579.0 -0.08074373944624999
2580.0 -0.07407088561625
2581.0 -0.067399665635
2582.0 -0.060695218971250006
2583.0 -0.05399248252500001
2584.0 -0.04726892687499999
2585.0 -0.04055545041250001
2586.0 -0.03382572177374999
2587.0 -0.027106110222499997
2588.0 -0.020372745788750007
2589.0 -0.013639099712500002
2590.0 -0.006908764662499997
2591.0 -0.00016126683874999976
2592.0 0.006575980904625003
2593.0 0.013311590702124999
2594.0 0.020036725921249998
2595.0 0.0267613392625
2596.0 0.0334696526125
2597.0 0.04019053589874999
2598.0 0.04687826476075
2599.0 0.053569357468749995
2600.0 0.060271677125000006
2601.0 0.0669425923125
2602.0 0.073615998575
2603.0 0.080273118825
2604.0 0.0869194163
2605.0 0.09354934575
2606.0 0.1001600395375
2607.0 0.10676170933749998
2608.0 0.11332835403625
2609.0 0.11988209016125001
2610.0 0.12640396554250002
2611.0 0.13289232480500002
2612.0 0.1393572094375
2613.0 0.145801179025
2614.0 0.15220884707500001
2615.0 0.15858617707500003
2616.0 0.164937336825
2617.0 0.1712503976875
2618.0 0.17754483797499998
2619.0 0.1837832425
2620.0 0.18999493879999999
2621.0 0.19617237608750002
2622.0 0.2023095403875
2623.0 0.20840471141250003
2624.0 0.214461057375
2625.0 0.22048206431250003
2626.0 0.22644266124999998
2627.0 0.232357571875
2628.0 0.238229281375
2629.0 0.24406837212500002
2630.0 0.24984868062500004
2631.0 0.25557322237499996
2632.0 0.26124966525
2633.0 0.26688327075
2634.0 0.272452887125
2635.0 0.27797684437500003
2636.0 0.283456739
2637.0 0.2888668925
2638.0 0.29422805825
2639.0 0.29952179275
2640.0 0.304759016125
2641.0 0.309944631625
2642.0 0.31506713675
2643.0 0.32013958712500007
2644.0 0.32514381412500004
2645.0 0.330097289625
2646.0 0.33495282775
2647.0 0.33975584974999995
2648.0 0.344506090625
2649.0 0.34919117574999997
2650.0 0.353802014
2651.0 0.358344443
2652.0 0.362812575
2653.0 0.36722456649999996
2654.0 0.37155544400000007
2655.0 0.375816866625
2656.0 0.3800171465
2657.0 0.38412004325
2658.0 0.38816269125
2659.0 0.39211777600000003
2660.0 0.39600833525000007
2661.0 0.39981900925
2662.0 0.40353457637499995
2663.0 0.407175216875
2664.0 0.41071829174999996
2665.0 0.41419152187499997
2666.0 0.41758278025
2667.0 0.42088264237499995
2668.0 0.4241203405
2669.0 0.4272773675
2670.0 0.43034457787499997
2671.0 0.4333252795
2672.0 0.436235711
2673.0 0.43905097225
2674.0 0.441790189625
2675.0 0.44444526349999997
2676.0 0.44700893024999994
2677.0 0.449467972
2678.0 0.45186462637499997
2679.0 0.454157155
2680.0 0.45636889699999994
2681.0 0.45845948550000004
2682.0 0.460477191875
2683.0 0.46239176024999995
2684.0 0.46422452112500007
2685.0 0.4659892285
2686.0 0.467644330125
2687.0 0.46920508150000007
2688.0 0.47067983437499994
2689.0 0.4720779545
2690.0 0.473364677375
2691.0 0.474549535625
2692.0 0.475644257125
2693.0 0.476631168125
2694.0 0.47754953062499994
2695.0 0.47837050275000004
2696.0 0.479102753
2697.0 0.479730043375
2698.0 0.480262138
2699.0 0.480682578
2700.0 0.481023766125
2701.0 0.48125367237500005
2702.0 0.48138877725
2703.0 0.4814587385
2704.0 0.48142538225
2705.0 0.48128678262499996
2706.0 0.48104514537500004
2707.0 0.480723295125
2708.0 0.480308849375
2709.0 0.47979713225
2710.0 0.47918916875
2711.0 0.478475619375
2712.0 0.4776550495
2713.0 0.4767624625
2714.0 0.47577263412500004
2715.0 0.47470217574999996
2716.0 0.47352279725
2717.0 0.4722524695
2718.0 0.47088878225
2719.0 0.46942661337499997
2720.0 0.46788057325
2721.0 0.4662345795
2722.0 0.464493796375
2723.0 0.46267571662499996
2724.0 0.460775703375
2725.0 0.45877899975
2726.0 0.45669313537499995
2727.0 0.454510592
2728.0 0.452223177875
2729.0 0.44987029199999995
2730.0 0.44742234787500007
2731.0 0.44488886375000003
2732.0 0.442260135
2733.0 0.43954562025000005
2734.0 0.436733193625
2735.0 0.433838345125
2736.0 0.43086029600000003
2737.0 0.4277902765
2738.0 0.42464723825000006
2739.0 0.421439781875
2740.0 0.41813364624999994
2741.0 0.414747785875
2742.0 0.411274295
2743.0 0.40772317725
2744.0 0.40409205100000006
2745.0 0.400380048875
2746.0 0.396573118875
2747.0 0.392701841875
2748.0 0.3887407295
2749.0 0.384717669375
2750.0 0.380599427875
2751.0 0.376433018625
2752.0 0.3721897565
2753.0 0.3678463585
2754.0 0.363438356625
2755.0 0.35899407425
2756.0 0.354441493625
2757.0 0.34981166575
2758.0 0.34512832750000005
2759.0 0.34038508312500004
2760.0 0.33557206025
2761.0 0.330686621375
2762.0 0.32574225575
2763.0 0.320735998625
2764.0 0.3156636355
2765.0 0.31052656087499997
2766.0 0.305322047125
2767.0 0.300054514625
2768.0 0.294734479875
2769.0 0.289357326875
2770.0 0.283923382
2771.0 0.278432656
2772.0 0.272888474125
2773.0 0.26728420525
2774.0 0.261634033125
2775.0 0.25592881425
2776.0 0.250175250625
2777.0 0.24437998225000002
2778.0 0.23852560487500002
2779.0 0.23263298537500002
2780.0 0.226713348125
2781.0 0.220727108375
2782.0 0.214694917125
2783.0 0.20862440200000004
2784.0 0.20251635462500003
2785.0 0.196357862
2786.0 0.190160968375
2787.0 0.18393766399999997
2788.0 0.1776865291125
2789.0 0.17140266303749999
2790.0 0.1650664257
2791.0 0.158711088875
2792.0 0.1523200916125
2793.0 0.145898726875
2794.0 0.139440366525
2795.0 0.13294633475
2796.0 0.12642986
2797.0 0.1198975271875
2798.0 0.11335265151249999
2799.0 0.10677729943749999
2800.0 0.1001654854
2801.0 0.0935378265825
2802.0 0.08689673472624998
2803.0 0.08023482374625
2804.0 0.0735558822325
2805.0 0.06687666267
2806.0 0.06017532389125001
2807.0 0.0534661971375
2808.0 0.04675297877500001
2809.0 0.040017926187500004
2810.0 0.03328094873375
2811.0 0.02654657257975
2812.0 0.01979453410374999
2813.0 0.013034823425000001
2814.0 0.006290223900000002
2815.0 -0.00044717820000000083
2816.0 -0.007206146693750002
2817.0 -0.01395248436625
2818.0 -0.020704467752499997
2819.0 -0.027445300300000003
2820.0 -0.034192300687499996
2821.0 -0.040928525635000004
2822.0 -0.04764846184025
2823.0 -0.054360205787500004
2824.0 -0.061052491962500004
2825.0 -0.06774171096249999
2826.0 -0.0744133021
2827.0 -0.08107614565
2828.0 -0.08771412780000001
2829.0 -0.09431941452499999
2830.0 -0.100927357425
2831.0 -0.1075121591025
2832.0 -0.11407688268124999
2833.0 -0.12061874323124999
2834.0 -0.12713605866250002
2835.0 -0.133633721575
2836.0 -0.1401105093875
2837.0 -0.1465602871625
2838.0 -0.15298577203750002
2839.0 -0.1593813621125
2840.0 -0.1657429095875
2841.0 -0.17206888741249998
2842.0 -0.178368838875
2843.0 -0.1846320321875
2844.0 -0.19086286211250003
2845.0 -0.1970507288625
2846.0 -0.2031990214875
2847.0 -0.2093053701875
2848.0 -0.21538814988750002
2849.0 -0.22142064937500003
2850.0 -0.22740253912500002
2851.0 -0.233347119875
2852.0 -0.23923708324999998
2853.0 -0.24507668450000003
2854.0 -0.250858858125
2855.0 -0.25661263612499996
2856.0 -0.26229925825
2857.0 -0.267930828
2858.0 -0.27352550800000003
2859.0 -0.279062686375
2860.0 -0.28453014225
2861.0 -0.289954369875
2862.0 -0.29532445975
2863.0 -0.30061301599999996
2864.0 -0.305846979625
2865.0 -0.31103613975
2866.0 -0.3161609265
2867.0 -0.32121188925
2868.0 -0.326219229125
2869.0 -0.33115510275
2870.0 -0.3360276075
2871.0 -0.34081601525
2872.0 -0.345557252
2873.0 -0.35025434375000003
2874.0 -0.35485643537499995
2875.0 -0.35940782362500007
2876.0 -0.36387790000000003
2877.0 -0.368297517375
2878.0 -0.37263438100000007
2879.0 -0.37690921875000005
2880.0 -0.381115716125
2881.0 -0.385224375875
2882.0 -0.3892530725
2883.0 -0.39320677125000003
2884.0 -0.397085547375
2885.0 -0.4008862005
2886.0 -0.404597193125
2887.0 -0.408235225875
2888.0 -0.41177862887500005
2889.0 -0.41525600074999997
2890.0 -0.41865000874999997
2891.0 -0.42196694775000004
2892.0 -0.4251985141249999
2893.0 -0.42834439874999997
2894.0 -0.431430850375
2895.0 -0.43441835799999995
2896.0 -0.43732331700000004
2897.0 -0.440115731125
2898.0 -0.44285494087500005
2899.0 -0.44547640149999995
2900.0 -0.448030267
2901.0 -0.450494188875
2902.0 -0.45285097487500003
2903.0 -0.455145359125
2904.0 -0.45734563824999996
2905.0 -0.45943905425000003
2906.0 -0.46146342900000004
2907.0 -0.46337766199999997
2908.0 -0.46521138775000004
2909.0 -0.46695398175
2910.0 -0.468611236625
2911.0 -0.470175635
2912.0 -0.471640907125
2913.0 -0.47302758325
2914.0 -0.474310387
2915.0 -0.4755115025
2916.0 -0.47660880162499997
2917.0 -0.47762456525
2918.0 -0.478534024125
2919.0 -0.479341857375
2920.0 -0.48006722337499996
2921.0 -0.48070341699999997
2922.0 -0.48122270424999997
2923.0 -0.48163220275
2924.0 -0.48197202387500004
2925.0 -0.482220698
2926.0 -0.48237995437500003
2927.0 -0.48241949812499996
2928.0 -0.482401873875
2929.0 -0.482280183375
2930.0 -0.48207131025
2931.0 -0.48174366737499996
2932.0 -0.48134784399999997
2933.0 -0.4808248955
2934.0 -0.480239436
2935.0 -0.47954063475
2936.0 -0.478779655
2937.0 -0.47790324324999994
2938.0 -0.476926446125
2939.0 -0.475859411
2940.0 -0.474707677875
2941.0 -0.47346718599999993
2942.0 -0.47212425987500006
2943.0 -0.47069810700000003
2944.0 -0.46916870775
2945.0 -0.46755098925
2946.0 -0.46584602462499997
2947.0 -0.4640563875
2948.0 -0.46218781937500003
2949.0 -0.460227728125
2950.0 -0.45816003149999995
2951.0 -0.45601911475
2952.0 -0.4537694863749999
2953.0 -0.451449114875
2954.0 -0.44904334837500004
2955.0 -0.446550991375
2956.0 -0.4439734557500001
2957.0 -0.441301073875
2958.0 -0.438543811375
2959.0 -0.43569715325
2960.0 -0.43275477725000006
2961.0 -0.429734580125
2962.0 -0.42663580549999996
2963.0 -0.4234542845
2964.0 -0.420172952125
2965.0 -0.41681813062499995
2966.0 -0.41337649887499994
2967.0 -0.409878581875
2968.0 -0.40627621475
2969.0 -0.40258880337499997
2970.0 -0.39884697275
2971.0 -0.395011320625
2972.0 -0.391099155
2973.0 -0.3871255815
2974.0 -0.3830793612500001
2975.0 -0.378959611
2976.0 -0.37476820125000004
2977.0 -0.370503366
2978.0 -0.36617274975
2979.0 -0.361748598625
2980.0 -0.35727278874999996
2981.0 -0.352717135125
2982.0 -0.34809331224999995
2983.0 -0.34340121212499997
2984.0 -0.33864602075
2985.0 -0.333822287625
2986.0 -0.328935399625
2987.0 -0.323979009125
2988.0 -0.318957675125
2989.0 -0.31388362875000003
2990.0 -0.308742098375
2991.0 -0.30353051225
2992.0 -0.29827841737500005
2993.0 -0.292961988625
2994.0 -0.28758370875
2995.0 -0.282153325
2996.0 -0.27666368350000003
2997.0 -0.271111615
2998.0 -0.265506791
2999.0 -0.259859582375
3000.0 -0.25416739825
