1.0 0.9903733908
2.0 0.9863334775
3.0 0.981034881
4.0 0.9742640137000003
5.0 0.9659685133
6.0 0.9561566354
7.0 0.9448457778
8.0 0.9320517719
9.0 0.9177859783000001
10.0 0.9020738068
11.0 0.8849322558000001
12.0 0.8664175034999999
13.0 0.8465431032999999
14.0 0.8253713011
15.0 0.8029471039
16.0 0.77931149
17.0 0.75453645
18.0 0.728651941
19.0 0.7017227888
20.0 0.6737924275999999
21.0 0.6449111998
22.0 0.6151411830999999
23.0 0.584522581
24.0 0.553115815
25.0 0.5209778011000001
26.0 0.4881573647
27.0 0.45471450090000004
28.0 0.42071012859999996
29.0 0.3862098783
30.0 0.3512722401
31.0 0.3159550905
32.0 0.2803053826
33.0 0.24439278850000004
34.0 0.2082811072
35.0 0.1720140129
36.0 0.1356579534
37.0 0.09926182335
38.0 0.06288971603
39.0 0.026583714077999997
40.0 -0.009595861011
41.0 -0.045600834130000004
42.0 -0.08137866552999999
43.0 -0.11687392525
44.0 -0.1520389288
45.0 -0.18681874130000004
46.0 -0.2211614177
47.0 -0.2550298513
48.0 -0.2883625208
49.0 -0.32112321259999993
50.0 -0.3532566964
51.0 -0.3847264201
52.0 -0.41548331990000004
53.0 -0.4454895854
54.0 -0.4747069537
55.0 -0.5030906079999999
56.0 -0.5306057154999999
57.0 -0.5572074711
58.0 -0.5828725516
59.0 -0.6075716376
60.0 -0.6312510728000001
61.0 -0.6538883626
62.0 -0.6754541636
63.0 -0.6959188996000001
64.0 -0.7152643560999999
65.0 -0.7334666789000001
66.0 -0.7504921914
67.0 -0.7663336934
68.0 -0.7809607267
69.0 -0.7943551838999999
70.0 -0.806496346
71.0 -0.8173700332000001
72.0 -0.8269594728999999
73.0 -0.8352492451
74.0 -0.8422321200999999
75.0 -0.8479101239000002
76.0 -0.8522696793000002
77.0 -0.8552970647999999
78.0 -0.8569994332
79.0 -0.8573801577
80.0 -0.8564242662000001
81.0 -0.8541418015
82.0 -0.8505385755000001
83.0 -0.8456079841999999
84.0 -0.8393607022000001
85.0 -0.8318144261999999
86.0 -0.8229794743000001
87.0 -0.8128775180000002
88.0 -0.8015194595
89.0 -0.7889107467000002
90.0 -0.7750847579
91.0 -0.7600552201
92.0 -0.7438517331
93.0 -0.7264826895000001
94.0 -0.7079776644
95.0 -0.6883806409
96.0 -0.6677012741999999
97.0 -0.6459743203
98.0 -0.6232217072000001
99.0 -0.5994882166
100.0 -0.5747989058
101.0 -0.5491936088000001
102.0 -0.5227119356
103.0 -0.4953989683000001
104.0 -0.4672873795
105.0 -0.43842330259999995
106.0 -0.40883502069999994
107.0 -0.37857369469999996
108.0 -0.3476803244
109.0 -0.31620829710000004
110.0 -0.2841944813
111.0 -0.2516889618
112.0 -0.21874071499999997
113.0 -0.18539759220000002
114.0 -0.15171032392
115.0 -0.11773058144
116.0 -0.08351212319000001
117.0 -0.049106898727000005
118.0 -0.014572738297000001
119.0 0.020043906537
120.0 0.05468598715999999
121.0 0.08930449082
122.0 0.12383316210999998
123.0 0.1582250998
124.0 0.1924218593
125.0 0.22636683870000002
126.0 0.2600064472
127.0 0.2932932183
128.0 0.3261723666
129.0 0.3585865826
130.0 0.3904860735
131.0 0.4218048035
132.0 0.45250081140000004
133.0 0.4825152904
134.0 0.5117987989
135.0 0.5403034361
136.0 0.5679916143999999
137.0 0.594800526
138.0 0.6206883014999999
139.0 0.6456047477
140.0 0.6695086897
141.0 0.6923637092
142.0 0.7141145050000001
143.0 0.7347250581
144.0 0.7541613043
145.0 0.7723951993
146.0 0.7893805742999999
147.0 0.8050886094999999
148.0 0.8194981158000001
149.0 0.8325884281999999
150.0 0.8443271577000001
151.0 0.8547031641
152.0 0.8636839806
153.0 0.8712564288
154.0 0.8774175822
155.0 0.882145381
156.0 0.8854468109000001
157.0 0.8873085678000001
158.0 0.8877349794
159.0 0.8867277920000001
160.0 0.8842947067000001
161.0 0.8804319025
162.0 0.8751597583
163.0 0.8684907914
164.0 0.8604319095000001
165.0 0.8510022877999999
166.0 0.8402196408
167.0 0.8281155229000001
168.0 0.8147108138
169.0 0.8000287948
170.0 0.7841084064
171.0 0.7669908225
172.0 0.7486954034
173.0 0.7292563378000001
174.0 0.7087241829
175.0 0.6871300399
176.0 0.6645153283999999
177.0 0.6409198583
178.0 0.6163980901999999
179.0 0.5909795821999999
180.0 0.5647247672999999
181.0 0.5376765399
182.0 0.5098860086
183.0 0.48139993849999996
184.0 0.4522762567
185.0 0.4225497574
186.0 0.39227700819999994
187.0 0.36151214239999996
188.0 0.3303019778
189.0 0.29869849819999994
190.0 0.26675000930000003
191.0 0.2345113365
192.0 0.20204554190000007
193.0 0.1693957672
194.0 0.13661418598
195.0 0.10374493988
196.0 0.070849130135
197.0 0.037978818729999995
198.0 0.0051825076
199.0 -0.027486682685599995
200.0 -0.059990034995
201.0 -0.092267614149
202.0 -0.12427107483
203.0 -0.15595245966000001
204.0 -0.18726321076
205.0 -0.21816534240000002
206.0 -0.2486057802
207.0 -0.2785391108
208.0 -0.3079274342
209.0 -0.33672838669999994
210.0 -0.36489894389999994
211.0 -0.39240213029999993
212.0 -0.41920650589999997
213.0 -0.44526661049999994
214.0 -0.4705431193
215.0 -0.4950084448000001
216.0 -0.518619731
217.0 -0.5413511872000001
218.0 -0.5631696789999999
219.0 -0.5840439199999999
220.0 -0.6039445103
221.0 -0.6228492141
222.0 -0.6407297610999999
223.0 -0.6575666965
224.0 -0.6733355045
225.0 -0.6880088865000001
226.0 -0.7015722333
227.0 -0.714010185
228.0 -0.725315833
229.0 -0.7354591905
230.0 -0.7444456636999999
231.0 -0.7522509991999999
232.0 -0.7588629902000001
233.0 -0.7642794608
234.0 -0.7684901656
235.0 -0.771502608
236.0 -0.7732977806999999
237.0 -0.7738802434
238.0 -0.7732520759
239.0 -0.7714172602
240.0 -0.7683665156
241.0 -0.7641196668
242.0 -0.7586821019000001
243.0 -0.7520567655
244.0 -0.7442652582999999
245.0 -0.7353092373000001
246.0 -0.7252030014999999
247.0 -0.7139760909999999
248.0 -0.7016354920000001
249.0 -0.6881943824
250.0 -0.6736786307000001
251.0 -0.6581109465
252.0 -0.6415048716999999
253.0 -0.6238943755
254.0 -0.6053021878
255.0 -0.5857517092000001
256.0 -0.5652824492
257.0 -0.5439173162
258.0 -0.5216900796
259.0 -0.498632735
260.0 -0.4747849734
261.0 -0.45018245589999994
262.0 -0.42486322220000006
263.0 -0.39885558779999997
264.0 -0.372203973
265.0 -0.3449475587
266.0 -0.31712807560000006
267.0 -0.28879159540000005
268.0 -0.25997312349999996
269.0 -0.23071923849999995
270.0 -0.20107064974999997
271.0 -0.17108162959
272.0 -0.14078888032
273.0 -0.11024139684519
274.0 -0.07949016213000001
275.0 -0.04858303705000001
276.0 -0.017563380639999994
277.0 0.013520019929999998
278.0 0.044628622088459996
279.0 0.07570091729
280.0 0.10668181795000001
281.0 0.137530283152
282.0 0.16820762369
283.0 0.19865689795000002
284.0 0.22882978029999998
285.0 0.2586772815
286.0 0.2881455183
287.0 0.31718507710000005
288.0 0.3457571641
289.0 0.3738008469
290.0 0.40127967899999994
291.0 0.42815284140000004
292.0 0.4543728799
293.0 0.4798997432
294.0 0.5046889454
295.0 0.5287018777
296.0 0.5518992841999999
297.0 0.5742332906
298.0 0.5956709921
299.0 0.6161818682000001
300.0 0.6357224882
301.0 0.6542417824
302.0 0.6717318534000001
303.0 0.6881589057
304.0 0.7034939707000001
305.0 0.7177063049000001
306.0 0.7307666063000001
307.0 0.7426633358
308.0 0.7533639372
309.0 0.7628594696
310.0 0.7711377024
311.0 0.7781939327
312.0 0.7840108334
313.0 0.7885682582
314.0 0.791872418
315.0 0.7939189734000001
316.0 0.7946967066
317.0 0.7942130566
318.0 0.7924721658
319.0 0.7894705474000001
320.0 0.7852198957999998
321.0 0.7797350405
322.0 0.7730340361000001
323.0 0.7651203333
324.0 0.7560236752
325.0 0.745765084
326.0 0.7343471824999999
327.0 0.7218015312
328.0 0.7081494808000001
329.0 0.6934082031
330.0 0.6776115297999998
331.0 0.6607933223
332.0 0.6429934143999999
333.0 0.6242326111000001
334.0 0.6045501825999999
335.0 0.5839830427
336.0 0.5625677198999999
337.0 0.5403413772000001
338.0 0.5173400313000001
339.0 0.4936050058
340.0 0.46918358210000005
341.0 0.44410980659999993
342.0 0.41842880529999993
343.0 0.392182511
344.0 0.3654180541
345.0 0.33818640260000005
346.0 0.3105215504
347.0 0.2824709014
348.0 0.254088781
349.0 0.2254086643
350.0 0.19648491431999998
351.0 0.16734976209
352.0 0.13807652084900002
353.0 0.10869892089670001
354.0 0.07925614384999999
355.0 0.04979675747000001
356.0 0.020369834459999993
357.0 -0.008978208130000002
358.0 -0.038202452576999994
359.0 -0.067259030824
360.0 -0.09610080801854999
361.0 -0.12468039023
362.0 -0.15296223812
363.0 -0.18090853274000002
364.0 -0.20846532726000003
365.0 -0.2356009578
366.0 -0.2622808994
367.0 -0.2884641796
368.0 -0.3141139031
369.0 -0.33918884690000006
370.0 -0.36365463740000004
371.0 -0.3874788792
372.0 -0.41062246249999995
373.0 -0.4330588072
374.0 -0.4547493936000001
375.0 -0.47566448159999997
376.0 -0.4957703888
377.0 -0.5150430888
378.0 -0.5334609716
379.0 -0.5509889932
380.0 -0.5676097213
381.0 -0.5832982957
382.0 -0.5980305672
383.0 -0.6118006528
384.0 -0.6245663405
385.0 -0.6363242445999999
386.0 -0.6470579983
387.0 -0.6567521570999999
388.0 -0.6653925956000001
389.0 -0.6729663073000001
390.0 -0.679462874
391.0 -0.6848714710000001
392.0 -0.6892008007999999
393.0 -0.6924313068
394.0 -0.6945620834
395.0 -0.695590949
396.0 -0.6955168902
397.0 -0.6943382381000001
398.0 -0.6920641182999999
399.0 -0.6887036143999999
400.0 -0.6842545747
401.0 -0.6787297428000001
402.0 -0.6721199244
403.0 -0.6644458889000001
404.0 -0.6557321279999999
405.0 -0.6459795355
406.0 -0.6352061479000001
407.0 -0.6234250604
408.0 -0.6106469391999999
409.0 -0.5968967317999999
410.0 -0.5821987003
411.0 -0.5665821016
412.0 -0.5500606239
413.0 -0.5326534898
414.0 -0.5143981635999999
415.0 -0.49531117069999997
416.0 -0.4754250466
417.0 -0.4547717274
418.0 -0.4333849653
419.0 -0.4112962039
420.0 -0.3885379403
421.0 -0.3651378526
422.0 -0.34113615300000005
423.0 -0.31657373469999994
424.0 -0.2914847427
425.0 -0.2659116873
426.0 -0.23989082190999994
427.0 -0.21346014927999998
428.0 -0.18666138651000003
429.0 -0.15953993907000003
430.0 -0.132126706356
431.0 -0.10446997833
432.0 -0.07661536073
433.0 -0.04860126832
434.0 -0.020470067140000003
435.0 0.007728207410000002
436.0 0.035956174820000006
437.0 0.064164609761
438.0 0.09230621438
439.0 0.12033916946
440.0 0.148213526353
441.0 0.17588703297
442.0 0.20330776583
443.0 0.23043778774999998
444.0 0.2572366989
445.0 0.2836568639
446.0 0.3096616522
447.0 0.3351951077
448.0 0.36022050670000005
449.0 0.38469627800000006
450.0 0.40859074299999987
451.0 0.43185102940000003
452.0 0.45444237009999994
453.0 0.47633278379999994
454.0 0.4974834443000001
455.0 0.5178632974
456.0 0.5374416561
457.0 0.5561749725999999
458.0 0.5740426213
459.0 0.5909963250000001
460.0 0.6070237994000001
461.0 0.6221064448
462.0 0.6362012445
463.0 0.6492992343
464.0 0.6613712192000001
465.0 0.672404325
466.0 0.6823802172999999
467.0 0.6912887215000001
468.0 0.699098128
469.0 0.7058057426999998
470.0 0.7114077925
471.0 0.7158861636999999
472.0 0.7192389429
473.0 0.7214562297
474.0 0.7225419581
475.0 0.7225012003999999
476.0 0.7213357329
477.0 0.7190430224
478.0 0.7156219782000001
479.0 0.7110957683
480.0 0.7054560542
481.0 0.6987285853
482.0 0.6909175693
483.0 0.6820426138
484.0 0.6721104980000001
485.0 0.6611512841
486.0 0.6491891621
487.0 0.6362410635
488.0 0.6223350730999999
489.0 0.6074907273
490.0 0.5917370767
491.0 0.5751053394
492.0 0.5576140076
493.0 0.5393036722
494.0 0.5202126056
495.0 0.5003609091
496.0 0.47978312370000004
497.0 0.45851517909999995
498.0 0.4365995302
499.0 0.4140670331
500.0 0.3909573808
501.0 0.36730698500000003
502.0 0.34315318609999995
503.0 0.3185390981
504.0 0.2935068697
505.0 0.26809652139999995
506.0 0.24235391902999998
507.0 0.21631475801
508.0 0.19002383770000003
509.0 0.163523355466
510.0 0.136852475858
511.0 0.11005580656
512.0 0.08317060251
513.0 0.05623605541
514.0 0.02930374589999999
515.0 0.002417989100000001
516.0 -0.02438316897
517.0 -0.05105187631
518.0 -0.07754770427600001
519.0 -0.10383367199
520.0 -0.129876046766
521.0 -0.15563716245999998
522.0 -0.18106518696
523.0 -0.20613645908000003
524.0 -0.23080544176
525.0 -0.255043056
526.0 -0.2788056956
527.0 -0.302061963
528.0 -0.3247713596
529.0 -0.3469101294
530.0 -0.3684404255
531.0 -0.3893205166
532.0 -0.4095217465
533.0 -0.42902064039999993
534.0 -0.4477869182
535.0 -0.46580141189999996
536.0 -0.4830401868000001
537.0 -0.49947877529999996
538.0 -0.5150935234000001
539.0 -0.5298514992000001
540.0 -0.5437327056
541.0 -0.5567321031000001
542.0 -0.5688235314
543.0 -0.5799981474
544.0 -0.5902361275000001
545.0 -0.5995132176
546.0 -0.6078193396
547.0 -0.6151553334
548.0 -0.6215085893000001
549.0 -0.6268636227000001
550.0 -0.6312177151999999
551.0 -0.6345574170999999
552.0 -0.6368864416
553.0 -0.6381965635
554.0 -0.638498357
555.0 -0.6377755223999999
556.0 -0.6360376356999999
557.0 -0.6332863628000001
558.0 -0.6295313090000001
559.0 -0.6247918873
560.0 -0.6190540792000001
561.0 -0.6123336585
562.0 -0.6046411157
563.0 -0.595984897
564.0 -0.5863797337000001
565.0 -0.5758461893
566.0 -0.5643960089
567.0 -0.5520508498000001
568.0 -0.5388178169999999
569.0 -0.5247216313
570.0 -0.5097903192
571.0 -0.49404115959999995
572.0 -0.4774937108
573.0 -0.46018496740000003
574.0 -0.44212452469999997
575.0 -0.4233403608
576.0 -0.4038607493
577.0 -0.3837245138
578.0 -0.3629638657
579.0 -0.3416054688
580.0 -0.31967497380000004
581.0 -0.29720842758
582.0 -0.2742417202
583.0 -0.25081986265999995
584.0 -0.22696953077
585.0 -0.20272740619000001
586.0 -0.178132717002
587.0 -0.15321838355799997
588.0 -0.12801576347299998
589.0 -0.10257226368999998
590.0 -0.07693184395
591.0 -0.05113478828000001
592.0 -0.025214646739999996
593.0 0.000783785040000004
594.0 0.026815183729999997
595.0 0.052847956969
596.0 0.078831321604
597.0 0.104719687511
598.0 0.13048207402999998
599.0 0.156073148734
600.0 0.18145650606000002
601.0 0.20659550698999998
602.0 0.23143817189
603.0 0.25593849719999995
604.0 0.2800682262
605.0 0.30378427510000006
606.0 0.3270507022
607.0 0.3498350785
608.0 0.3720934748
609.0 0.3937893691
610.0 0.41487581139999996
611.0 0.43532547050000003
612.0 0.45511423349999997
613.0 0.47419422569999997
614.0 0.49252814649999993
615.0 0.5101028354
616.0 0.5268841685
617.0 0.5428530245000001
618.0 0.5579696475
619.0 0.5722016424999999
620.0 0.5855346532000001
621.0 0.5979500740000001
622.0 0.6094349861999999
623.0 0.6199573457
624.0 0.6295095979
625.0 0.6380768685
626.0 0.6456338227
627.0 0.6521843731
628.0 0.6577135920999999
629.0 0.6622145652
630.0 0.6656728922999999
631.0 0.6681019842
632.0 0.6694832294999999
633.0 0.6698228269000002
634.0 0.6691243766999999
635.0 0.6673805356000001
636.0 0.6646000563
637.0 0.6607914926
638.0 0.6559598415999999
639.0 0.6501135140000001
640.0 0.6432671845
641.0 0.6354259521
642.0 0.6266104997
643.0 0.6168346793
644.0 0.6061240942000001
645.0 0.5944920124
646.0 0.5819609344
647.0 0.5685548632
648.0 0.5542913795
649.0 0.5392068862
650.0 0.5233184337
651.0 0.5066490202999999
652.0 0.4892326562
653.0 0.47110531940000006
654.0 0.45229586060000004
655.0 0.43283430329999995
656.0 0.4127570466
657.0 0.3920873194
658.0 0.3708651946
659.0 0.34913046220000005
660.0 0.3269161976
661.0 0.30426265966
662.0 0.28120066065000004
663.0 0.25776899457
664.0 0.23400609937
665.0 0.20994495338000002
666.0 0.18563327234800003
667.0 0.1611143423599
668.0 0.136415678347
669.0 0.11158420004
670.0 0.08664981022
671.0 0.061658571849999996
672.0 0.03664571188000001
673.0 0.011655572800000003
674.0 -0.013276063369999997
675.0 -0.03811024355999999
676.0 -0.06280860379740001
677.0 -0.08733731967
678.0 -0.111647711927
679.0 -0.135717088827
680.0 -0.15950066759
681.0 -0.18296735353
682.0 -0.20608517715000002
683.0 -0.22881102338000003
684.0 -0.25111220700000003
685.0 -0.27295421960000005
686.0 -0.29431441430000005
687.0 -0.31514574139999996
688.0 -0.3354277491
689.0 -0.3551359996
690.0 -0.3742441163
691.0 -0.3927111298
692.0 -0.41051422950000005
693.0 -0.4276347608
694.0 -0.4440400661
695.0 -0.45970374639999995
696.0 -0.4746125846
697.0 -0.48873026370000006
698.0 -0.5020400463000001
699.0 -0.5145342707000001
700.0 -0.5261947424000001
701.0 -0.5369817732
702.0 -0.5469046623
703.0 -0.5559395849
704.0 -0.5640801461
705.0 -0.5713054597
706.0 -0.5776061237000001
707.0 -0.5829766393
708.0 -0.5874032825000001
709.0 -0.5908946156
710.0 -0.5934322088
711.0 -0.5950264066000001
712.0 -0.5956626921
713.0 -0.5953425021
714.0 -0.5940630197
715.0 -0.5918392092
716.0 -0.5886549294
717.0 -0.5845281601
718.0 -0.5794690729
719.0 -0.5734799117
720.0 -0.5665682255
721.0 -0.5587469339
722.0 -0.5500245944000002
723.0 -0.5404221654
724.0 -0.5299579515
725.0 -0.5186205355
726.0 -0.5064324497
727.0 -0.49342414
728.0 -0.47961043410000015
729.0 -0.46501089640000004
730.0 -0.4496567562
731.0 -0.4335625604000001
732.0 -0.4167535142
733.0 -0.3992506772
734.0 -0.38108263459999997
735.0 -0.36228104158
736.0 -0.34288137713
737.0 -0.3229046256
738.0 -0.30239199411000006
739.0 -0.28135830136
740.0 -0.25984645946999996
741.0 -0.23788011765836997
742.0 -0.21550756986000003
743.0 -0.19275913621000001
744.0 -0.16966320919
745.0 -0.146263163577
746.0 -0.1225923549
747.0 -0.09867801136000001
748.0 -0.07456981171999999
749.0 -0.050310106599999994
750.0 -0.02591888496
751.0 -0.0014457065999999962
752.0 0.023071419240000005
753.0 0.047609081493
754.0 0.07210827402900001
755.0 0.09653455667000001
756.0 0.12084644690999999
757.0 0.14500539984
758.0 0.16896763451000002
759.0 0.19269866937100003
760.0 0.21616732290000001
761.0 0.23930842400000002
762.0 0.26210912819
763.0 0.2845226557
764.0 0.3065113544
765.0 0.3280455039
766.0 0.34908649159999994
767.0 0.3695931834
768.0 0.3895321158999999
769.0 0.40888052869999997
770.0 0.42758972640000004
771.0 0.44563706230000005
772.0 0.46298959549999996
773.0 0.4796223611
774.0 0.4955036431
775.0 0.5106126664999999
776.0 0.5249286026
777.0 0.5384168477
778.0 0.5510584892
779.0 0.5628361554000001
780.0 0.5737272024
781.0 0.5837216078
782.0 0.5927968145
783.0 0.6009461342000001
784.0 0.6081485241
785.0 0.614402637
786.0 0.619692704
787.0 0.6239974052
788.0 0.627326435
789.0 0.629673487
790.0 0.6310325177
791.0 0.6314155845999999
792.0 0.6308170377
793.0 0.6292446522999999
794.0 0.6267165482000001
795.0 0.6232191592
796.0 0.6187751947000001
797.0 0.6133800923
798.0 0.6070489079
799.0 0.5997973978
800.0 0.591632855
801.0 0.5825695575000001
802.0 0.5726299838
803.0 0.5618257195
804.0 0.5501889406999999
805.0 0.5377349139
806.0 0.5244830907000001
807.0 0.5104454979
808.0 0.49565248660000005
809.0 0.48014544690000005
810.0 0.46393528279999996
811.0 0.44704941800000003
812.0 0.4295189819000001
813.0 0.41137435799999994
814.0 0.39263009276000005
815.0 0.3733319506
816.0 0.35350407051
817.0 0.33318581836999994
818.0 0.31240583472
819.0 0.29119866005
820.0 0.26959310593
821.0 0.247636281299
822.0 0.225366599986
823.0 0.20281095583399997
824.0 0.18000275037900004
825.0 0.156985389169
826.0 0.13378555451000002
827.0 0.11044547432999999
828.0 0.0869981029
829.0 0.0634859092
830.0 0.03993561191999999
831.0 0.016386749029999995
832.0 -0.007126838230000002
833.0 -0.030561250425999997
834.0 -0.05388059704000001
835.0 -0.0770534745254
836.0 -0.10004404696
837.0 -0.12281261369999999
838.0 -0.1453322753763
839.0 -0.167562660839
840.0 -0.18947302102
841.0 -0.21103269199
842.0 -0.23220579182
843.0 -0.25295307051
844.0 -0.27325428360000004
845.0 -0.2930728286
846.0 -0.31237762719999995
847.0 -0.33113627889999997
848.0 -0.34932632140000003
849.0 -0.3669158071
850.0 -0.38388788700000004
851.0 -0.4002167404
852.0 -0.41588606539999995
853.0 -0.43086160710000004
854.0 -0.4451252373
855.0 -0.45865497859999993
856.0 -0.4714376568999999
857.0 -0.48345517220000006
858.0 -0.4946822731
859.0 -0.5051019876
860.0 -0.5147059918000001
861.0 -0.5234823285999999
862.0 -0.5314172446999998
863.0 -0.5384933501999999
864.0 -0.5447053431
865.0 -0.5500538886
866.0 -0.5545118928
867.0 -0.5580847798
868.0 -0.5607615171999999
869.0 -0.5625471353
870.0 -0.5634251995999999
871.0 -0.5634042574
872.0 -0.5624792812999999
873.0 -0.5606485098
874.0 -0.5579209194
875.0 -0.5542989909
876.0 -0.5497883648
877.0 -0.544399941
878.0 -0.5381390662000001
879.0 -0.5310153558999999
880.0 -0.5230380879000001
881.0 -0.5142175257
882.0 -0.5045656666
883.0 -0.49409223790000006
884.0 -0.48282089379999993
885.0 -0.47076275574999993
886.0 -0.45795437629
887.0 -0.44439462579000005
888.0 -0.43010850389999994
889.0 -0.41511186881000006
890.0 -0.39943256526000004
891.0 -0.38309550589999997
892.0 -0.36612047702999995
893.0 -0.3485334677400001
894.0 -0.3303678854639999
895.0 -0.31165120687399994
896.0 -0.29241189881999996
897.0 -0.27267459829
898.0 -0.25246414355999997
899.0 -0.23181873001
900.0 -0.21076680299999997
901.0 -0.1893397344402
902.0 -0.167575193781
903.0 -0.14550505914999998
904.0 -0.12315819600000003
905.0 -0.1005850688
906.0 -0.07781397503000001
907.0 -0.05487418028
908.0 -0.03180965291
909.0 -0.008664295840000003
910.0 0.014532888455999999
911.0 0.03774494464000001
912.0 0.060945403860000004
913.0 0.0840834423814
914.0 0.10713042854999999
915.0 0.13005175217999998
916.0 0.152801070704
917.0 0.175342425753
918.0 0.19764613055000002
919.0 0.21966680482999998
920.0 0.2413764901
921.0 0.262723636
922.0 0.28368592340000004
923.0 0.3042278453
924.0 0.3243061424
925.0 0.34388215089999996
926.0 0.3629412503
927.0 0.3814479559
928.0 0.3993665069
929.0 0.4166726648
930.0 0.43333850209999997
931.0 0.4493409573
932.0 0.46464908720000003
933.0 0.4792328268
934.0 0.4930770515
935.0 0.5061510206000002
936.0 0.5184424755999999
937.0 0.5299279305
938.0 0.5405847401000001
939.0 0.5504051269
940.0 0.5593598304999999
941.0 0.5674469381
942.0 0.5746555447999999
943.0 0.5809759349
944.0 0.5863882064
945.0 0.5908968271000001
946.0 0.5944914370000001
947.0 0.5971677006
948.0 0.5989271938
949.0 0.5997495561
950.0 0.5996535107000001
951.0 0.5986295430999999
952.0 0.5966966316000001
953.0 0.5938466609999999
954.0 0.590098837
955.0 0.5854474768
956.0 0.5798911378
957.0 0.5734621927
958.0 0.5661637276
959.0 0.5580130099
960.0 0.5490202692999999
961.0 0.5392086671
962.0 0.5285892128
963.0 0.5171815917
964.0 0.5050083964000001
965.0 0.4920771211
966.0 0.4784160367
967.0 0.46404775773000007
968.0 0.4490094191500001
969.0 0.43331753544000007
970.0 0.41700447548
971.0 0.40007866524
972.0 0.38258494538
973.0 0.36453593185
974.0 0.34598162195
975.0 0.326938538958
976.0 0.30743859336699997
977.0 0.28751707433999996
978.0 0.26720127064
979.0 0.24653553331999997
980.0 0.22554521355
981.0 0.20427071254
982.0 0.18274464004599997
983.0 0.16099048103
984.0 0.13904469541000003
985.0 0.11694762791999999
986.0 0.09473657379000003
987.0 0.07243353278000002
988.0 0.050079502879999994
989.0 0.027698198549999997
990.0 0.005342328429999996
991.0 -0.016963995921000005
992.0 -0.03918728452000001
993.0 -0.061289954178000004
994.0 -0.0832375001
995.0 -0.10500211796700001
996.0 -0.12655448337000003
997.0 -0.1478501375
998.0 -0.1688576426
999.0 -0.189554424921
1000.0 -0.20990779751000002
1001.0 -0.22987694002000003
1002.0 -0.24943377230999997
1003.0 -0.2685507296
1004.0 -0.2871961221
1005.0 -0.3053467021
1006.0 -0.3229646445
1007.0 -0.34004121410000004
1008.0 -0.3565453498000001
1009.0 -0.3724509985
1010.0 -0.38774172500000004
1011.0 -0.40238842960000004
1012.0 -0.4163685128
1013.0 -0.42966219790000004
1014.0 -0.4422592954
1015.0 -0.4541303666
1016.0 -0.46526466910000003
1017.0 -0.47565147119999995
1018.0 -0.4852598429
1019.0 -0.49408227359999995
1020.0 -0.5021013214
1021.0 -0.509315005
1022.0 -0.5157114745
1023.0 -0.5212858930000002
1024.0 -0.5260208131999999
1025.0 -0.5299143881999999
1026.0 -0.5329468919000001
1027.0 -0.5351271301
1028.0 -0.5364527061000001
1029.0 -0.5369254634
1030.0 -0.5365220725000001
1031.0 -0.5352667748
1032.0 -0.5331587002
1033.0 -0.5302009493
1034.0 -0.5263968110999999
1035.0 -0.5217479275
1036.0 -0.5162671834
1037.0 -0.5099549860000001
1038.0 -0.5028234041999999
1039.0 -0.49488107699999995
1040.0 -0.4861409181
1041.0 -0.47660729066999996
1042.0 -0.4662998752
1043.0 -0.45523469528
1044.0 -0.44342873703999997
1045.0 -0.43090835300999997
1046.0 -0.41768976230000004
1047.0 -0.40379039267999983
1048.0 -0.38922500135
1049.0 -0.37402326907999994
1050.0 -0.35819995801
1051.0 -0.34178670882699996
1052.0 -0.32480115272
1053.0 -0.30727201787999997
1054.0 -0.28923256817
1055.0 -0.27070950009
1056.0 -0.25173070043
1057.0 -0.232331875063
1058.0 -0.21253090110999998
1059.0 -0.19235870384000003
1060.0 -0.171852459659
1061.0 -0.15103420623
1062.0 -0.12993662723
1063.0 -0.10860199699000002
1064.0 -0.08705641030999998
1065.0 -0.06533952921
1066.0 -0.04347823973
1067.0 -0.021514410100000003
1068.0 0.0005227107899999972
1069.0 0.02258756101
1070.0 0.044663627319999996
1071.0 0.066702821506
1072.0 0.08867270748000002
1073.0 0.11054800266999998
1074.0 0.1322812577357
1075.0 0.153841391172
1076.0 0.175199090015
1077.0 0.19630715871
1078.0 0.2171362048
1079.0 0.23765169841000003
1080.0 0.25781410788000003
1081.0 0.27760231497999993
1082.0 0.2969871245
1083.0 0.3159197196
1084.0 0.3343871906
1085.0 0.352348964
1086.0 0.36979086089999996
1087.0 0.3866751775
1088.0 0.4029713153
1089.0 0.4186573922
1090.0 0.433714053
1091.0 0.44809727959999995
1092.0 0.4618125291000001
1093.0 0.47481079680000005
1094.0 0.48708172150000006
1095.0 0.4986062497999999
1096.0 0.5093601465
1097.0 0.5193275451999999
1098.0 0.5284932374
1099.0 0.5368426024999999
1100.0 0.5443681269
1101.0 0.5510552377000001
1102.0 0.5568989424
1103.0 0.5618827968
1104.0 0.5660085454000001
1105.0 0.5692675457
1106.0 0.571644567
1107.0 0.573154442
1108.0 0.5737864988
1109.0 0.5735380025000001
1110.0 0.5724135668
1111.0 0.5704348861
1112.0 0.5675973221999999
1113.0 0.5639037371
1114.0 0.5593557760000001
1115.0 0.5539643989
1116.0 0.5477451740999999
1117.0 0.5407042236
1118.0 0.5328530669999999
1119.0 0.5242092773
1120.0 0.5147814319000001
1121.0 0.5045804588
1122.0 0.49362360459999993
1123.0 0.4819485536
1124.0 0.46955638749999995
1125.0 0.45646975555999997
1126.0 0.44271832929000005
1127.0 0.42832581032999995
1128.0 0.41331845894999997
1129.0 0.39772214999000005
1130.0 0.38156246691
1131.0 0.36485370403
1132.0 0.34763355524
1133.0 0.32992025074000003
1134.0 0.31175015184099997
1135.0 0.293140720064
1136.0 0.27412929502
1137.0 0.254744280147
1138.0 0.23501811131999997
1139.0 0.214980297423
1140.0 0.19466487996600002
1141.0 0.17410134215
1142.0 0.15332539785000002
1143.0 0.13236580866
1144.0 0.11125976745999999
1145.0 0.09002535015000002
1146.0 0.06870710147
1147.0 0.047338596739999995
1148.0 0.025944573959000006
1149.0 0.0045667953799999935
1150.0 -0.0167624931
1151.0 -0.038021598420000004
1152.0 -0.059162654822000005
1153.0 -0.08016853389000002
1154.0 -0.10099552308000001
1155.0 -0.12162205458000001
1156.0 -0.142014644919
1157.0 -0.16213911335999998
1158.0 -0.18197241106400003
1159.0 -0.20146944955
1160.0 -0.22062222567999998
1161.0 -0.23938593122000001
1162.0 -0.25774435255000006
1163.0 -0.2756723352
1164.0 -0.2931337148
1165.0 -0.3101025253
1166.0 -0.326556179
1167.0 -0.342480582
1168.0 -0.3578429818
1169.0 -0.3726231455
1170.0 -0.3868009164999999
1171.0 -0.4003535791
1172.0 -0.41326156849999995
1173.0 -0.42549902060000006
1174.0 -0.4370439352999999
1175.0 -0.44788350469999993
1176.0 -0.4580045238
1177.0 -0.46739807720000004
1178.0 -0.4760448427
1179.0 -0.48392259620000005
1180.0 -0.49102773390000004
1181.0 -0.4973576397
1182.0 -0.5028860777999999
1183.0 -0.5076132908
1184.0 -0.5115266534
1185.0 -0.5146303476
1186.0 -0.5169155671
1187.0 -0.5183800443
1188.0 -0.5190142200000001
1189.0 -0.5188259542
1190.0 -0.5178051754
1191.0 -0.5159646185
1192.0 -0.5132917374
1193.0 -0.5097980097999999
1194.0 -0.5054860232
1195.0 -0.5003675149
1196.0 -0.4944413826
1197.0 -0.48772442489999995
1198.0 -0.48022559649999996
1199.0 -0.471955561
1200.0 -0.4629186378
1201.0 -0.45313195421
1202.0 -0.44261020289999997
1203.0 -0.43137389334
1204.0 -0.41943589753
1205.0 -0.40680248366000005
1206.0 -0.3935019035
1207.0 -0.37955441144999996
1208.0 -0.36497950541999996
1209.0 -0.34980650484000003
1210.0 -0.33404171249000003
1211.0 -0.317723435781
1212.0 -0.300861586799
1213.0 -0.283491258542
1214.0 -0.26564408269999995
1215.0 -0.24733117865
1216.0 -0.22858722920000002
1217.0 -0.209458834675
1218.0 -0.18995130670599997
1219.0 -0.17009760765999998
1220.0 -0.14993290827
1221.0 -0.12948459240000001
1222.0 -0.10878660903
1223.0 -0.08787950189
1224.0 -0.06679257875000001
1225.0 -0.04555357761300001
1226.0 -0.024203050750000007
1227.0 -0.0027672272699999973
1228.0 0.01871491905
1229.0 0.040214431429999996
1230.0 0.061695279467
1231.0 0.08311621601000001
1232.0 0.10444384372999997
1233.0 0.12564862400000001
1234.0 0.14669797991000003
1235.0 0.167544236138
1236.0 0.18815375012000002
1237.0 0.208501871733
1238.0 0.22856081678999995
1239.0 0.24829635495000005
1240.0 0.26767786225000006
1241.0 0.28667243496
1242.0 0.3052500956
1243.0 0.3233786895
1244.0 0.3410233973
1245.0 0.3581575126000001
1246.0 0.37474684430000005
1247.0 0.3907703758
1248.0 0.40620470489999994
1249.0 0.42101714599999995
1250.0 0.4351960375999999
1251.0 0.4487144023000001
1252.0 0.46154578329999996
1253.0 0.473676312
1254.0 0.4850696548
1255.0 0.4957297848000001
1256.0 0.5056308759999999
1257.0 0.5147476941
1258.0 0.5230848459999999
1259.0 0.5306326972
1260.0 0.5373685718
1261.0 0.5432825343000001
1262.0 0.5483672275999999
1263.0 0.5526210679
1264.0 0.5560419098
1265.0 0.5586203009
1266.0 0.5603505611
1267.0 0.5612318294
1268.0 0.561251992
1269.0 0.5604251325
1270.0 0.5587431491
1271.0 0.5562199473
1272.0 0.5528492958
1273.0 0.5486484646
1274.0 0.5436316923
1275.0 0.5378109872000001
1276.0 0.5311936588
1277.0 0.5237841368
1278.0 0.5155955714999999
1279.0 0.5066414996999999
1280.0 0.4969387425999999
1281.0 0.4865071639
1282.0 0.47534638490000003
1283.0 0.46349051059999996
1284.0 0.45095690940000005
1285.0 0.43777410769999997
1286.0 0.42395214507
1287.0 0.40952410840000003
1288.0 0.39450420952000004
1289.0 0.37892404133999996
1290.0 0.3628079395
1291.0 0.34617896595
1292.0 0.32906413063
1293.0 0.311493103924
1294.0 0.29349219165999996
1295.0 0.27507907807
1296.0 0.25629993786
1297.0 0.23718229961600001
1298.0 0.21775218917299996
1299.0 0.19803820030000002
1300.0 0.17807596749000001
1301.0 0.15789200452000002
1302.0 0.13751907044
1303.0 0.11698151088
1304.0 0.09632259840000001
1305.0 0.07556651982
1306.0 0.054746741259999995
1307.0 0.033889438573999994
1308.0 0.013029878970000006
1309.0 -0.007798736879999999
1310.0 -0.028578975780000005
1311.0 -0.049265049899999996
1312.0 -0.06982876788599998
1313.0 -0.09024139563000003
1314.0 -0.110467159972
1315.0 -0.13047715525999998
1316.0 -0.15024469185900002
1317.0 -0.1697403542
1318.0 -0.18893518882
1319.0 -0.207796474048
1320.0 -0.22629977439000007
1321.0 -0.24441547547
1322.0 -0.26212264028
1323.0 -0.27938693304
1324.0 -0.29619553472
1325.0 -0.31250090080000004
1326.0 -0.32829478539999996
1327.0 -0.34354660209999993
1328.0 -0.3582364663
1329.0 -0.3723586918
1330.0 -0.38587409250000004
1331.0 -0.3987704711
1332.0 -0.4110335142
1333.0 -0.4226413445
1334.0 -0.43358166670000003
1335.0 -0.44383580240000003
1336.0 -0.4533781379
1337.0 -0.462198694
1338.0 -0.47029670469999996
1339.0 -0.47764681430000006
1340.0 -0.48424771129999994
1341.0 -0.49009023020000003
1342.0 -0.4951537102
1343.0 -0.49943881920000005
1344.0 -0.5029300957999999
1345.0 -0.5056275995
1346.0 -0.5075235440999999
1347.0 -0.5086125778
1348.0 -0.5088996961
1349.0 -0.5083821610999999
1350.0 -0.507051608
1351.0 -0.5049196854
1352.0 -0.5019815339999999
1353.0 -0.49823626870000004
1354.0 -0.49369698170000004
1355.0 -0.4883851498999999
1356.0 -0.4823044673
1357.0 -0.47544811060000003
1358.0 -0.4678361476000001
1359.0 -0.45947383659999996
1360.0 -0.4503801555
1361.0 -0.4405667610599999
1362.0 -0.43004590643
1363.0 -0.41883894219
1364.0 -0.40696385059000006
1365.0 -0.39442024848999996
1366.0 -0.38122626552
1367.0 -0.36741917645
1368.0 -0.35300587581
1369.0 -0.3380131536534
1370.0 -0.32246715675
1371.0 -0.30638055723
1372.0 -0.28977675417
1373.0 -0.27269475040999996
1374.0 -0.2551471362
1375.0 -0.237169671803
1376.0 -0.218775048071
1377.0 -0.20000794731300003
1378.0 -0.18089174537000002
1379.0 -0.16145491930000003
1380.0 -0.14173115921999996
1381.0 -0.12174229601
1382.0 -0.10152024323999997
1383.0 -0.08109542946
1384.0 -0.06051051009999999
1385.0 -0.039790041714999995
1386.0 -0.018971492559999997
1387.0 0.001913094170000007
1388.0 0.02283875170999999
1389.0 0.04376731505999999
1390.0 0.06466238393
1391.0 0.08549242071470001
1392.0 0.10623242128000002
1393.0 0.1268429764
1394.0 0.14728590914
1395.0 0.167539539819
1396.0 0.18756181583000003
1397.0 0.20732433795
1398.0 0.22680100673
1399.0 0.24595398611100006
1400.0 0.26475996359
1401.0 0.28317729904
1402.0 0.30117429875999996
1403.0 0.3187334395
1404.0 0.335825719
1405.0 0.3524108723
1406.0 0.368468003
1407.0 0.383971846
1408.0 0.39890521900000003
1409.0 0.41323746889999996
1410.0 0.42695086140000005
1411.0 0.4400065305
1412.0 0.45239184649999997
1413.0 0.4640942498999999
1414.0 0.47510225019999996
1415.0 0.4853765503000001
1416.0 0.49490343470000003
1417.0 0.5036788018000001
1418.0 0.5116962788999999
1419.0 0.518934381
1420.0 0.5253789766
1421.0 0.5310230389
1422.0 0.5358594328
1423.0 0.5398731097
1424.0 0.5430718778
1425.0 0.5454319224
1426.0 0.5469624564
1427.0 0.5476635591
1428.0 0.5475291982000001
1429.0 0.5465625019
1430.0 0.5447686119
1431.0 0.5421505452
1432.0 0.5387138696000001
1433.0 0.5344676345
1434.0 0.5294064283000001
1435.0 0.523556392
1436.0 0.5169248283000001
1437.0 0.509526238
1438.0 0.5013678415999999
1439.0 0.49247842439999995
1440.0 0.4828567488
1441.0 0.4725360648
1442.0 0.46151988875999994
1443.0 0.44983841992
1444.0 0.43749576958
1445.0 0.4245124241399999
1446.0 0.41092011081999996
1447.0 0.39673397763
1448.0 0.38198550822
1449.0 0.36669802669199997
1450.0 0.35090622409999994
1451.0 0.33462310758
1452.0 0.31787752390999996
1453.0 0.30069399709
1454.0 0.28310502851999997
1455.0 0.26513983000299995
1456.0 0.24683249765999998
1457.0 0.22820707888300001
1458.0 0.20930157313
1459.0 0.19012820202
1460.0 0.17072906275000002
1461.0 0.1511360405
1462.0 0.13137145719
1463.0 0.111465734126
1464.0 0.09144513496949999
1465.0 0.071340540922
1466.0 0.05118564537000001
1467.0 0.03101131237
1468.0 0.010836526099999999
1469.0 -0.009302678984000001
1470.0 -0.029369471940000003
1471.0 -0.04933783472
1472.0 -0.06917573921
1473.0 -0.088857973294
1474.0 -0.10835126859
1475.0 -0.12762312986000002
1476.0 -0.146651822637
1477.0 -0.165410328
1478.0 -0.18386201587
1479.0 -0.20199492787
1480.0 -0.21975906589000002
1481.0 -0.23713771389799998
1482.0 -0.25409772988
1483.0 -0.27062092318
1484.0 -0.28667567202
1485.0 -0.30225212579999994
1486.0 -0.31732386269999996
1487.0 -0.33186320889999993
1488.0 -0.3458654351
1489.0 -0.3592893994
1490.0 -0.3721279039
1491.0 -0.384365625
1492.0 -0.39597354009999997
1493.0 -0.4069523253000001
1494.0 -0.4172715289999999
1495.0 -0.4269103393
1496.0 -0.43587664209999993
1497.0 -0.44413976450000003
1498.0 -0.45169883879999995
1499.0 -0.45854090970000005
1500.0 -0.46465964610000005
1501.0 -0.47004540650000004
1502.0 -0.4746959755
1503.0 -0.47858748139999996
1504.0 -0.48172331390000006
1505.0 -0.48410726190000003
1506.0 -0.4857227191
1507.0 -0.4865670717
1508.0 -0.4866503216999999
1509.0 -0.48596549099999997
1510.0 -0.4845142172
1511.0 -0.4823016047000001
1512.0 -0.4793302774
1513.0 -0.47560158589999996
1514.0 -0.47111580889999993
1515.0 -0.4658885248500001
1516.0 -0.45992463313
1517.0 -0.45323897615000003
1518.0 -0.4458372522399999
1519.0 -0.43772589407000007
1520.0 -0.42891867457000005
1521.0 -0.41941849714
1522.0 -0.409253093415
1523.0 -0.39844082081200005
1524.0 -0.38698397985
1525.0 -0.37491468367
1526.0 -0.36224509808999994
1527.0 -0.34898835362
1528.0 -0.3351731052600001
1529.0 -0.32081902506000004
1530.0 -0.30594512682999997
1531.0 -0.29058207905
1532.0 -0.27474232023
1533.0 -0.25845364484300004
1534.0 -0.24174491364
1535.0 -0.22463605978999998
1536.0 -0.20714754877
1537.0 -0.18929955443999996
1538.0 -0.17113755780999998
1539.0 -0.15267767361
1540.0 -0.13395124798999997
1541.0 -0.114988462061
1542.0 -0.09581798615399999
1543.0 -0.076466176636
1544.0 -0.05696566584999999
1545.0 -0.037346690140000006
1546.0 -0.017632731269999997
1547.0 0.002152086689999999
1548.0 0.021965633817
1549.0 0.041771660286999995
1550.0 0.06154606762
1551.0 0.08125219331000001
1552.0 0.1008559120268
1553.0 0.12032869776000002
1554.0 0.13963846602
1555.0 0.158770359505
1556.0 0.17768352428
1557.0 0.19634639299999995
1558.0 0.21473845954
1559.0 0.23283389690800002
1560.0 0.2505879334181
1561.0 0.26796755825
1562.0 0.28496285184
1563.0 0.30153774919000004
1564.0 0.31766934922000006
1565.0 0.33333397121999997
1566.0 0.34850123310000003
1567.0 0.36315597369999997
1568.0 0.37728216719999996
1569.0 0.3908383443
1570.0 0.40380736609999995
1571.0 0.41616407550000006
1572.0 0.427889008
1573.0 0.4389684342
1574.0 0.44937717609999994
1575.0 0.45910088709999997
1576.0 0.4681227565
1577.0 0.47644217170000003
1578.0 0.4840489626999999
1579.0 0.4909188392
1580.0 0.4970576778999999
1581.0 0.5024421273999999
1582.0 0.5070651397000001
1583.0 0.5109250143999999
1584.0 0.5140014216
1585.0 0.5162975713
1586.0 0.5178248718
1587.0 0.5185729473
1588.0 0.5185294152
1589.0 0.517697884
1590.0 0.5160888314000001
1591.0 0.5137078152
1592.0 0.5105600460999999
1593.0 0.5066462934
1594.0 0.5019794092
1595.0 0.49657181116999993
1596.0 0.49043045182
1597.0 0.48355933129999995
1598.0 0.47597790732000006
1599.0 0.46768385277
1600.0 0.45870632567
1601.0 0.44905560978
1602.0 0.438766874035
1603.0 0.427844149547
1604.0 0.41630121698
1605.0 0.40417030602000004
1606.0 0.39147150133999997
1607.0 0.37822333611000003
1608.0 0.36444935355999997
1609.0 0.35016530691
1610.0 0.33539511934000005
1611.0 0.32015639622
1612.0 0.304474483
1613.0 0.288380667742
1614.0 0.27190040451999997
1615.0 0.25506113491200005
1616.0 0.23789169114000003
1617.0 0.22040922836000001
1618.0 0.20265219598
1619.0 0.18463911109
1620.0 0.16639646891999998
1621.0 0.14795440213999997
1622.0 0.1293461103
1623.0 0.11059186090999999
1624.0 0.09173305509
1625.0 0.07279371177
1626.0 0.05380154252000001
1627.0 0.0347832218
1628.0 0.015772797069999994
1629.0 -0.003203232750000001
1630.0 -0.02210615046
1631.0 -0.04091865487000001
1632.0 -0.059604290906000015
1633.0 -0.07813919066
1634.0 -0.09649714096300001
1635.0 -0.11465502872
1636.0 -0.13258348498600003
1637.0 -0.150250001218
1638.0 -0.16764095154499997
1639.0 -0.18472978081389999
1640.0 -0.201481447379
1641.0 -0.217884682682
1642.0 -0.23391461085299997
1643.0 -0.24955400660700003
1644.0 -0.26476623682
1645.0 -0.27953481722
1646.0 -0.29383446177999994
1647.0 -0.30765347189000003
1648.0 -0.32096403707
1649.0 -0.3337440951
1650.0 -0.34597620785000005
1651.0 -0.3576483692
1652.0 -0.36874315107
1653.0 -0.37924139728000006
1654.0 -0.38912937086
1655.0 -0.39839069462999993
1656.0 -0.40701096381000007
1657.0 -0.41497892739
1658.0 -0.42228575778
1659.0 -0.42891197241
1660.0 -0.43485053105000004
1661.0 -0.44009273532000004
1662.0 -0.44463272986
1663.0 -0.44847209825
1664.0 -0.4515951963200001
1665.0 -0.45399994028999996
1666.0 -0.45569686144000005
1667.0 -0.45666825239
1668.0 -0.45691295424
1669.0 -0.45644119674000005
1670.0 -0.455254678
1671.0 -0.45334311944999994
1672.0 -0.45070858108999995
1673.0 -0.4473475546
1674.0 -0.44328120791
1675.0 -0.43852190483060005
1676.0 -0.43306543855
1677.0 -0.4269235412
1678.0 -0.42009994752999996
1679.0 -0.41260813955
1680.0 -0.40445572127
1681.0 -0.39565200204
1682.0 -0.38621452022
1683.0 -0.37615893343000006
1684.0 -0.36550667436
1685.0 -0.3542741486
1686.0 -0.34247282898
1687.0 -0.3301092305200001
1688.0 -0.31721833123
1689.0 -0.30381284568
1690.0 -0.28991410617
1691.0 -0.27554716795
1692.0 -0.26073313721
1693.0 -0.24549566259
1694.0 -0.22984624133999998
1695.0 -0.21381232475000003
1696.0 -0.19742509882
1697.0 -0.18071891280000002
1698.0 -0.16370462927999999
1699.0 -0.14641076702000003
1700.0 -0.12886460278000003
1701.0 -0.11109370330000001
1702.0 -0.09312462280000001
1703.0 -0.07498743607000001
1704.0 -0.05671849593999999
1705.0 -0.03833982655999999
1706.0 -0.019877891939999996
1707.0 -0.0013638514099999998
1708.0 0.01716718295939999
1709.0 0.03569323146
1710.0 0.05418532239
1711.0 0.072617807471
1712.0 0.09095898947
1713.0 0.10918618901399998
1714.0 0.12726899941
1715.0 0.14516848972000002
1716.0 0.16286744484000001
1717.0 0.180316608522
1718.0 0.19750101092119998
1719.0 0.21439915672399995
1720.0 0.230989112873
1721.0 0.24724136322000004
1722.0 0.26313298095499993
1723.0 0.27864005186999996
1724.0 0.29373528064000004
1725.0 0.30840106412
1726.0 0.32260180562
1727.0 0.33631144009999997
1728.0 0.34952049148
1729.0 0.36220735118
1730.0 0.37435255197000006
1731.0 0.38593531064
1732.0 0.39693811141
1733.0 0.40735156230999997
1734.0 0.4171461838
1735.0 0.42631878321
1736.0 0.4348418294200001
1737.0 0.44270683978
1738.0 0.44989615302999997
1739.0 0.45640505841
1740.0 0.46221989245
1741.0 0.46733181996999995
1742.0 0.47173738043
1743.0 0.47543732816000006
1744.0 0.47841798197999996
1745.0 0.48068440484999997
1746.0 0.48222247056
1747.0 0.48303630138000003
1748.0 0.4831231371500001
1749.0 0.4824760168199999
1750.0 0.48112175468000007
1751.0 0.4790426082
1752.0 0.47625498988
1753.0 0.47276921279999995
1754.0 0.46857385636000004
1755.0 0.46368190021699995
1756.0 0.458096731294
1757.0 0.45183655058000005
1758.0 0.44491107002
1759.0 0.43733320756000005
1760.0 0.42911835512999996
1761.0 0.42027085431
1762.0 0.41079795360000004
1763.0 0.40073154865999994
1764.0 0.39008130800999996
1765.0 0.378870322
1766.0 0.3671200142
1767.0 0.35485191489999995
1768.0 0.3420787288
1769.0 0.32881849258000007
1770.0 0.31510519762
1771.0 0.30095407091200005
1772.0 0.28639069386000005
1773.0 0.27143704522
1774.0 0.25611290627
1775.0 0.24044497542999999
1776.0 0.22445826223999993
1777.0 0.20817943582999998
1778.0 0.1916308136
1779.0 0.1748402112
1780.0 0.15782517059999998
1781.0 0.1406186626
1782.0 0.1232548789
1783.0 0.10575256563999999
1784.0 0.08813945410999999
1785.0 0.07044845738000001
1786.0 0.052701815730000004
1787.0 0.03492938504
1788.0 0.017148487696999996
1789.0 -0.0006036701400000122
1790.0 -0.018302562310000003
1791.0 -0.035925611909999995
1792.0 -0.05344420227
1793.0 -0.0708315237
1794.0 -0.08806148561940001
1795.0 -0.10511651030600003
1796.0 -0.12196344125
1797.0 -0.1385661587
1798.0 -0.15490722658000003
1799.0 -0.17096766560999999
1800.0 -0.18672500734000003
1801.0 -0.20215623403900002
1802.0 -0.21723542318999994
1803.0 -0.23194104903
1804.0 -0.24625274837999997
1805.0 -0.26014998210400003
1806.0 -0.27361046815
1807.0 -0.28661432270000003
1808.0 -0.29914196281999994
1809.0 -0.31117995539
1810.0 -0.3227168698699999
1811.0 -0.33372959459999996
1812.0 -0.34420413231
1813.0 -0.35412260758
1814.0 -0.36346856145000006
1815.0 -0.37223603817
1816.0 -0.380399532998
1817.0 -0.38795476626
1818.0 -0.39488112706559997
1819.0 -0.401178605949
1820.0 -0.406840918296
1821.0 -0.4118469871
1822.0 -0.41619426305999996
1823.0 -0.41986767288000004
1824.0 -0.42286899345
1825.0 -0.42519824102000003
1826.0 -0.42684344384
1827.0 -0.42780133126
1828.0 -0.42807284909000004
1829.0 -0.42766502794129996
1830.0 -0.42656206505
1831.0 -0.42477459586000005
1832.0 -0.42230465898
1833.0 -0.41915724358000006
1834.0 -0.41534632019
1835.0 -0.41085821448
1836.0 -0.40570800164
1837.0 -0.39989393055
1838.0 -0.39344271783
1839.0 -0.3863459148100001
1840.0 -0.37862664029
1841.0 -0.37029461249000006
1842.0 -0.36137409193000003
1843.0 -0.3518714218
1844.0 -0.34180166349999996
1845.0 -0.3311719232
1846.0 -0.319992446
1847.0 -0.30828822855
1848.0 -0.2960815995299999
1849.0 -0.28338142644000003
1850.0 -0.27020531034
1851.0 -0.256578037466
1852.0 -0.24251645325
1853.0 -0.22805370986
1854.0 -0.21320417825000004
1855.0 -0.19798457849999998
1856.0 -0.1824143686
1857.0 -0.1665311315
1858.0 -0.15036660659999998
1859.0 -0.13393896889999998
1860.0 -0.11727218479999998
1861.0 -0.10040077195000001
1862.0 -0.08334142363
1863.0 -0.06613253952
1864.0 -0.048792187409999986
1865.0 -0.031348000308
1866.0 -0.013837351619999988
1867.0 0.0037291380699999988
1868.0 0.02130135822
1869.0 0.03886383991999999
1870.0 0.056388711159999994
1871.0 0.07385071026
1872.0 0.09122395587999999
1873.0 0.10846957836599999
1874.0 0.12556035709
1875.0 0.14248115057000002
1876.0 0.15920253924
1877.0 0.17568171509000002
1878.0 0.19190070814
1879.0 0.20783528246
1880.0 0.22345844220400002
1881.0 0.23874545404999997
1882.0 0.25367307987000004
1883.0 0.26821207911
1884.0 0.28235412233900004
1885.0 0.29607138128000005
1886.0 0.30934020468
1887.0 0.32213737837
1888.0 0.3344506791410001
1889.0 0.346249395011
1890.0 0.357524904318
1891.0 0.368268715199
1892.0 0.37844636224999995
1893.0 0.38804319577000007
1894.0 0.39704958361
1895.0 0.40544558472
1896.0 0.41322000634
1897.0 0.42036033980000004
1898.0 0.42685761157
1899.0 0.4327150057000001
1900.0 0.43791553763
1901.0 0.44246448576999997
1902.0 0.44634811462999996
1903.0 0.44955642004000007
1904.0 0.45208049419999996
1905.0 0.45392505598999994
1906.0 0.45508627971
1907.0 0.45556786801000004
1908.0 0.45536046723999996
1909.0 0.45447038050999994
1910.0 0.45290422477599995
1911.0 0.450655680701
1912.0 0.44774111243
1913.0 0.44415846891
1914.0 0.43992528360999994
1915.0 0.43504011559
1916.0 0.42950703295
1917.0 0.42333809588
1918.0 0.41655218891000007
1919.0 0.4091520601
1920.0 0.40114817019999993
1921.0 0.3925596916
1922.0 0.38339483139999997
1923.0 0.3736640095
1924.0 0.3633925199
1925.0 0.3525898604
1926.0 0.34128454919999995
1927.0 0.32948893248
1928.0 0.31723137050999994
1929.0 0.30453521576000003
1930.0 0.29141383473999993
1931.0 0.277883854127
1932.0 0.26397425151
1933.0 0.24971003272
1934.0 0.2351005956
1935.0 0.22017070060000005
1936.0 0.204935915
1937.0 0.1894298032
1938.0 0.17367526
1939.0 0.15770397779999998
1940.0 0.14153669555
1941.0 0.12519414874
1942.0 0.10870440741000001
1943.0 0.09210391559000004
1944.0 0.07540225577999997
1945.0 0.058637758598
1946.0 0.041823565410000006
1947.0 0.024982127939999998
1948.0 0.008150394319999999
1949.0 -0.008660746359999994
1950.0 -0.025407258420000006
1951.0 -0.042072936590000005
1952.0 -0.05862363640000001
1953.0 -0.075037584314
1954.0 -0.09129698168999999
1955.0 -0.10737802184899999
1956.0 -0.12325262556750001
1957.0 -0.13889942305
1958.0 -0.15429510565
1959.0 -0.16940351800000003
1960.0 -0.18421638137000002
1961.0 -0.19870123531
1962.0 -0.212832792378
1963.0 -0.22660496824999998
1964.0 -0.23999338186000002
1965.0 -0.25296661593
1966.0 -0.26551355427
1967.0 -0.277619052679
1968.0 -0.28926922599
1969.0 -0.30043198687999995
1970.0 -0.31110519014
1971.0 -0.32127280340000003
1972.0 -0.33092277155999994
1973.0 -0.34003185280000003
1974.0 -0.34858527293999997
1975.0 -0.3565716233
1976.0 -0.36397019924999996
1977.0 -0.37077516386
1978.0 -0.3769778354499999
1979.0 -0.38257064568
1980.0 -0.38754767235500004
1981.0 -0.391903765977
1982.0 -0.395621709515
1983.0 -0.398698734357
1984.0 -0.401133621555
1985.0 -0.4029262201
1986.0 -0.40405441507999995
1987.0 -0.40453199244000004
1988.0 -0.40434769471999993
1989.0 -0.40350504481
1990.0 -0.4019945324
1991.0 -0.39982636792000004
1992.0 -0.39700821421000004
1993.0 -0.39354520326
1994.0 -0.38943576995
1995.0 -0.38468016921000003
1996.0 -0.37929070445999996
1997.0 -0.37327065474
1998.0 -0.36663699968
1999.0 -0.35939072905
2000.0 -0.35154715992
2001.0 -0.34312031338
2002.0 -0.33412235902
2003.0 -0.3245711557
2004.0 -0.31447662937000004
2005.0 -0.30384866656
2006.0 -0.29271478205999996
2007.0 -0.28109970048
2008.0 -0.26901655767599997
2009.0 -0.25647812868
2010.0 -0.24350152873000003
2011.0 -0.23012814215000002
2012.0 -0.21635589005
2013.0 -0.2022116497
2014.0 -0.187719994
2015.0 -0.17290027879999997
2016.0 -0.1577911383
2017.0 -0.142403815
2018.0 -0.12676769195999998
2019.0 -0.11089920935000001
2020.0 -0.09483479268000002
2021.0 -0.07859723963000001
2022.0 -0.062214111770000025
2023.0 -0.045712987469999994
2024.0 -0.029116907919999997
2025.0 -0.01246362599000001
2026.0 0.00423896445000001
2027.0 0.020954178290000007
2028.0 0.03765205605999999
2029.0 0.054311759910000014
2030.0 0.07089451147999999
2031.0 0.08739318803799999
2032.0 0.10376464603999999
2033.0 0.11998946834999999
2034.0 0.13603238359500003
2035.0 0.15187588822
2036.0 0.16748658441000003
2037.0 0.18285174743000002
2038.0 0.19793573214
2039.0 0.21272415325
2040.0 0.22718486195899995
2041.0 0.24128810667999998
2042.0 0.25501481720999997
2043.0 0.26835051268
2044.0 0.2812635478
2045.0 0.29373316489
2046.0 0.3057510397592
2047.0 0.31729544080000005
2048.0 0.32835089647000004
2049.0 0.33889481418
2050.0 0.34891519627400003
2051.0 0.35839392255499997
2052.0 0.36731353866099997
2053.0 0.37567396515500007
2054.0 0.38345637718000003
2055.0 0.39063766415999995
2056.0 0.39722168832
2057.0 0.40318498688000004
2058.0 0.40852886191
2059.0 0.41324539429999996
2060.0 0.41732503209000005
2061.0 0.42076645741999996
2062.0 0.42356840582999994
2063.0 0.4257320641429999
2064.0 0.42724986188099995
2065.0 0.42812414810000005
2066.0 0.42834324291000003
2067.0 0.42790380795000005
2068.0 0.42681089895
2069.0 0.42506852981
2070.0 0.42268030652999994
2071.0 0.41965959741000003
2072.0 0.41600413762000005
2073.0 0.41172741289000003
2074.0 0.40684094352999994
2075.0 0.40135031279
2076.0 0.3952612349
2077.0 0.3886016793
2078.0 0.38136628419999996
2079.0 0.3735679163
2080.0 0.36522741529999997
2081.0 0.35634916489999996
2082.0 0.3469615445
2083.0 0.3370743803
2084.0 0.32669601128
2085.0 0.3158548162
2086.0 0.30455692402
2087.0 0.29282833337
2088.0 0.28068799466000005
2089.0 0.26815015485999993
2090.0 0.25524234171
2091.0 0.24198653993
2092.0 0.22840210509999997
2093.0 0.2145123818
2094.0 0.20032856240000002
2095.0 0.1858732171
2096.0 0.17117797810000002
2097.0 0.15626544285000002
2098.0 0.1411587037
2099.0 0.12587080719000002
2100.0 0.11043525514
2101.0 0.09488237444
2102.0 0.079226723709
2103.0 0.06349721824000001
2104.0 0.04771062252
2105.0 0.031898105580000016
2106.0 0.016083336579999996
2107.0 0.0002774299199999997
2108.0 -0.015481149490000007
2109.0 -0.031167079220000005
2110.0 -0.04676832890000001
2111.0 -0.062252723588000006
2112.0 -0.07758942003999998
2113.0 -0.09276800334
2114.0 -0.10775762349
2115.0 -0.12253447378
2116.0 -0.13708549160300001
2117.0 -0.15138717653
2118.0 -0.16541976406999997
2119.0 -0.17915433006
2120.0 -0.19257500883999998
2121.0 -0.2056572653
2122.0 -0.21838365837
2123.0 -0.2307379852
2124.0 -0.24270098603999996
2125.0 -0.25425683848999997
2126.0 -0.26537630341999996
2127.0 -0.2760482363
2128.0 -0.28627641791
2129.0 -0.29602890894700007
2130.0 -0.30528827067000003
2131.0 -0.31405267522
2132.0 -0.322298525
2133.0 -0.33001933628
2134.0 -0.33720547457
2135.0 -0.343838734509
2136.0 -0.3499019548197
2137.0 -0.3553972930903
2138.0 -0.36031012524499995
2139.0 -0.364637485774
2140.0 -0.36836549167800003
2141.0 -0.37149194573
2142.0 -0.37400991087
2143.0 -0.37593095718
2144.0 -0.37724938148000003
2145.0 -0.37796165722
2146.0 -0.37805734372
2147.0 -0.37754716678
2148.0 -0.37642783679
2149.0 -0.37468710601
2150.0 -0.37233772981
2151.0 -0.36937434788
2152.0 -0.3658113813999999
2153.0 -0.36165125964
2154.0 -0.35690711241
2155.0 -0.3515712991
2156.0 -0.34566952372999993
2157.0 -0.33919629027
2158.0 -0.33217006374
2159.0 -0.32460389874000006
2160.0 -0.31649495065
2161.0 -0.30786862178999996
2162.0 -0.29872765884
2163.0 -0.28908459502999995
2164.0 -0.27895257174
2165.0 -0.268350524081
2166.0 -0.25730361554
2167.0 -0.24582111315000002
2168.0 -0.23391108175
2169.0 -0.22161630959999998
2170.0 -0.20893957651
2171.0 -0.195916774
2172.0 -0.18255244534999995
2173.0 -0.1688722045
2174.0 -0.15488790280000003
2175.0 -0.14062606284
2176.0 -0.12612401766
2177.0 -0.11139040155999999
2178.0 -0.096451406213
2179.0 -0.081340264339
2180.0 -0.06606806693999998
2181.0 -0.050673120819999994
2182.0 -0.03517551247000001
2183.0 -0.01959466631
2184.0 -0.003961828039999999
2185.0 0.01169637086999999
2186.0 0.027356573529999994
2187.0 0.04299417431000001
2188.0 0.05856978153999999
2189.0 0.07408394867999998
2190.0 0.08950342109000001
2191.0 0.10478633183900002
2192.0 0.11992434010700001
2193.0 0.13487800183799997
2194.0 0.149642377372
2195.0 0.1641885173925
2196.0 0.178481602866
2197.0 0.192505645135
2198.0 0.20623780986900003
2199.0 0.21965696249
2200.0 0.232743069516
2201.0 0.24547659127999996
2202.0 0.25783963216
2203.0 0.26980575934
2204.0 0.28136213184000003
2205.0 0.29249205381000004
2206.0 0.30318453247000005
2207.0 0.31340690602000004
2208.0 0.32313814522000006
2209.0 0.332375228525
2210.0 0.34109880365999995
2211.0 0.34929766476
2212.0 0.35695796823000003
2213.0 0.36407435826
2214.0 0.37062469184
2215.0 0.37660481784000005
2216.0 0.382013269491
2217.0 0.38684043829
2218.0 0.39107529240999994
2219.0 0.39471521706999996
2220.0 0.39774879787999995
2221.0 0.4001871705299999
2222.0 0.40202117271000004
2223.0 0.4032483935399999
2224.0 0.40386024095999995
2225.0 0.40385838105000005
2226.0 0.40324861442
2227.0 0.40202834675000004
2228.0 0.40019981011
2229.0 0.39777071503999994
2230.0 0.39474547827
2231.0 0.39113840391000004
2232.0 0.38695238608999993
2233.0 0.38219053059
2234.0 0.37686464371
2235.0 0.37098472907
2236.0 0.36455083233
2237.0 0.35757843418999996
2238.0 0.35008473498
2239.0 0.3420845416900001
2240.0 0.33358105478000005
2241.0 0.32459047448
2242.0 0.31512420815
2243.0 0.30518465414000007
2244.0 0.29480964445
2245.0 0.2840160030040001
2246.0 0.27282002219
2247.0 0.26124009186
2248.0 0.24928668266999998
2249.0 0.23698845121
2250.0 0.22435718925999998
2251.0 0.21141514705000003
2252.0 0.19818987071
2253.0 0.18469173225000005
2254.0 0.17094894959900003
2255.0 0.15698826288300002
2256.0 0.142840375199
2257.0 0.12850844713
2258.0 0.114030152041
2259.0 0.09941068816899999
2260.0 0.08467975150800003
2261.0 0.06987251866500002
2262.0 0.05500578388199999
2263.0 0.0401025394863
2264.0 0.02518605757489999
2265.0 0.010271425573600012
2266.0 -0.004605847855000006
2267.0 -0.019421361042000002
2268.0 -0.034159732083
2269.0 -0.04880993272699999
2270.0 -0.063334995377
2271.0 -0.077716541359
2272.0 -0.091931313724
2273.0 -0.10595790096200002
2274.0 -0.11977491117899997
2275.0 -0.13337049120000002
2276.0 -0.146711084949
2277.0 -0.15977992597600005
2278.0 -0.1725585862317
2279.0 -0.1850250324589
2280.0 -0.19716036914930002
2281.0 -0.208932615487
2282.0 -0.220344870957
2283.0 -0.23138148018199994
2284.0 -0.24200292122499997
2285.0 -0.25221862075400003
2286.0 -0.261994863354
2287.0 -0.27133333355199996
2288.0 -0.28022367493600003
2289.0 -0.288642612659
2290.0 -0.29658233604
2291.0 -0.30401848912
2292.0 -0.310958088065
2293.0 -0.31739331867
2294.0 -0.32330511531
2295.0 -0.32868389057999997
2296.0 -0.33352686514999996
2297.0 -0.33783183079
2298.0 -0.34157557886
2299.0 -0.34476358218
2300.0 -0.34738571847
2301.0 -0.34944754252
2302.0 -0.35093880177000003
2303.0 -0.3518547438
2304.0 -0.35220877681000007
2305.0 -0.35199226405
2306.0 -0.35120648812
2307.0 -0.34985415013
2308.0 -0.3479447558899999
2309.0 -0.34545921454
2310.0 -0.34243079391000003
2311.0 -0.3388467264400001
2312.0 -0.33471794834000007
2313.0 -0.33004437865
2314.0 -0.32483637222
2315.0 -0.31910850898
2316.0 -0.31285920967
2317.0 -0.30609360092000004
2318.0 -0.29883790562
2319.0 -0.29108880087
2320.0 -0.28285687985
2321.0 -0.27416920783
2322.0 -0.26502172667100005
2323.0 -0.255433058943
2324.0 -0.24541901312000003
2325.0 -0.23499554212999998
2326.0 -0.22417097696000007
2327.0 -0.21297224386
2328.0 -0.20140819021000006
2329.0 -0.18950702826
2330.0 -0.17728516978000003
2331.0 -0.16475247357000003
2332.0 -0.15192555102
2333.0 -0.13884140974999998
2334.0 -0.12550974867
2335.0 -0.11195181567000001
2336.0 -0.09818445626000001
2337.0 -0.08423680073
2338.0 -0.07013705531
2339.0 -0.05590863734
2340.0 -0.04155687161000001
2341.0 -0.02712079151
2342.0 -0.012607440390000002
2343.0 0.0019457787400000038
2344.0 0.016513706780000005
2345.0 0.031075698840000006
2346.0 0.04561339178
2347.0 0.06010529800000001
2348.0 0.07452519492
2349.0 0.088841726496
2350.0 0.10304714996999997
2351.0 0.11711641256000001
2352.0 0.13101678778999998
2353.0 0.14473076179999997
2354.0 0.15823584942999996
2355.0 0.17150574433
2356.0 0.18452246715
2357.0 0.19727054245
2358.0 0.20972284454000004
2359.0 0.22185458641000003
2360.0 0.23364837124700003
2361.0 0.24508397283999997
2362.0 0.25615032761
2363.0 0.26682666871
2364.0 0.27709814866
2365.0 0.28693925589
2366.0 0.29634153588
2367.0 0.30529507283929996
2368.0 0.31378806894
2369.0 0.32180865983999996
2370.0 0.32932641481
2371.0 0.33634365992
2372.0 0.342842220139
2373.0 0.34881871695
2374.0 0.35425391400999995
2375.0 0.35914729147
2376.0 0.363493230792
2377.0 0.367283924164
2378.0 0.37052007460600006
2379.0 0.37319213737799994
2380.0 0.37530188541
2381.0 0.37683494790000005
2382.0 0.37779991841000005
2383.0 0.37819017865
2384.0 0.37800536185000005
2385.0 0.37725452973999996
2386.0 0.37593542648999995
2387.0 0.37404346244
2388.0 0.37160499649000006
2389.0 0.36861094013
2390.0 0.36506962221999995
2391.0 0.36098846933000006
2392.0 0.35637349621
2393.0 0.35122595213999996
2394.0 0.34555788634000006
2395.0 0.33939185438999997
2396.0 0.33272301786999997
2397.0 0.32555404972000007
2398.0 0.31793705891
2399.0 0.30985790115999995
2400.0 0.30133799345999995
2401.0 0.29238395517
2402.0 0.28301151806478997
2403.0 0.273236185665
2404.0 0.26308318905999994
2405.0 0.25256551122
2406.0 0.24169919426000003
2407.0 0.23050041999999998
2408.0 0.218984884
2409.0 0.20717423023999998
2410.0 0.19508948631999998
2411.0 0.1827512125
2412.0 0.1701800056
2413.0 0.15740060714999995
2414.0 0.144430526333
2415.0 0.13129958643
2416.0 0.11801316436
2417.0 0.10459473036999997
2418.0 0.09107991978
2419.0 0.07747439068999998
2420.0 0.0637906194
2421.0 0.0500555568
2422.0 0.036305838
2423.0 0.022559666700000012
2424.0 0.008824979399999993
2425.0 -0.004876866899999999
2426.0 -0.018532476599999993
2427.0 -0.032111608939999994
2428.0 -0.04559715828
2429.0 -0.058973760480000005
2430.0 -0.0722205351
2431.0 -0.085305941705
2432.0 -0.09822453201
2433.0 -0.11096170605
2434.0 -0.12348279963650004
2435.0 -0.135777455527
2436.0 -0.1478161972
2437.0 -0.15959428774
2438.0 -0.1710888659
2439.0 -0.18229446558
2440.0 -0.19319102260799997
2441.0 -0.20376143278199996
2442.0 -0.21398971342250003
2443.0 -0.22386485105999995
2444.0 -0.23336452274999994
2445.0 -0.242482870579
2446.0 -0.25119962186
2447.0 -0.25950927407999996
2448.0 -0.26739376699000006
2449.0 -0.27483328327999995
2450.0 -0.28182358956
2451.0 -0.28835654486
2452.0 -0.29442093826999993
2453.0 -0.30001013349
2454.0 -0.3051233595599999
2455.0 -0.30975165202500005
2456.0 -0.31388882479999997
2457.0 -0.31751852565000005
2458.0 -0.32063833503
2459.0 -0.32323765599
2460.0 -0.32532657457999997
2461.0 -0.3268921831
2462.0 -0.32793583
2463.0 -0.32845009579999995
2464.0 -0.32843846970000007
2465.0 -0.32790454469999997
2466.0 -0.3268531413
2467.0 -0.32528208500000005
2468.0 -0.32319508189999996
2469.0 -0.3205971405
2470.0 -0.3174842164
2471.0 -0.3138636262
2472.0 -0.30974358469999996
2473.0 -0.3051309124
2474.0 -0.3000273138999999
2475.0 -0.29444072709999997
2476.0 -0.28838576818000006
2477.0 -0.28187195449
2478.0 -0.27490294279
2479.0 -0.26748463322000005
2480.0 -0.25963122208
2481.0 -0.25135934545300004
2482.0 -0.24267894927000003
2483.0 -0.23360119455999998
2484.0 -0.2241495155
2485.0 -0.21432337769999998
2486.0 -0.20414172120000001
2487.0 -0.19362657646
2488.0 -0.18278967306
2489.0 -0.17163732093
2490.0 -0.16019912577
2491.0 -0.14849251062
2492.0 -0.1365292053784
2493.0 -0.12433959354999999
2494.0 -0.11192647617
2495.0 -0.09932158371000002
2496.0 -0.08653146173000001
2497.0 -0.07359570182
2498.0 -0.06051891890000001
2499.0 -0.0473254383
2500.0 -0.03403291399999999
2501.0 -0.0206777126
2502.0 -0.007262322400000004
2503.0 0.006185920499999992
2504.0 0.019635033600000008
2505.0 0.03307290950000001
2506.0 0.0464768349
2507.0 0.05980588260000001
2508.0 0.0730566174
2509.0 0.08621978020000003
2510.0 0.09926279287
2511.0 0.11216457131060001
2512.0 0.12490023947000002
2513.0 0.13745418539999998
2514.0 0.14980485526000004
2515.0 0.16193735236
2516.0 0.17381866919
2517.0 0.18545428964
2518.0 0.19680482025
2519.0 0.20787199098000003
2520.0 0.21862658505099994
2521.0 0.22905197743400002
2522.0 0.23914448294699997
2523.0 0.24886414394999998
2524.0 0.25821004476599996
2525.0 0.26717022361
2526.0 0.27573720042
2527.0 0.28389293486
2528.0 0.29162354095
2529.0 0.29892533757000006
2530.0 0.30577247016000003
2531.0 0.31216414803000003
2532.0 0.31808438306
2533.0 0.3235361922300001
2534.0 0.32850818117999997
2535.0 0.33299840683000004
2536.0 0.33700164949300004
2537.0 0.34051235997999996
2538.0 0.34352198355999997
2539.0 0.34602365864
2540.0 0.34802903967
2541.0 0.34951980190000004
2542.0 0.35049088159999997
2543.0 0.3509551495
2544.0 0.35089522019999997
2545.0 0.35032523120000003
2546.0 0.3492545233
2547.0 0.34768577530000006
2548.0 0.3456100808
2549.0 0.3430360124
2550.0 0.33996315909999997
2551.0 0.3364072949
2552.0 0.3323725911
2553.0 0.32787584369999995
2554.0 0.3229131698
2555.0 0.3174985678000001
2556.0 0.31163881643
2557.0 0.30534117972999997
2558.0 0.29862360583
2559.0 0.29149034233999993
2560.0 0.283964755794
2561.0 0.27604799851000006
2562.0 0.26774671108
2563.0 0.25906822087
2564.0 0.25004390095
2565.0 0.24067348929999993
2566.0 0.23097233839999998
2567.0 0.22095516923999997
2568.0 0.21064568605000003
2569.0 0.20006102913
2570.0 0.18921298420000002
2571.0 0.17811788506
2572.0 0.16679347301099998
2573.0 0.15525135424
2574.0 0.14351853867000003
2575.0 0.13161117147
2576.0 0.11955216072
2577.0 0.10735319189999999
2578.0 0.0950359732
2579.0 0.08261025479999999
2580.0 0.07010474808999997
2581.0 0.05752801971000001
2582.0 0.04490503887999999
2583.0 0.03225650112
2584.0 0.019602378439999995
2585.0 0.006954747589999999
2586.0 -0.005653915159999995
2587.0 -0.018225396060000003
2588.0 -0.030727401039999998
2589.0 -0.04315470870000001
2590.0 -0.05548905442
2591.0 -0.06770933460999999
2592.0 -0.07979730822
2593.0 -0.09172906567400001
2594.0 -0.10349659415000001
2595.0 -0.11507323052900001
2596.0 -0.12644771673100003
2597.0 -0.13761166976
2598.0 -0.14854553131
2599.0 -0.15922799144999997
2600.0 -0.1696391025
2601.0 -0.17976362751
2602.0 -0.18960139605999998
2603.0 -0.19912849788599998
2604.0 -0.20834435786000002
2605.0 -0.21722055659999998
2606.0 -0.22574874835999997
2607.0 -0.23391338661999997
2608.0 -0.24171981818000005
2609.0 -0.24913105520000003
2610.0 -0.2561539754
2611.0 -0.2627739415
2612.0 -0.2689837381
2613.0 -0.27477130821999995
2614.0 -0.28013392988
2615.0 -0.28506325218
2616.0 -0.28954808817000005
2617.0 -0.29357776823
2618.0 -0.29714586243
2619.0 -0.30024776461
2620.0 -0.30287836458
2621.0 -0.30504541024
2622.0 -0.3067321434
2623.0 -0.30793343180000005
2624.0 -0.3086696922
2625.0 -0.30891422479999997
2626.0 -0.3086597384
2627.0 -0.30792955769999997
2628.0 -0.306719321
2629.0 -0.30501778579999994
2630.0 -0.30283595480000003
2631.0 -0.30018226950000004
2632.0 -0.2970533996
2633.0 -0.2934440531
2634.0 -0.28937313415
2635.0 -0.28484623812
2636.0 -0.27986931832
2637.0 -0.27445020026
2638.0 -0.26859525908500004
2639.0 -0.2623106625800001
2640.0 -0.25560429173
2641.0 -0.24849048047000002
2642.0 -0.2409690388
2643.0 -0.2330551959
2644.0 -0.22476496320000003
2645.0 -0.2161112653
2646.0 -0.20709542114
2647.0 -0.19774993282
2648.0 -0.18807566056999997
2649.0 -0.17809647061000003
2650.0 -0.16781188951999998
2651.0 -0.15724460511299998
2652.0 -0.14641089525
2653.0 -0.1353371833
2654.0 -0.12402482711999999
2655.0 -0.11250381035999998
2656.0 -0.10078040070999998
2657.0 -0.08887915321999999
2658.0 -0.07682164147
2659.0 -0.06462166391
2660.0 -0.05229653723999998
2661.0 -0.039865989399999996
2662.0 -0.02735968675999999
2663.0 -0.01478551339
2664.0 -0.002166912640000002
2665.0 0.010460644990000007
2666.0 0.023094698459999997
2667.0 0.03571492352000001
2668.0 0.04830555888
2669.0 0.06084506847
2670.0 0.07331799418
2671.0 0.08569792066000001
2672.0 0.097957049787
2673.0 0.110077050032
2674.0 0.12205303849499997
2675.0 0.13385319723899997
2676.0 0.145462566543
2677.0 0.15686845768
2678.0 0.16804565132
2679.0 0.17898585685999996
2680.0 0.1896636159
2681.0 0.20008002898
2682.0 0.21018838645999996
2683.0 0.220000584772
2684.0 0.22949084638
2685.0 0.23864397374000004
2686.0 0.24745338408
2687.0 0.25590022099
2688.0 0.26397180427
2689.0 0.27166022955
2690.0 0.27895100773000003
2691.0 0.28583823955000004
2692.0 0.2923186661
2693.0 0.29837555138
2694.0 0.30399280349999996
2695.0 0.30917639559000004
2696.0 0.31391479947699996
2697.0 0.31821019814
2698.0 0.32204996093
2699.0 0.32542155768000003
2700.0 0.32831758502
2701.0 0.33072999784999996
2702.0 0.33267727046999995
2703.0 0.33414030743000006
2704.0 0.3351239978000001
2705.0 0.3356213779
2706.0 0.3356342375
2707.0 0.33516381930000005
2708.0 0.33422258180000003
2709.0 0.332802803
2710.0 0.3309089057
2711.0 0.3285408824
2712.0 0.32570597309999993
2713.0 0.322415185
2714.0 0.31866540074999994
2715.0 0.31446426364
2716.0 0.30980671961999995
2717.0 0.30471358175
2718.0 0.29918259176
2719.0 0.29323521038999995
2720.0 0.28686387703000005
2721.0 0.28008991486999996
2722.0 0.27292598362
2723.0 0.26537652091999997
2724.0 0.25745486092000003
2725.0 0.24917161026999998
2726.0 0.24055556957
2727.0 0.23160608335000005
2728.0 0.22233844774999997
2729.0 0.21276449116
2730.0 0.20289626039000003
2731.0 0.192746320439
2732.0 0.18234078832000003
2733.0 0.17168642805000003
2734.0 0.16081205784000002
2735.0 0.14973487362000001
2736.0 0.13845648124999999
2737.0 0.12700707168999997
2738.0 0.11539388002999999
2739.0 0.10364243474999998
2740.0 0.09176325854999998
2741.0 0.07977987077000001
2742.0 0.067707867472
2743.0 0.05556084390699999
2744.0 0.04336074705000001
2745.0 0.031109174351000003
2746.0 0.018842096040000002
2747.0 0.0065726306839999915
2748.0 -0.005684605543000004
2749.0 -0.017918437300000006
2750.0 -0.03009127641
2751.0 -0.042195916570000006
2752.0 -0.054214561562
2753.0 -0.06612359994000001
2754.0 -0.07790655965000003
2755.0 -0.089560549609
2756.0 -0.10106915317000001
2757.0 -0.11240130693999999
2758.0 -0.12354236773999998
2759.0 -0.13447490275000004
2760.0 -0.14518423982
2761.0 -0.15565255354000002
2762.0 -0.16585201206
2763.0 -0.17578172072
2764.0 -0.18542652845999996
2765.0 -0.194768078
2766.0 -0.20380873047999998
2767.0 -0.21252468927999998
2768.0 -0.22090310287
2769.0 -0.2289300151
2770.0 -0.236592272
2771.0 -0.2438799887
2772.0 -0.2507763147
2773.0 -0.25727430879999996
2774.0 -0.26336765359
2775.0 -0.26903092572
2776.0 -0.27426488587
2777.0 -0.27907497380999996
2778.0 -0.28344302571
2779.0 -0.28737191421
2780.0 -0.29082944607
2781.0 -0.29381882689999994
2782.0 -0.2963381856999999
2783.0 -0.29838384100000004
2784.0 -0.29995372889999994
2785.0 -0.30103942000000006
2786.0 -0.30164469790000004
2787.0 -0.3017777159
2788.0 -0.3014325096
2789.0 -0.30060655329999997
2790.0 -0.2993019304
2791.0 -0.2975267939300001
2792.0 -0.29527531556000003
2793.0 -0.29254685381
2794.0 -0.28937100882
2795.0 -0.2857166352
2796.0 -0.28161295836
2797.0 -0.27706887718000006
2798.0 -0.27208642663
2799.0 -0.26667324830000005
2800.0 -0.26083811
2801.0 -0.25457943093999996
2802.0 -0.24790960251999997
2803.0 -0.24083540605000003
2804.0 -0.23337043218
2805.0 -0.22552190204999997
2806.0 -0.21731262872
2807.0 -0.20875014808999998
2808.0 -0.19984486848
2809.0 -0.19060722879000003
2810.0 -0.181064843561
2811.0 -0.17121738154999994
2812.0 -0.16109110689
2813.0 -0.15070112878999997
2814.0 -0.14006722169
2815.0 -0.1291857145
2816.0 -0.11808505130000002
2817.0 -0.10678243833
2818.0 -0.09530327574
2819.0 -0.08366302109999998
2820.0 -0.07187999464999999
2821.0 -0.05995130318000001
2822.0 -0.04791126203
2823.0 -0.03577542614000001
2824.0 -0.02355600164000001
2825.0 -0.011272784594000001
2826.0 0.0010560390570000023
2827.0 0.013407975649000004
2828.0 0.025764145546000004
2829.0 0.038098810539999986
2830.0 0.05040383921
2831.0 0.06263242603
2832.0 0.07479304329
2833.0 0.08685330024000001
2834.0 0.098802225549
2835.0 0.11060728329999998
2836.0 0.12226172952
2837.0 0.13374813521
2838.0 0.14504316921000002
2839.0 0.15612767002
2840.0 0.16699161686999997
2841.0 0.1776189084
2842.0 0.18799397981
2843.0 0.19810692243000003
2844.0 0.20792377057899997
2845.0 0.21743176692000002
2846.0 0.22661617431999997
2847.0 0.23546988286000006
2848.0 0.24397571470999999
2849.0 0.25212292299
2850.0 0.25990365305999996
2851.0 0.26730005072999996
2852.0 0.27430821291999996
2853.0 0.28091972228
2854.0 0.28711893125000004
2855.0 0.29290109002
2856.0 0.29825267509000003
2857.0 0.30318118175
2858.0 0.30765375792
2859.0 0.31168216539
2860.0 0.3152535602
2861.0 0.3183597133
2862.0 0.321004197
2863.0 0.3231710456
2864.0 0.3248791285
2865.0 0.32611977620000004
2866.0 0.3269009561
2867.0 0.3272044308
2868.0 0.3270362736
2869.0 0.3263971573999999
2870.0 0.32528727424000003
2871.0 0.32372464549
2872.0 0.3216821088699999
2873.0 0.31918327349000003
2874.0 0.31623144394999997
2875.0 0.312834195973
2876.0 0.30899384645
2877.0 0.30472893597999995
2878.0 0.30002750456999994
2879.0 0.29491526707000004
2880.0 0.28939280960999997
2881.0 0.28346777353
2882.0 0.27715219867999996
2883.0 0.27045492892000006
2884.0 0.2633805282
2885.0 0.25593547890999996
2886.0 0.24813319243999996
2887.0 0.2399949641
2888.0 0.23152223449999995
2889.0 0.22272131372
2890.0 0.21361451095
2891.0 0.20421211488999996
2892.0 0.19453004857199999
2893.0 0.18458655034
2894.0 0.17438513803999997
2895.0 0.16395329794000002
2896.0 0.15329937421
2897.0 0.14244956631
2898.0 0.13142768419
2899.0 0.12023603933
2900.0 0.108900724926
2901.0 0.09744081987700001
2902.0 0.08587759457500001
2903.0 0.074214562232
2904.0 0.06247210304999999
2905.0 0.05067893807999999
2906.0 0.03884712831
2907.0 0.02698749352
2908.0 0.015127188709999994
2909.0 0.003278026040000004
2910.0 -0.008551238170000003
2911.0 -0.020330558290000005
2912.0 -0.032043937003
2913.0 -0.04367783031
2914.0 -0.05519673847999999
2915.0 -0.0666048747998
2916.0 -0.07789614852999999
2917.0 -0.08904418429999998
2918.0 -0.10002615076999996
2919.0 -0.11083210244
2920.0 -0.12143825746
2921.0 -0.13183225475000002
2922.0 -0.14199695899
2923.0 -0.15191433973
2924.0 -0.161580992263
2925.0 -0.17097006751
2926.0 -0.18006521721999996
2927.0 -0.18886763010000002
2928.0 -0.19735849256
2929.0 -0.2055226066
2930.0 -0.2133600563
2931.0 -0.22084805210000003
2932.0 -0.22798827000000005
2933.0 -0.23475562558
2934.0 -0.24114690347
2935.0 -0.24715541568000005
2936.0 -0.252766046912
2937.0 -0.25797893692
2938.0 -0.26278725347000004
2939.0 -0.26717731514
2940.0 -0.27113678663000007
2941.0 -0.2746780328000001
2942.0 -0.27778725179999997
2943.0 -0.28046437650000006
2944.0 -0.28270270399999997
2945.0 -0.2844935655
2946.0 -0.2858324482
2947.0 -0.2867147229
2948.0 -0.28715016983
2949.0 -0.28712827995
2950.0 -0.28665382380000004
2951.0 -0.28572620173
2952.0 -0.28433859363999997
2953.0 -0.28250722268399997
2954.0 -0.28022499466999995
2955.0 -0.2775062971
2956.0 -0.27435372688
2957.0 -0.27077444780000004
2958.0 -0.2667653322
2959.0 -0.26234338729999995
2960.0 -0.25750400430000003
2961.0 -0.25226424620000004
2962.0 -0.2466230855
2963.0 -0.2405991884
2964.0 -0.23420934680000002
2965.0 -0.22745527769999999
2966.0 -0.2203504591
2967.0 -0.21289243703
2968.0 -0.20509544159999998
2969.0 -0.19697085614000004
2970.0 -0.18852029851
2971.0 -0.17977303337999997
2972.0 -0.17073786170500002
2973.0 -0.16143237609
2974.0 -0.1518618983
2975.0 -0.14204124963
2976.0 -0.13198156726
2977.0 -0.121706186613
2978.0 -0.11123350423000003
2979.0 -0.10057257759
2980.0 -0.08974995979999999
2981.0 -0.07876902589999998
2982.0 -0.06765469720999999
2983.0 -0.05642638210999999
2984.0 -0.045106053679999994
2985.0 -0.03370864436999998
2986.0 -0.022249292409999993
2987.0 -0.01073541332700001
2988.0 0.0007939956189999986
2989.0 0.01233343802700001
2990.0 0.023867827759999995
2991.0 0.035373873581
2992.0 0.04683520163999999
2993.0 0.05823488981
2994.0 0.06954490625000001
2995.0 0.08075873765
2996.0 0.09186453877999998
2997.0 0.10284133334000001
2998.0 0.11367657267
2999.0 0.12435375301
3000.0 0.13485326319
