# timestep  cluster_id  size  avg_radius  ang_freq  ang_momentum  rg_sq  kurtosis  asphericity  xc  yc
20000000   1     625   39.100339 0.000037 0.915248 1531.277122 1.006395 0.037482 8.452336 4.918903
20100000   1     625   39.262386 0.000037 0.908775 1543.977927 1.006360 0.037779 8.427556 4.814643
20200000   1     625   39.347809 0.000037 0.911086 1550.539553 1.005910 0.035933 8.373730 4.764074
20300000   1     625   39.421056 0.000037 0.907148 1556.234642 1.005705 0.033283 8.306024 4.724009
20400000   1     625   39.432617 0.000037 0.902890 1557.034473 1.005421 0.031765 8.234586 4.659623
20500000   1     625   39.511085 0.000037 0.908290 1563.336623 1.005676 0.031552 8.158637 4.605056
20600000   1     625   39.568912 0.000037 0.906550 1567.937373 1.005721 0.030093 8.209426 4.571002
20700000   1     625   39.627335 0.000036 0.901546 1572.638658 1.005901 0.031273 8.129044 4.611671
20800000   1     625   39.651383 0.000037 0.911158 1574.591967 1.005991 0.029621 8.074268 4.578678
20900000   1     625   39.681734 0.000036 0.902562 1576.879435 1.005657 0.021550 8.056222 4.572448
21000000   1     625   39.698767 0.000037 0.907563 1578.116713 1.005374 0.020374 8.045578 4.615112
21100000   1     625   39.791608 0.000036 0.902905 1585.461558 1.005250 0.016003 7.971755 4.666230
21200000   1     625   39.823040 0.000036 0.906685 1587.938466 1.005178 0.013256 7.887565 4.692185
21300000   1     625   39.911619 0.000036 0.910434 1595.058133 1.005296 0.012757 7.825864 4.805154
21400000   1     625   39.963349 0.000036 0.902697 1599.120209 1.005112 0.011358 7.838756 4.816676
21500000   1     625   40.118141 0.000036 0.901261 1611.422965 1.004845 0.003821 7.751042 4.862284
21600000   1     625   40.220595 0.000036 0.916556 1619.630327 1.004760 0.003412 7.768525 5.017077
21700000   1     625   40.293443 0.000036 0.907893 1625.607794 1.005018 0.005204 7.710099 5.077401
21800000   1     625   40.453983 0.000036 0.903935 1638.600700 1.005044 0.008482 7.680025 5.091627
21900000   1     625   40.683279 0.000035 0.899049 1657.258055 1.005115 0.010352 7.659546 5.153299
22000000   1     625   40.803402 0.000036 0.908846 1666.964552 1.004892 0.012317 7.631588 5.161225
22100000   1     625   40.973823 0.000036 0.915297 1680.863004 1.004760 0.012031 7.564598 5.144521
22200000   1     625   41.097692 0.000036 0.913137 1691.101100 1.004909 0.013126 7.556883 5.114730
22300000   1     625   41.180206 0.000035 0.905687 1697.884246 1.004870 0.016292 7.622293 5.166298
22400000   1     625   41.368228 0.000036 0.922445 1713.365798 1.004735 0.015959 7.762068 5.267068
22500000   1     625   41.504207 0.000035 0.906912 1724.564371 1.004547 0.021742 7.773433 5.328585
22600000   1     625   41.576522 0.000035 0.915087 1730.558425 1.004500 0.024433 7.805922 5.412503
22700000   1     625   41.622447 0.000035 0.912732 1734.431670 1.004623 0.021581 7.921921 5.489524
22800000   1     625   41.761540 0.000035 0.915602 1746.120495 1.004782 0.024592 7.998481 5.592709
22900000   1     625   41.867375 0.000035 0.909177 1754.859929 1.004506 0.025606 8.077460 5.593720
23000000   1     625   41.941312 0.000034 0.903255 1761.098765 1.004586 0.024310 8.129377 5.693054
23100000   1     625   41.994048 0.000035 0.917221 1765.529795 1.004593 0.024242 8.197352 5.707378
23200000   1     625   41.975647 0.000035 0.910944 1763.932179 1.004474 0.022789 8.223980 5.715696
23300000   1     625   42.109564 0.000034 0.908651 1775.294593 1.004673 0.026776 8.197752 5.802944
23400000   1     625   42.092523 0.000035 0.909864 1773.818834 1.004594 0.025671 8.261892 5.847844
23500000   1     625   42.182934 0.000034 0.908360 1781.528253 1.004778 0.030492 8.236764 5.849015
23600000   1     625   42.249779 0.000035 0.916043 1787.122656 1.004640 0.030253 8.264809 5.895547
23700000   1     625   42.425690 0.000034 0.912036 1802.087530 1.004755 0.029841 8.294835 5.905616
23800000   1     625   42.547139 0.000034 0.907936 1812.301064 1.004493 0.027981 8.372345 5.840333
23900000   1     625   42.656901 0.000034 0.911666 1821.663339 1.004494 0.026334 8.404870 5.935877
24000000   1     625   42.767343 0.000034 0.916730 1830.986316 1.004219 0.021119 8.357820 5.901641
24100000   1     625   42.853655 0.000034 0.912751 1838.291102 1.004027 0.016265 8.368655 5.936822
24200000   1     625   42.998987 0.000034 0.915618 1850.689911 1.003830 0.010339 8.400666 5.943419
24300000   1     625   43.094650 0.000034 0.914111 1858.959932 1.003894 0.008130 8.480298 5.920991
24400000   1     625   43.096081 0.000034 0.912446 1859.108782 1.003937 0.001882 8.529476 5.937653
24500000   1     625   43.170315 0.000034 0.908591 1865.659875 1.004250 0.003290 8.499941 5.939669
24600000   1     625   43.316244 0.000034 0.911654 1878.193862 1.004036 0.006782 8.463274 5.936299
24700000   1     625   43.449969 0.000033 0.907844 1889.723399 1.003851 0.009021 8.455313 5.952299
24800000   1     625   43.557589 0.000034 0.918039 1898.982853 1.003619 0.013690 8.488963 6.017668
24900000   1     625   43.733529 0.000034 0.918357 1914.375814 1.003655 0.014522 8.508110 5.943223
25000000   1     625   43.893170 0.000033 0.902037 1928.418487 1.003739 0.014034 8.586886 5.819890
25100000   1     625   44.064192 0.000033 0.915671 1943.501138 1.003794 0.015674 8.646120 5.843061
25200000   1     625   44.143203 0.000033 0.914970 1950.473876 1.003790 0.013849 8.632242 5.797694
25300000   1     625   44.146920 0.000033 0.919572 1950.771632 1.003728 0.012971 8.603887 5.769430
25400000   1     625   44.192467 0.000033 0.916742 1954.694126 1.003516 0.014274 8.688442 5.725059
25500000   1     625   44.313824 0.000033 0.903950 1965.478234 1.003585 0.011848 8.785644 5.685484
25600000   1     625   44.450412 0.000033 0.914050 1977.795380 1.003955 0.007946 8.878639 5.680200
25700000   1     625   44.565569 0.000033 0.922385 1988.130175 1.004101 0.005466 8.952461 5.700559
25800000   1     625   44.699591 0.000033 0.914649 2000.050301 1.003987 0.009395 9.000685 5.640674
25900000   1     625   44.786392 0.000032 0.902358 2007.958567 1.004259 0.011771 9.004480 5.590095
26000000   1     625   44.936189 0.000032 0.912957 2021.347771 1.004128 0.010524 9.051408 5.479357
26100000   1     625   44.977828 0.000033 0.917872 2025.170556 1.004270 0.010727 9.090190 5.360888
26200000   1     625   45.029617 0.000032 0.914163 2029.642110 1.003886 0.014643 9.142712 5.253899
26300000   1     625   45.151776 0.000032 0.905452 2040.739271 1.004024 0.013849 9.288302 5.228395
26400000   1     625   45.181610 0.000032 0.903207 2043.549158 1.004243 0.011041 9.329549 5.082905
26500000   1     625   45.300329 0.000032 0.916018 2054.348897 1.004342 0.012637 9.388350 4.991067
26600000   1     625   45.378515 0.000032 0.920957 2061.329513 1.004119 0.009257 9.326752 4.958031
26700000   1     625   45.403808 0.000032 0.921310 2063.832448 1.004517 0.016068 9.276508 4.883402
26800000   1     625   45.520715 0.000032 0.912184 2074.515994 1.004599 0.015886 9.339443 4.818148
26900000   1     625   45.665304 0.000032 0.911146 2087.899933 1.004938 0.016284 9.403712 4.732624
27000000   1     625   45.719546 0.000032 0.911083 2092.654165 1.004550 0.017840 9.445562 4.642448
27100000   1     625   45.829742 0.000032 0.919306 2102.599614 1.004247 0.019974 9.508168 4.582745
27200000   1     625   45.938901 0.000032 0.919011 2112.670479 1.004332 0.019602 9.478337 4.474086
27300000   1     625   46.013190 0.000032 0.915064 2119.575641 1.004456 0.021149 9.486267 4.364545
27400000   1     625   46.084547 0.000032 0.922867 2126.173329 1.004491 0.022155 9.377133 4.276817
27500000   1     625   46.149236 0.000032 0.913688 2132.155503 1.004518 0.022128 9.350245 4.249710
27600000   1     625   46.191980 0.000032 0.924379 2135.991678 1.004301 0.023467 9.266687 4.218962
27700000   1     625   46.242327 0.000032 0.917019 2140.592203 1.004185 0.024110 9.217369 4.182649
27800000   1     625   46.346925 0.000032 0.919043 2150.248255 1.004118 0.020707 9.132805 4.170772
27900000   1     625   46.419418 0.000032 0.915274 2156.930105 1.004022 0.018552 9.064388 4.128025
28000000   1     625   46.444340 0.000032 0.921746 2159.357429 1.004229 0.016389 8.891223 4.062592
28100000   1     625   46.558123 0.000032 0.921878 2170.013856 1.004348 0.018841 8.752260 3.993485
28200000   1     625   46.558009 0.000031 0.912645 2169.785849 1.003933 0.016247 8.615219 3.958522
28300000   1     625   46.574472 0.000031 0.916921 2171.306914 1.003908 0.014387 8.521959 3.936510
28400000   1     625   46.693624 0.000031 0.919102 2182.415551 1.003870 0.012379 8.388986 3.950527
28500000   1     625   46.887138 0.000031 0.919314 2200.514898 1.003819 0.009461 8.313276 3.951908
28600000   1     625   46.998133 0.000031 0.911619 2211.012210 1.003931 0.005281 8.197354 4.007669
28700000   1     625   47.102884 0.000031 0.917475 2220.964788 1.004074 0.003374 8.094755 3.996790
28800000   1     625   47.216228 0.000031 0.909624 2231.995795 1.004649 0.001206 8.015131 3.995240
28900000   1     625   47.333146 0.000031 0.913685 2243.189354 1.004860 0.002547 7.942368 3.982105
29000000   1     625   47.438930 0.000031 0.915047 2253.175651 1.004778 0.001593 7.836136 3.930895
29100000   1     625   47.547549 0.000031 0.917276 2263.478115 1.004724 0.006426 7.747733 3.928647
29200000   1     625   47.708732 0.000031 0.914362 2278.634501 1.004350 0.008552 7.639386 3.995861
29300000   1     625   47.829744 0.000031 0.922395 2290.043106 1.004078 0.012083 7.546019 4.012173
29400000   1     625   47.980211 0.000030 0.911354 2304.555135 1.004226 0.012276 7.479693 4.026585
29500000   1     625   48.092450 0.000030 0.910383 2315.269969 1.004090 0.016303 7.483499 4.037258
29600000   1     625   48.245042 0.000030 0.913878 2329.857043 1.003877 0.015370 7.340251 4.189702
29700000   1     625   48.414323 0.000030 0.917706 2346.265102 1.003918 0.012956 7.317049 4.230028
29800000   1     625   48.515775 0.000030 0.909495 2355.939880 1.003654 0.011564 7.331638 4.338038
29900000   1     625   48.636964 0.000030 0.916166 2367.621149 1.003472 0.008873 7.264031 4.414063
30000000   1     625   48.727673 0.000030 0.913063 2376.561215 1.003655 0.008787 7.202238 4.526323
30100000   1     625   48.761795 0.000030 0.922389 2379.983453 1.003811 0.009409 7.151324 4.678727
30200000   1     625   48.874965 0.000030 0.930165 2391.182576 1.004047 0.014080 7.121822 4.828321
30300000   1     625   49.041885 0.000030 0.920297 2407.431682 1.003859 0.010282 7.075629 4.885815
30400000   1     625   49.125298 0.000030 0.922760 2415.624954 1.003856 0.010801 7.017230 4.977330
30500000   1     625   49.210469 0.000030 0.918235 2424.037930 1.003902 0.010399 7.101964 5.098404
30600000   1     625   49.291492 0.000030 0.909585 2432.243710 1.004258 0.013339 7.104209 5.238927
30700000   1     625   49.417862 0.000030 0.917206 2444.993295 1.004694 0.012376 7.095204 5.305760
30800000   1     625   49.542831 0.000029 0.910004 2457.442140 1.004798 0.011078 7.092607 5.422592
30900000   1     625   49.636576 0.000030 0.923864 2466.737164 1.004778 0.010818 7.121242 5.548453
31000000   1     625   49.747722 0.000030 0.918583 2477.760667 1.004729 0.009081 7.075473 5.634123
31100000   1     625   49.895621 0.000030 0.922214 2492.489110 1.004682 0.004166 7.067806 5.781281
31200000   1     625   49.989277 0.000029 0.915507 2501.739423 1.004491 0.007310 7.252498 5.843065
31300000   1     625   50.082080 0.000029 0.916543 2510.830846 1.004160 0.006563 7.308849 5.982013
31400000   1     625   50.084601 0.000029 0.923342 2511.007836 1.004032 0.010449 7.417329 5.992518
31500000   1     625   50.233301 0.000029 0.914255 2525.904538 1.003975 0.009700 7.525915 6.016425
31600000   1     625   50.327575 0.000029 0.911345 2535.348944 1.003896 0.013208 7.643935 6.084532
31700000   1     625   50.402636 0.000029 0.925085 2542.915583 1.003911 0.011799 7.743306 6.142231
31800000   1     625   50.506898 0.000029 0.917800 2553.416198 1.003854 0.016980 7.844296 6.210338
31900000   1     625   50.622581 0.000029 0.920319 2565.093692 1.003797 0.019588 8.026689 6.179052
32000000   1     625   50.698772 0.000029 0.911360 2572.757711 1.003696 0.019908 8.114539 6.183163
32100000   1     625   50.840345 0.000029 0.913576 2587.305766 1.003934 0.021617 8.317732 6.161749
32200000   1     625   50.911101 0.000029 0.916544 2594.425982 1.003822 0.022763 8.436115 6.226183
32300000   1     625   51.040787 0.000029 0.922312 2607.763015 1.003977 0.025555 8.554714 6.239624
32400000   1     625   51.218669 0.000029 0.921177 2626.092229 1.004165 0.026300 8.625221 6.171684
32500000   1     625   51.288376 0.000029 0.921515 2633.416550 1.004429 0.028353 8.769288 6.086489
32600000   1     625   51.441357 0.000029 0.920604 2648.981941 1.004181 0.028385 8.811023 6.097336
32700000   1     625   51.477014 0.000028 0.917114 2652.674444 1.004208 0.030165 8.870429 6.016478
32800000   1     625   51.534211 0.000028 0.917859 2658.583474 1.004221 0.028252 8.956389 5.960507
32900000   1     625   51.729181 0.000028 0.919134 2678.608840 1.004028 0.025436 8.988568 5.927109
33000000   1     625   51.961451 0.000028 0.918236 2702.989864 1.004432 0.026882 8.960444 5.799273
33100000   1     625   52.113157 0.000028 0.911464 2718.614834 1.004171 0.023150 9.024654 5.805643
33200000   1     625   52.187023 0.000028 0.916811 2726.225871 1.004019 0.019960 9.114379 5.682415
33300000   1     625   52.375287 0.000028 0.921975 2745.615875 1.003564 0.015871 9.085592 5.587496
33400000   1     625   52.401510 0.000028 0.918837 2748.341351 1.003541 0.015800 8.995804 5.546276
33500000   1     625   52.465374 0.000028 0.918396 2755.137067 1.003673 0.016222 8.996736 5.390237
33600000   1     625   52.585057 0.000028 0.921047 2767.729483 1.003693 0.016138 9.024173 5.325680
33700000   1     625   52.699609 0.000028 0.920683 2779.923857 1.003873 0.017569 9.007334 5.211889
33800000   1     625   52.800732 0.000028 0.919734 2790.718433 1.004029 0.014761 9.027201 5.028812
33900000   1     625   52.872312 0.000028 0.927346 2798.394670 1.004185 0.014474 9.028594 4.923393
34000000   1     625   53.065175 0.000028 0.921887 2818.683894 1.003943 0.012664 8.971417 4.844252
34100000   1     625   53.201982 0.000027 0.914775 2833.203177 1.003885 0.011585 8.999169 4.826339
34200000   1     625   53.202634 0.000028 0.915469 2833.353420 1.004005 0.011383 8.983448 4.752671
34300000   1     625   53.312641 0.000027 0.912624 2845.126112 1.004091 0.011867 8.940492 4.679503
34400000   1     625   53.362449 0.000028 0.923468 2850.502402 1.004161 0.012402 8.968350 4.743553
34500000   1     625   53.513905 0.000028 0.921866 2866.509275 1.003868 0.010687 8.945923 4.652659
34600000   1     625   53.562125 0.000027 0.916739 2871.418229 1.003503 0.009826 8.880036 4.587112
34700000   1     625   53.554535 0.000028 0.921494 2870.439799 1.003273 0.012937 8.815518 4.486787
34800000   1     625   53.618831 0.000027 0.920251 2877.369775 1.003320 0.011774 8.725124 4.420008
34900000   1     625   53.759246 0.000028 0.924832 2892.466826 1.003330 0.011854 8.666265 4.386109
35000000   1     625   53.845617 0.000027 0.916756 2901.918535 1.003521 0.016196 8.599528 4.331509
35100000   1     625   54.005045 0.000027 0.913340 2919.144034 1.003542 0.015005 8.504701 4.279371
35200000   1     625   54.134073 0.000027 0.920469 2933.110648 1.003546 0.016061 8.352912 4.352247
35300000   1     625   54.230917 0.000027 0.922287 2943.651055 1.003593 0.018197 8.216762 4.402455
35400000   1     625   54.336575 0.000027 0.916716 2955.178745 1.003658 0.018487 8.147319 4.471169
35500000   1     625   54.504318 0.000027 0.922345 2973.403129 1.003591 0.017268 8.062218 4.562681
35600000   1     625   54.604543 0.000027 0.918310 2984.472592 1.003759 0.017126 7.964204 4.654121
35700000   1     625   54.804760 0.000027 0.922910 3006.456089 1.003826 0.017469 7.829341 4.700738
35800000   1     625   54.945167 0.000027 0.915808 3021.910325 1.003860 0.018391 7.759930 4.817609
35900000   1     625   55.120917 0.000027 0.918244 3041.549748 1.004227 0.016793 7.688251 4.880204
36000000   1     625   55.170988 0.000027 0.920097 3047.150349 1.004326 0.015973 7.550227 4.898949
36100000   1     625   55.316160 0.000027 0.919591 3063.355529 1.004543 0.015436 7.439927 5.012404
36200000   1     625   55.443902 0.000027 0.927417 3077.436293 1.004444 0.013623 7.302948 5.176401
36300000   1     625   55.576108 0.000027 0.928230 3091.927085 1.004202 0.011870 7.219458 5.316756
36400000   1     625   55.677414 0.000026 0.916174 3103.435975 1.004499 0.007304 7.128794 5.420334
36500000   1     625   55.745367 0.000026 0.917510 3110.973753 1.004445 0.003770 6.951010 5.540776
36600000   1     625   55.886602 0.000026 0.920998 3127.026713 1.004797 0.001407 6.901541 5.619098
36700000   1     625   56.063507 0.000026 0.917764 3146.728264 1.004636 0.004328 6.863228 5.767536
36800000   1     625   56.111434 0.000026 0.922496 3152.263324 1.004823 0.008299 6.834380 5.923642
36900000   1     625   56.207956 0.000026 0.921604 3162.910334 1.004556 0.007859 6.810868 6.043936
37000000   1     625   56.323448 0.000026 0.914778 3176.063350 1.004741 0.007764 6.780830 6.118902
37100000   1     625   56.451199 0.000026 0.918859 3190.536352 1.004797 0.007417 6.755846 6.245741
37200000   1     625   56.557592 0.000026 0.920458 3202.438856 1.004619 0.007402 6.813727 6.326645
37300000   1     625   56.689369 0.000026 0.909910 3217.297358 1.004532 0.009333 6.854891 6.530261
37400000   1     625   56.829216 0.000026 0.925375 3233.354201 1.004738 0.010237 6.902098 6.691454
37500000   1     625   56.956294 0.000026 0.919222 3247.912687 1.004831 0.012046 6.919035 6.872468
37600000   1     625   57.158254 0.000026 0.919158 3271.047122 1.004904 0.015570 6.912271 7.092276
37700000   1     625   57.212656 0.000026 0.922459 3277.044283 1.004602 0.017945 6.987010 7.208154
37800000   1     625   57.357596 0.000026 0.926025 3293.533721 1.004433 0.018844 7.030543 7.364240
37900000   1     625   57.507524 0.000026 0.924986 3310.997490 1.004695 0.022476 7.154485 7.559458
38000000   1     625   57.562005 0.000026 0.920078 3317.333921 1.004767 0.023454 7.330922 7.733992
38100000   1     625   57.667566 0.000025 0.914742 3329.656691 1.004938 0.026047 7.431718 7.874496
38200000   1     625   57.744149 0.000025 0.916413 3338.693225 1.005156 0.028149 7.584787 7.999882
38300000   1     625   57.786557 0.000026 0.929625 3343.507108 1.005046 0.028995 7.719909 8.107183
38400000   1     625   57.777175 0.000025 0.921977 3342.487138 1.005140 0.024141 7.752416 8.206756
38500000   1     625   57.865638 0.000026 0.926264 3352.768917 1.005172 0.024120 7.900785 8.317430
38600000   1     625   58.006560 0.000025 0.919934 3369.074192 1.005130 0.024537 8.095783 8.384930
38700000   1     625   58.192398 0.000025 0.927125 3390.703051 1.005112 0.025437 8.236007 8.440028
38800000   1     625   58.208411 0.000025 0.922709 3392.513344 1.005056 0.024694 8.358843 8.537049
38900000   1     625   58.228918 0.000025 0.918940 3395.038954 1.005234 0.022070 8.495315 8.592197
39000000   1     625   58.269448 0.000025 0.924322 3399.632953 1.005068 0.020605 8.597287 8.584572
39100000   1     625   58.368513 0.000025 0.916955 3411.310607 1.005191 0.021043 8.672578 8.673633
39200000   1     625   58.451571 0.000025 0.926307 3421.212526 1.005401 0.019572 8.806035 8.634711
39300000   1     625   58.601651 0.000025 0.921005 3438.573025 1.005156 0.020458 8.992656 8.484728
39400000   1     625   58.605517 0.000025 0.920257 3439.078471 1.005224 0.019342 9.129611 8.409643
39500000   1     625   58.703730 0.000025 0.918839 3450.268322 1.004829 0.015922 9.267907 8.303179
39600000   1     625   58.763078 0.000025 0.923681 3457.293172 1.004879 0.015907 9.441829 8.180999
39700000   1     625   58.850999 0.000025 0.916473 3467.491832 1.004705 0.014097 9.560229 8.024091
39800000   1     625   59.026697 0.000025 0.918058 3488.238299 1.004729 0.012318 9.791113 7.913886
39900000   1     625   59.155452 0.000025 0.921456 3503.346556 1.004566 0.012031 9.980689 7.681870
40000000   1     625   59.252935 0.000025 0.915593 3514.868177 1.004509 0.011792 10.050060 7.491887
40100000   1     625   59.370245 0.000025 0.921647 3528.903598 1.004638 0.009785 10.267666 7.368936
40200000   1     625   59.473662 0.000025 0.927092 3541.525597 1.004994 0.008139 10.379415 7.206056
40300000   1     625   59.500709 0.000025 0.918246 3545.312823 1.005640 0.006446 10.520198 7.077839
40400000   1     625   59.657396 0.000025 0.919121 3564.192309 1.005876 0.004820 10.618425 6.909642
40500000   1     625   59.744817 0.000025 0.917316 3574.933728 1.006209 0.003934 10.743448 6.699667
40600000   1     625   59.805057 0.000024 0.916828 3582.104250 1.006173 0.003615 10.695714 6.533527
40700000   1     625   59.795498 0.000025 0.925302 3581.423475 1.006691 0.003097 10.762517 6.383013
40800000   1     625   59.879604 0.000025 0.923707 3591.681782 1.006925 0.003433 10.809036 6.215404
40900000   1     625   59.969201 0.000025 0.922342 3602.434283 1.006931 0.003530 10.963074 6.131210
41000000   1     625   60.143337 0.000024 0.920211 3623.186650 1.006697 0.004994 11.008022 6.009238
41100000   1     625   60.147790 0.000024 0.921085 3623.751799 1.006728 0.007509 10.885458 5.779734
41200000   1     625   60.253060 0.000025 0.927740 3636.616719 1.006905 0.009389 10.931109 5.569225
41300000   1     625   60.402657 0.000024 0.921443 3654.353387 1.006497 0.010574 10.883738 5.360913
41400000   1     625   60.499333 0.000024 0.918113 3665.479299 1.005856 0.013391 10.771234 5.163438
41500000   1     625   60.605665 0.000024 0.924978 3677.842385 1.005255 0.018456 10.700491 4.940692
41600000   1     625   60.651792 0.000024 0.924739 3683.070425 1.004817 0.023164 10.608490 4.752516
41700000   1     625   60.771949 0.000024 0.921458 3697.465057 1.004577 0.025502 10.495160 4.615467
41800000   1     625   60.922962 0.000024 0.919948 3715.953858 1.004682 0.028966 10.360423 4.469727
41900000   1     625   61.025528 0.000024 0.920381 3728.381129 1.004562 0.032824 10.253758 4.283120
42000000   1     625   61.083793 0.000024 0.922299 3735.231217 1.004261 0.034178 10.118322 4.126930
42100000   1     625   61.140342 0.000024 0.921200 3742.040327 1.004137 0.032952 9.947664 3.999702
42200000   1     625   61.316121 0.000024 0.929524 3763.937811 1.004491 0.033564 9.943742 3.739532
42300000   1     625   61.355055 0.000024 0.926100 3769.108188 1.004882 0.034532 9.827788 3.504521
42400000   1     625   61.492969 0.000024 0.916676 3786.607557 1.005444 0.034038 9.778946 3.229366
42500000   1     625   61.523486 0.000024 0.925910 3790.958903 1.006052 0.034216 9.610512 3.022984
42600000   1     625   61.600765 0.000024 0.925594 3800.798814 1.006324 0.034465 9.446357 2.865017
42700000   1     625   61.690223 0.000024 0.925443 3811.850549 1.006314 0.033683 9.454617 2.686513
42800000   1     625   61.817438 0.000024 0.921330 3827.500694 1.006252 0.032396 9.237444 2.621574
42900000   1     625   61.935462 0.000024 0.921598 3842.412194 1.006542 0.031890 9.081977 2.566851
43000000   1     625   61.993502 0.000024 0.923382 3849.427368 1.006339 0.030283 8.879807 2.506172
43100000   1     625   62.093236 0.000024 0.914288 3861.889154 1.006396 0.028300 8.811935 2.484310
43200000   1     625   62.279200 0.000024 0.933713 3884.773300 1.006129 0.026516 8.715769 2.516681
43300000   1     625   62.369161 0.000024 0.927242 3895.611342 1.005743 0.022634 8.591920 2.491612
43400000   1     625   62.402489 0.000024 0.924640 3899.259273 1.005237 0.020959 8.459983 2.524201
43500000   1     625   62.534014 0.000024 0.924010 3915.420093 1.004954 0.018175 8.329309 2.602103
43600000   1     625   62.725081 0.000024 0.923925 3939.518782 1.005093 0.015535 8.164064 2.657570
43700000   1     625   62.843393 0.000024 0.929020 3954.686684 1.005390 0.012132 7.887559 2.721269
43800000   1     625   62.943773 0.000024 0.926149 3967.021069 1.005101 0.008357 7.646171 2.835047
43900000   1     625   63.099155 0.000023 0.923138 3986.902513 1.005388 0.004359 7.373976 2.790635
44000000   1     625   63.094374 0.000023 0.921861 3986.630924 1.005736 0.002754 7.116572 2.846647
44100000   1     625   63.264171 0.000023 0.917761 4007.825368 1.005454 0.003083 6.828151 2.966914
44200000   1     625   63.390383 0.000023 0.926404 4023.340826 1.004984 0.005183 6.574040 3.086777
44300000   1     625   63.466941 0.000023 0.927115 4033.061494 1.005004 0.008822 6.294997 3.268456
44400000   1     625   63.607240 0.000023 0.921424 4051.582378 1.005677 0.012751 5.989729 3.327157
44500000   1     625   63.617515 0.000023 0.914477 4052.577703 1.005379 0.015034 5.860718 3.538985
44600000   1     625   63.769786 0.000023 0.928004 4072.154117 1.005526 0.017156 5.619765 3.654898
44700000   1     625   63.898006 0.000023 0.922141 4088.886811 1.005871 0.020786 5.536673 3.763532
44800000   1     625   63.953784 0.000023 0.924646 4096.311530 1.006114 0.022465 5.416354 3.879198
44900000   1     625   64.052305 0.000023 0.923832 4109.151892 1.006317 0.026960 5.322719 3.979106
45000000   1     625   64.204715 0.000023 0.924088 4128.675144 1.006270 0.030545 5.222056 4.033150
45100000   1     625   64.332252 0.000023 0.928620 4145.522012 1.006661 0.029117 5.078090 4.165949
45200000   1     625   64.507864 0.000023 0.928178 4168.645170 1.007092 0.030001 5.052019 4.297553
45300000   1     625   64.493771 0.000023 0.925258 4166.847180 1.007098 0.029749 5.120028 4.407695
45400000   1     625   64.706714 0.000023 0.923024 4193.872246 1.006603 0.030068 5.120533 4.571391
45500000   1     625   64.816163 0.000023 0.925382 4207.930109 1.006460 0.030019 5.136202 4.662498
45600000   1     625   64.945907 0.000023 0.922135 4224.375353 1.006050 0.030158 5.267728 4.853476
45700000   1     625   65.031382 0.000023 0.918175 4235.388494 1.005952 0.030588 5.322396 5.003143
45800000   1     625   65.159161 0.000023 0.920185 4251.664579 1.005598 0.029763 5.320448 5.165587
45900000   1     625   65.296320 0.000023 0.929232 4269.214559 1.005242 0.029535 5.486833 5.364853
46000000   1     625   65.353243 0.000023 0.922290 4277.053591 1.005601 0.032838 5.424357 5.463746
46100000   1     625   65.496187 0.000023 0.923021 4295.571982 1.005404 0.034186 5.582218 5.742732
46200000   1     625   65.633988 0.000023 0.924774 4313.067728 1.004832 0.030512 5.642611 5.981580
46300000   1     625   65.724119 0.000023 0.929946 4324.757568 1.004680 0.028312 5.801117 6.260125
46400000   1     625   65.894709 0.000023 0.929893 4347.060628 1.004516 0.028641 5.836934 6.464565
46500000   1     625   66.051867 0.000022 0.915795 4368.052569 1.004714 0.027244 5.969361 6.658647
46600000   1     625   66.205034 0.000022 0.924995 4388.313842 1.004697 0.024722 6.084457 6.809162
46700000   1     625   66.273494 0.000022 0.928269 4397.390622 1.004690 0.023753 6.228426 7.056298
46800000   1     625   66.452899 0.000022 0.928878 4421.010558 1.004501 0.022596 6.392965 7.256244
46900000   1     625   66.502398 0.000022 0.920060 4427.383898 1.004323 0.022885 6.538214 7.430216
47000000   1     625   66.616716 0.000022 0.920947 4442.190476 1.003953 0.023179 6.718638 7.493694
47100000   1     625   66.712334 0.000022 0.914786 4454.808508 1.003837 0.022521 6.908750 7.632851
47200000   1     625   66.828028 0.000022 0.917160 4469.932843 1.003534 0.019422 7.073378 7.722386
47300000   1     625   67.035595 0.000022 0.927587 4497.375122 1.003206 0.016950 7.188658 7.704851
47400000   1     625   67.120981 0.000022 0.928081 4508.903888 1.003262 0.017033 7.299605 7.738145
47500000   1     625   67.200178 0.000022 0.928336 4519.634523 1.003342 0.015451 7.378926 7.803904
47600000   1     625   67.320209 0.000022 0.925485 4535.741086 1.003290 0.017330 7.475746 7.800469
47700000   1     625   67.426985 0.000022 0.915053 4550.227602 1.003376 0.018379 7.641933 7.833682
47800000   1     625   67.477097 0.000022 0.921578 4556.890379 1.003291 0.017801 7.831573 7.762117
47900000   1     625   67.704926 0.000022 0.924627 4587.723688 1.003297 0.017941 7.904932 7.731490
48000000   1     625   67.812605 0.000022 0.923221 4602.166388 1.003158 0.017830 8.099751 7.715480
48100000   1     625   67.873116 0.000022 0.923481 4610.285696 1.003089 0.015065 8.222480 7.566087
48200000   1     625   67.996188 0.000022 0.918781 4626.814815 1.002908 0.013449 8.395750 7.371775
48300000   1     625   68.130709 0.000022 0.926916 4644.901589 1.002710 0.009732 8.503058 7.383153
48400000   1     625   68.267209 0.000022 0.929850 4663.388747 1.002592 0.007673 8.608920 7.371257
48500000   1     625   68.359727 0.000022 0.929055 4676.102061 1.002644 0.009603 8.706693 7.294395
48600000   1     625   68.429094 0.000022 0.923180 4685.911294 1.002926 0.008053 8.882041 7.203165
48700000   1     625   68.577753 0.000022 0.927825 4706.090523 1.002749 0.007902 8.990287 7.048649
48800000   1     625   68.743620 0.000022 0.926121 4728.832699 1.002705 0.008278 9.131343 6.974005
48900000   1     625   68.947482 0.000021 0.924497 4757.098599 1.002849 0.009477 9.317050 6.765404
49000000   1     625   69.051745 0.000021 0.927972 4771.779743 1.003091 0.008672 9.433892 6.675727
49100000   1     625   69.086125 0.000021 0.926195 4776.890132 1.003400 0.009259 9.707425 6.595697
49200000   1     625   69.203981 0.000021 0.927312 4793.065641 1.003277 0.009501 9.730048 6.529460
49300000   1     625   69.306609 0.000021 0.925677 4807.453206 1.003413 0.010557 9.845834 6.553451
49400000   1     625   69.464538 0.000021 0.916365 4829.599114 1.003588 0.011293 9.950879 6.430628
49500000   1     625   69.532338 0.000021 0.922755 4838.788984 1.003376 0.013877 9.980082 6.363880
49600000   1     625   69.655975 0.000021 0.932117 4856.054017 1.003399 0.015117 10.084768 6.313146
49700000   1     625   69.750489 0.000021 0.927805 4869.185275 1.003347 0.016727 10.099515 6.305402
49800000   1     625   69.877637 0.000021 0.927129 4887.297898 1.003618 0.017006 10.287985 6.187386
49900000   1     625   69.929176 0.000021 0.919687 4894.383510 1.003520 0.017676 10.291382 6.078661
50000000   1     625   70.027147 0.000021 0.929332 4908.032208 1.003455 0.018189 10.343711 6.060201
