# timestep  cluster_id  size  avg_radius  ang_freq  ang_momentum  rg_sq  kurtosis  asphericity  xc  yc
20000000   1     625   39.892093 0.000036 0.908499 1593.501744 1.005314 0.026262 -2.092744 0.798527
20100000   1     625   40.025056 0.000036 0.902231 1604.122981 1.005286 0.029198 -2.072962 0.716042
20200000   1     625   40.141873 0.000036 0.910558 1613.575451 1.005481 0.028180 -2.044792 0.613456
20300000   1     625   40.206912 0.000036 0.900896 1618.786723 1.005414 0.024783 -1.957915 0.548965
20400000   1     625   40.354463 0.000036 0.906785 1630.600166 1.005193 0.026561 -1.890737 0.448425
20500000   1     625   40.498447 0.000036 0.913867 1642.257707 1.005178 0.027170 -1.874889 0.429899
20600000   1     625   40.562842 0.000036 0.919276 1647.503163 1.005222 0.026730 -1.905089 0.367023
20700000   1     625   40.652932 0.000036 0.912793 1655.069417 1.005800 0.028043 -1.975513 0.232844
20800000   1     625   40.792873 0.000035 0.905029 1666.417348 1.005654 0.026280 -1.982250 0.204749
20900000   1     625   41.006537 0.000035 0.906081 1683.682106 1.005084 0.024327 -2.064800 0.188593
21000000   1     625   41.086120 0.000036 0.913801 1690.197312 1.005034 0.022854 -2.192895 0.152227
21100000   1     625   41.185674 0.000035 0.913378 1698.475532 1.005211 0.025260 -2.225421 0.100669
21200000   1     625   41.289272 0.000035 0.908129 1706.946093 1.005010 0.024882 -2.261282 0.080522
21300000   1     625   41.447791 0.000035 0.903771 1720.085677 1.005028 0.026075 -2.293692 0.025680
21400000   1     625   41.556986 0.000035 0.919933 1729.198511 1.005106 0.028415 -2.402176 -0.000685
21500000   1     625   41.680748 0.000035 0.909872 1739.522963 1.005126 0.025294 -2.425533 -0.037398
21600000   1     625   41.776345 0.000035 0.904121 1747.506704 1.005120 0.026329 -2.505776 -0.005008
21700000   1     625   41.964064 0.000035 0.905645 1763.112994 1.004822 0.023965 -2.563474 0.000437
21800000   1     625   42.142528 0.000035 0.918503 1778.155104 1.004854 0.023965 -2.622242 -0.102574
21900000   1     625   42.229407 0.000035 0.918610 1785.364806 1.004563 0.027732 -2.713274 -0.057770
22000000   1     625   42.279402 0.000034 0.901459 1789.593291 1.004562 0.028707 -2.754111 -0.088982
22100000   1     625   42.332754 0.000035 0.918565 1794.175903 1.004705 0.031486 -2.898800 -0.093071
22200000   1     625   42.442123 0.000034 0.911544 1803.579794 1.004984 0.032489 -3.038306 0.034480
22300000   1     625   42.561623 0.000034 0.913677 1813.712506 1.004896 0.033286 -3.061573 0.035064
22400000   1     625   42.647285 0.000035 0.923239 1820.891424 1.004603 0.032368 -3.129466 -0.054493
22500000   1     625   42.725118 0.000034 0.916928 1827.592581 1.004716 0.036239 -3.179187 -0.070295
22600000   1     625   42.794659 0.000034 0.908410 1833.559085 1.004746 0.038524 -3.179312 -0.105726
22700000   1     625   42.822988 0.000034 0.923009 1836.049689 1.004873 0.035791 -3.245792 -0.135210
22800000   1     625   42.883781 0.000034 0.908435 1841.353248 1.005056 0.036980 -3.404040 -0.146627
22900000   1     625   43.029829 0.000034 0.914605 1853.877472 1.004970 0.035678 -3.386848 -0.129006
23000000   1     625   43.175347 0.000034 0.909082 1866.337217 1.004755 0.031996 -3.475519 -0.178869
23100000   1     625   43.318490 0.000034 0.912188 1878.617402 1.004503 0.030639 -3.579259 -0.125860
23200000   1     625   43.415132 0.000034 0.909781 1887.052918 1.004610 0.029970 -3.720095 -0.120982
23300000   1     625   43.528519 0.000034 0.913245 1896.863401 1.004473 0.027275 -3.815295 -0.094521
23400000   1     625   43.603323 0.000033 0.909099 1903.435090 1.004583 0.027758 -3.854923 -0.049146
23500000   1     625   43.628623 0.000034 0.918594 1905.476777 1.004232 0.027033 -3.959769 -0.006917
23600000   1     625   43.776153 0.000033 0.907039 1918.519250 1.004507 0.025785 -3.923321 0.033072
23700000   1     625   43.830974 0.000033 0.916919 1923.378664 1.004612 0.028230 -4.045618 0.021244
23800000   1     625   43.986140 0.000033 0.909326 1937.243789 1.005080 0.031174 -4.073461 0.119331
23900000   1     625   44.013702 0.000033 0.909415 1939.559967 1.004849 0.029413 -4.097568 0.178460
24000000   1     625   44.083426 0.000033 0.916489 1945.759884 1.004947 0.027402 -4.167347 0.086219
24100000   1     625   44.194114 0.000033 0.906781 1955.625533 1.005113 0.025312 -4.253980 0.067428
24200000   1     625   44.312059 0.000033 0.914241 1965.921178 1.004784 0.025863 -4.238681 0.012595
24300000   1     625   44.382547 0.000033 0.910311 1972.050365 1.004544 0.027637 -4.214458 0.060138
24400000   1     625   44.551441 0.000033 0.910336 1987.043831 1.004443 0.029938 -4.244117 0.013390
24500000   1     625   44.633822 0.000033 0.917477 1994.430874 1.004504 0.031818 -4.303049 -0.035533
24600000   1     625   44.717074 0.000033 0.910395 2001.789581 1.004330 0.032653 -4.324955 0.039610
24700000   1     625   44.798320 0.000032 0.910954 2009.111412 1.004414 0.035035 -4.295705 0.012553
24800000   1     625   44.902057 0.000033 0.919433 2018.366421 1.004290 0.035318 -4.317856 -0.073192
24900000   1     625   44.975663 0.000033 0.915455 2025.001464 1.004329 0.033553 -4.281418 -0.098154
25000000   1     625   45.161293 0.000032 0.904556 2041.787279 1.004399 0.032497 -4.292235 -0.020164
25100000   1     625   45.266038 0.000032 0.917297 2051.369662 1.004592 0.031711 -4.337043 0.026817
25200000   1     625   45.486178 0.000032 0.916800 2071.318722 1.004505 0.033257 -4.307174 0.054020
25300000   1     625   45.658455 0.000032 0.918136 2087.114168 1.004645 0.033868 -4.207202 0.066719
25400000   1     625   45.806548 0.000032 0.918066 2100.603073 1.004518 0.034382 -4.193113 0.092735
25500000   1     625   45.881810 0.000032 0.906911 2107.433438 1.004378 0.033108 -4.153139 0.118094
25600000   1     625   45.962270 0.000032 0.916204 2114.713318 1.004143 0.032432 -4.150737 0.070476
25700000   1     625   46.113626 0.000032 0.923637 2128.640108 1.004091 0.032847 -4.127799 0.166364
25800000   1     625   46.138416 0.000032 0.915706 2130.856274 1.003948 0.031649 -4.190776 0.164172
25900000   1     625   46.271375 0.000032 0.917491 2143.074276 1.003793 0.027488 -4.126165 0.164548
26000000   1     625   46.402853 0.000032 0.916632 2155.322887 1.003901 0.027783 -4.160120 0.105237
26100000   1     625   46.535138 0.000031 0.913341 2167.856757 1.004316 0.028857 -4.153927 0.083645
26200000   1     625   46.693196 0.000031 0.917891 2182.465737 1.004058 0.025695 -4.151601 0.080528
26300000   1     625   46.802601 0.000031 0.921308 2192.595824 1.003858 0.025589 -4.086897 0.043747
26400000   1     625   46.921741 0.000031 0.923753 2203.709432 1.003740 0.022601 -4.041687 0.100064
26500000   1     625   47.067574 0.000031 0.904066 2217.475857 1.003827 0.023026 -4.095709 0.020753
26600000   1     625   47.157241 0.000031 0.914115 2225.896390 1.003763 0.024052 -4.092547 -0.051944
26700000   1     625   47.351726 0.000031 0.918984 2244.293980 1.003766 0.026686 -4.077939 -0.000987
26800000   1     625   47.466642 0.000031 0.912554 2255.169788 1.003705 0.023603 -4.064159 0.029140
26900000   1     625   47.592267 0.000031 0.920261 2267.216154 1.003869 0.026514 -4.094141 0.029773
27000000   1     625   47.775494 0.000031 0.917093 2284.609528 1.003702 0.028337 -4.033244 0.099393
27100000   1     625   47.973650 0.000030 0.907919 2303.627598 1.003739 0.033073 -3.949107 0.126647
27200000   1     625   47.987397 0.000031 0.915533 2305.099952 1.004016 0.032127 -3.971732 0.049277
27300000   1     625   48.155751 0.000030 0.911398 2321.182398 1.003800 0.031710 -4.037387 0.001960
27400000   1     625   48.282238 0.000030 0.921133 2333.388975 1.003808 0.032355 -4.089199 0.036348
27500000   1     625   48.395517 0.000031 0.925440 2344.332871 1.003777 0.032546 -4.197197 0.044999
27600000   1     625   48.456901 0.000030 0.922509 2350.319984 1.003819 0.032414 -4.223157 -0.039761
27700000   1     625   48.567386 0.000030 0.916161 2360.813140 1.003421 0.030266 -4.251103 -0.061620
27800000   1     625   48.732741 0.000030 0.918473 2376.978974 1.003529 0.032276 -4.330487 -0.113780
27900000   1     625   48.827187 0.000030 0.914871 2386.139000 1.003417 0.031163 -4.282198 -0.160333
28000000   1     625   48.983498 0.000030 0.921359 2401.400124 1.003355 0.031113 -4.331918 -0.243743
28100000   1     625   49.129499 0.000030 0.915493 2415.863300 1.003556 0.032815 -4.350793 -0.163253
28200000   1     625   49.324643 0.000030 0.913129 2434.938757 1.003295 0.029111 -4.440447 -0.303846
28300000   1     625   49.388045 0.000030 0.913981 2441.071610 1.003087 0.026952 -4.509620 -0.305110
28400000   1     625   49.414882 0.000029 0.908926 2443.827486 1.003249 0.026879 -4.527635 -0.289713
28500000   1     625   49.489584 0.000030 0.919526 2451.309440 1.003392 0.026060 -4.604035 -0.264566
28600000   1     625   49.513520 0.000030 0.926415 2453.694838 1.003408 0.024267 -4.680452 -0.204326
28700000   1     625   49.596491 0.000030 0.921125 2461.939824 1.003451 0.021992 -4.695026 -0.225182
28800000   1     625   49.660538 0.000029 0.913863 2468.451828 1.003689 0.022323 -4.743573 -0.158690
28900000   1     625   49.758883 0.000030 0.920874 2478.167381 1.003573 0.020775 -4.742083 -0.162582
29000000   1     625   49.868243 0.000029 0.919549 2489.043863 1.003545 0.017643 -4.767508 -0.139367
29100000   1     625   50.032415 0.000029 0.920201 2505.518010 1.003646 0.014829 -4.837250 -0.134988
29200000   1     625   50.038377 0.000029 0.915034 2506.001361 1.003464 0.013322 -4.864302 -0.054332
29300000   1     625   50.128666 0.000029 0.923419 2515.059353 1.003475 0.012045 -4.929908 0.013501
29400000   1     625   50.273546 0.000029 0.913015 2529.444697 1.003201 0.006486 -4.953174 0.091980
29500000   1     625   50.384518 0.000029 0.926895 2540.654847 1.003251 0.005645 -4.961896 0.195030
29600000   1     625   50.455096 0.000029 0.916956 2547.792972 1.003276 0.004618 -4.949995 0.297420
29700000   1     625   50.503859 0.000029 0.927009 2552.701442 1.003232 0.006086 -4.881903 0.427230
29800000   1     625   50.624882 0.000029 0.922075 2565.034340 1.003356 0.008759 -4.932595 0.488768
29900000   1     625   50.760990 0.000029 0.917253 2578.743982 1.003199 0.008281 -4.922244 0.620067
30000000   1     625   50.936895 0.000029 0.918967 2596.867485 1.003553 0.012864 -4.951387 0.744957
30100000   1     625   51.023015 0.000029 0.919916 2605.638077 1.003528 0.017562 -4.952979 0.812941
30200000   1     625   51.119770 0.000029 0.918008 2615.732676 1.003845 0.020303 -5.001203 0.828389
30300000   1     625   51.257882 0.000028 0.910897 2630.108394 1.004179 0.023037 -5.094315 0.964373
30400000   1     625   51.323536 0.000029 0.920876 2636.762519 1.004044 0.025524 -5.084357 1.014195
30500000   1     625   51.321141 0.000028 0.910260 2636.603229 1.004185 0.030919 -5.019453 1.081506
30600000   1     625   51.480913 0.000027 0.884777 2653.891849 1.005630 0.038578 -4.920995 1.209537
30700000   1     625   51.724996 0.000026 0.843004 2680.541263 1.008008 0.049736 -4.761411 1.560873
30800000   1     625   52.090952 0.000026 0.849631 2719.826792 1.009997 0.066627 -4.464855 1.914652
30900000   1     625   52.253257 0.000026 0.859671 2737.151875 1.010406 0.079620 -4.187184 2.223787
31000000   1     625   52.334371 0.000025 0.836083 2745.823358 1.010525 0.096363 -3.799118 2.497716
31100000   1     625   52.378683 0.000025 0.816613 2750.465462 1.010205 0.109696 -3.364473 2.878226
31200000   1     625   52.683905 0.000024 0.803218 2784.071887 1.012269 0.129724 -2.895871 3.223547
31300000   1     625   52.839647 0.000024 0.792985 2802.743872 1.015148 0.153794 -2.176599 3.632676
31400000   1     625   52.915440 0.000023 0.767106 2813.856556 1.019200 0.177243 -1.274691 3.904055
31500000   1     624   53.046654 0.000023 0.768257 2832.634231 1.025707 0.202320 -0.178712 4.383694
31600000   1     625   53.228272 0.000023 0.774586 2857.293513 1.032576 0.225511 0.996032 4.537011
31700000   1     625   53.450816 0.000023 0.777507 2887.963611 1.041265 0.253617 2.330723 4.542526
31800000   1     625   53.681845 0.000022 0.745442 2923.436481 1.054702 0.281169 3.994428 4.556773
31900000   1     625   53.922583 0.000021 0.728614 2963.252830 1.071641 0.310428 5.814449 4.597238
32000000   1     625   54.013570 0.000021 0.733701 2989.839168 1.092549 0.337380 7.680300 4.576464
32100000   1     625   53.966367 0.000022 0.753860 3004.165436 1.117923 0.360708 9.579013 4.508210
32200000   1     625   53.858983 0.000020 0.702794 3017.354788 1.151315 0.383978 11.486813 4.483409
32300000   1     625   53.687339 0.000021 0.705717 3028.510591 1.191940 0.407740 13.486906 4.476149
32400000   1     625   53.401157 0.000021 0.720999 3026.782980 1.233258 0.428377 15.390422 4.400121
32500000   1     625   53.101426 0.000020 0.700791 3023.913145 1.275199 0.445400 17.038180 4.164604
32600000   1     624   52.432639 0.000020 0.677170 2982.015664 1.325549 0.464280 18.632355 4.304385
32700000   1     619   51.516588 0.000020 0.665918 2923.464304 1.394589 0.494777 20.730207 4.713817
32800000   1     619   50.878534 0.000019 0.637831 2877.760178 1.439164 0.508961 22.055409 4.602511
32900000   1     619   50.270241 0.000020 0.636042 2834.743307 1.482823 0.526268 23.312666 4.346141
33000000   1     624   49.996824 0.000020 0.655501 2819.332452 1.510472 0.527308 23.885899 3.606642
33100000   1     624   49.387292 0.000019 0.603631 2771.708251 1.549676 0.544027 24.831978 3.134376
33200000   1     624   48.846158 0.000018 0.560079 2731.313785 1.588069 0.563886 25.925295 2.477338
33300000   1     624   48.325616 0.000018 0.575798 2694.420106 1.631268 0.581919 27.088938 1.703303
33400000   1     624   47.716263 0.000017 0.483863 2651.609087 1.681884 0.601876 28.328741 1.009943
33500000   1     624   47.093037 0.000017 0.517204 2610.553696 1.739559 0.621472 29.445743 0.116873
33600000   1     624   46.435529 0.000017 0.478525 2566.952338 1.797687 0.642739 30.698542 -0.857535
33700000   1     624   45.764599 0.000016 0.455255 2524.733371 1.864662 0.665569 32.002193 -2.003341
33800000   1     624   45.174908 0.000015 0.408437 2493.583500 1.934853 0.686182 33.524410 -3.312582
33900000   1     624   44.456271 0.000016 0.428753 2453.986865 2.016593 0.710164 34.929736 -4.828376
34000000   1     624   43.706074 0.000016 0.415681 2405.637062 2.092785 0.727678 36.096240 -6.320010
34100000   1     624   42.684809 0.000016 0.405024 2333.083139 2.187001 0.743399 36.955818 -7.696019
34200000   1     624   41.588333 0.000017 0.456702 2257.050671 2.296929 0.756195 37.781794 -9.094268
34300000   1     624   40.359321 0.000017 0.455049 2167.751094 2.410162 0.768982 38.518978 -10.553693
34400000   1     622   38.722260 0.000017 0.405460 2042.951906 2.544677 0.786600 39.350760 -11.848863
34500000   1     622   37.338076 0.000015 0.341356 1946.983953 2.682301 0.799641 40.297096 -13.026584
34600000   1     622   35.964271 0.000016 0.346424 1850.490408 2.812831 0.809199 41.171274 -14.160545
34700000   1     622   34.671400 0.000017 0.350848 1761.600119 2.937118 0.819951 42.153088 -15.382614
34800000   1     622   33.361890 0.000017 0.359115 1673.980344 3.062572 0.827556 43.038582 -16.526254
34900000   1     623   32.184815 0.000017 0.339564 1594.179251 3.189408 0.832202 43.893700 -17.523353
35000000   1     623   30.843994 0.000019 0.400831 1495.295505 3.314501 0.834422 44.687334 -18.507347
35100000   1     623   29.631416 0.000020 0.419662 1410.462986 3.445315 0.837729 45.343016 -19.597573
35200000   1     623   28.352091 0.000019 0.390649 1319.881413 3.591595 0.841576 46.139499 -20.660900
35300000   1     623   27.041322 0.000020 0.384830 1224.860522 3.726558 0.843195 46.808148 -21.542753
35400000   1     621   25.524679 0.000021 0.416678 1115.609287 3.922208 0.847035 47.673581 -22.533085
35500000   1     621   24.401720 0.000020 0.425729 1035.107367 4.052358 0.847703 48.311550 -23.531057
35600000   1     621   23.327135 0.000021 0.503587 952.130407 4.167116 0.841970 48.824440 -24.361008
35700000   1     621   22.405927 0.000022 0.492839 878.666546 4.275940 0.835789 49.314190 -25.195997
35800000   1     621   21.552820 0.000024 0.536310 810.676357 4.340097 0.823485 49.802797 -26.032170
35900000   1     621   20.646504 0.000026 0.561884 738.410620 4.439193 0.811334 50.263395 -26.623129
36000000   1     621   19.903657 0.000028 0.609445 671.035214 4.443830 0.787215 50.640858 -27.189221
36100000   1     621   19.260989 0.000029 0.598179 612.971836 4.398720 0.753869 50.937004 -27.945660
36200000   1     621   18.687736 0.000033 0.642117 558.648431 4.340546 0.711938 51.354892 -28.474806
36300000   1     621   18.298430 0.000035 0.634691 510.373658 4.106609 0.664555 51.634644 -28.990634
36400000   1     621   17.892010 0.000038 0.676491 467.327281 3.875310 0.615693 52.082476 -29.442897
36500000   1     619   17.448970 0.000044 0.715582 417.022511 3.452893 0.549689 52.493654 -29.952626
36600000   1     619   16.921593 0.000048 0.714685 375.582714 3.182463 0.496782 52.769090 -30.203972
36700000   1     621   16.789828 0.000053 0.757568 357.634179 2.976557 0.452600 52.926127 -30.412262
36800000   1     621   16.600387 0.000056 0.739934 332.628457 2.535760 0.396248 53.070209 -30.746848
36900000   1     621   16.286236 0.000061 0.755772 308.695606 2.209026 0.346977 53.142912 -30.986802
37000000   1     621   16.212131 0.000062 0.729641 294.300366 1.838371 0.301655 53.353905 -31.142130
37100000   1     621   16.297514 0.000069 0.777140 287.993134 1.542183 0.266524 53.641783 -31.462931
37200000   1     621   16.290614 0.000072 0.789650 281.997976 1.365577 0.238886 53.738524 -31.686930
37300000   1     621   16.357892 0.000073 0.795694 280.342339 1.240620 0.205137 53.949984 -31.950152
37400000   1     621   16.394801 0.000077 0.808141 278.435837 1.158323 0.185706 54.083824 -32.160085
37500000   1     621   16.569433 0.000078 0.822165 282.466320 1.115884 0.167821 54.289155 -32.310785
37600000   1     621   16.692810 0.000077 0.816393 285.605997 1.095223 0.155741 54.367451 -32.466422
37700000   1     621   16.762704 0.000078 0.823643 287.589654 1.088965 0.157286 54.571269 -32.575330
37800000   1     621   16.966391 0.000075 0.806317 294.155402 1.083408 0.140799 54.600449 -32.737941
37900000   1     621   17.193181 0.000075 0.817084 301.514604 1.076779 0.127792 54.645021 -32.882257
38000000   1     621   17.341261 0.000078 0.853770 306.358668 1.071922 0.111772 54.552220 -33.052148
38100000   1     621   17.535113 0.000074 0.822363 313.311999 1.072666 0.110367 54.585034 -33.310655
38200000   1     621   17.775569 0.000072 0.808958 321.470809 1.066890 0.108867 54.545387 -33.499880
38300000   1     621   17.958547 0.000073 0.826535 327.636972 1.061164 0.096352 54.536546 -33.756268
38400000   1     621   18.022241 0.000073 0.820415 329.988158 1.061226 0.080963 54.566475 -33.813772
38500000   1     621   18.248161 0.000072 0.821035 337.972960 1.057332 0.075209 54.565715 -33.859827
38600000   1     621   18.407064 0.000072 0.827488 343.729129 1.055693 0.072735 54.583272 -33.994915
38700000   1     621   18.611005 0.000071 0.830229 351.205529 1.053712 0.060078 54.476621 -34.032666
38800000   1     621   18.803679 0.000072 0.844148 358.022712 1.048688 0.053023 54.481190 -34.086780
38900000   1     621   18.844109 0.000070 0.831225 359.593120 1.049042 0.054295 54.417567 -34.121406
39000000   1     621   18.947242 0.000071 0.841616 363.529000 1.048785 0.057576 54.247557 -34.057313
39100000   1     621   19.127425 0.000070 0.846614 370.470997 1.048734 0.055616 54.204922 -34.070427
39200000   1     621   19.199530 0.000069 0.830528 373.261233 1.048416 0.040484 54.183092 -34.066280
39300000   1     621   19.194372 0.000070 0.851441 372.965642 1.047546 0.028336 54.144352 -34.032202
39400000   1     621   19.389315 0.000067 0.820071 380.262453 1.044325 0.011498 54.090094 -33.982751
39500000   1     621   19.555295 0.000069 0.848716 386.619403 1.042642 0.001326 54.011838 -33.803261
39600000   1     621   19.731023 0.000069 0.848711 393.501014 1.041632 0.001560 53.884528 -33.817424
39700000   1     621   19.945991 0.000065 0.818119 402.018038 1.040602 0.004930 53.872196 -33.849529
39800000   1     621   20.215145 0.000065 0.823263 412.615034 1.037798 0.002100 53.800758 -33.784910
39900000   1     621   20.359568 0.000067 0.854593 418.461655 1.037023 0.014831 53.727147 -33.855127
40000000   1     621   20.511807 0.000066 0.844541 424.680308 1.036662 0.028835 53.702171 -33.728111
40100000   1     621   20.559398 0.000065 0.838316 426.636329 1.036437 0.037652 53.626118 -33.753220
40200000   1     621   20.582975 0.000066 0.845845 427.694048 1.037235 0.047943 53.615460 -33.587365
40300000   1     621   20.733545 0.000064 0.833446 433.775282 1.035294 0.053148 53.487842 -33.584550
40400000   1     621   20.938283 0.000064 0.841827 442.401829 1.035595 0.063728 53.611489 -33.552741
40500000   1     621   21.203962 0.000065 0.860306 453.527583 1.034134 0.068311 53.607720 -33.534963
40600000   1     621   21.478820 0.000064 0.861263 465.146775 1.032377 0.065012 53.670297 -33.544502
40700000   1     621   21.597772 0.000064 0.866689 470.330624 1.032530 0.062128 53.732932 -33.475433
40800000   1     621   21.728724 0.000062 0.842919 476.171844 1.033445 0.061544 53.714756 -33.451932
40900000   1     621   21.833314 0.000062 0.844732 480.950606 1.034885 0.069137 53.869080 -33.442641
41000000   1     621   21.983806 0.000062 0.854657 487.252547 1.032076 0.056102 53.877480 -33.359370
41100000   1     621   22.106139 0.000062 0.856111 492.567897 1.031073 0.054055 53.981301 -33.296134
41200000   1     621   22.169603 0.000062 0.853061 495.212993 1.029618 0.054384 53.995928 -33.308908
41300000   1     621   22.392057 0.000060 0.840764 505.113241 1.029033 0.050112 54.120132 -33.276600
41400000   1     621   22.722159 0.000060 0.851450 519.900474 1.027432 0.048965 54.170423 -33.265159
41500000   1     621   22.960722 0.000061 0.873816 530.747075 1.026432 0.050342 54.250841 -33.217140
41600000   1     621   23.146263 0.000059 0.859997 539.288133 1.025956 0.049195 54.383092 -33.204264
41700000   1     621   23.234447 0.000059 0.849647 543.373751 1.025710 0.045397 54.429798 -33.272946
41800000   1     621   23.390398 0.000058 0.845075 550.730003 1.026048 0.043060 54.575630 -33.216204
41900000   1     621   23.372644 0.000059 0.859929 549.914089 1.026210 0.037012 54.621839 -33.187379
42000000   1     621   23.605643 0.000059 0.865607 560.746127 1.024928 0.034537 54.637599 -33.205503
42100000   1     621   23.783120 0.000058 0.861730 569.148957 1.024510 0.037888 54.533587 -33.200025
42200000   1     621   23.914721 0.000058 0.860216 575.334206 1.023552 0.036796 54.502648 -33.273015
42300000   1     621   24.103562 0.000057 0.861143 584.238477 1.022132 0.027450 54.485971 -33.278453
42400000   1     621   24.215705 0.000056 0.853773 589.728916 1.022326 0.026739 54.519279 -33.367667
42500000   1     621   24.379130 0.000057 0.862767 597.619024 1.021707 0.026614 54.514619 -33.439752
42600000   1     621   24.579669 0.000057 0.874020 607.273944 1.020323 0.020689 54.504605 -33.483615
42700000   1     621   24.637688 0.000057 0.877657 610.107365 1.020077 0.016495 54.513741 -33.533283
42800000   1     621   24.783685 0.000057 0.874234 617.359504 1.020085 0.018962 54.534907 -33.689293
42900000   1     621   24.805793 0.000056 0.865544 618.368275 1.019519 0.016824 54.465049 -33.796758
43000000   1     621   24.912998 0.000056 0.864480 623.853734 1.020294 0.019044 54.480236 -33.828529
43100000   1     621   24.919403 0.000056 0.875953 624.136295 1.020070 0.019792 54.484762 -33.899893
43200000   1     621   25.076449 0.000056 0.882612 632.058027 1.020251 0.024791 54.473860 -33.865526
43300000   1     621   25.165857 0.000055 0.869278 636.501444 1.019774 0.018849 54.337094 -33.984901
43400000   1     621   25.297300 0.000055 0.871702 643.086308 1.019295 0.017898 54.315075 -34.005305
43500000   1     621   25.422946 0.000055 0.880050 649.441426 1.019025 0.018971 54.278169 -34.038315
43600000   1     621   25.500088 0.000055 0.870927 653.388597 1.018984 0.013752 54.217130 -34.037212
43700000   1     621   25.634422 0.000054 0.869255 660.169802 1.018325 0.012885 54.146978 -34.005001
43800000   1     621   25.695518 0.000054 0.866112 663.232246 1.017758 0.012816 54.108303 -33.955360
43900000   1     621   25.824522 0.000055 0.882412 669.962914 1.018061 0.008811 53.968503 -33.996770
44000000   1     621   25.940395 0.000053 0.866419 675.954570 1.017891 0.000954 53.958989 -33.968659
44100000   1     621   25.994015 0.000054 0.880748 678.725696 1.017683 0.002421 53.836486 -33.906688
44200000   1     621   26.154276 0.000053 0.855456 687.031542 1.017255 0.011750 53.738690 -34.002718
44300000   1     621   26.327788 0.000053 0.873593 696.122615 1.016912 0.023910 53.610586 -33.865632
44400000   1     621   26.394673 0.000053 0.864807 699.774748 1.017591 0.029045 53.508087 -33.902249
44500000   1     621   26.387638 0.000054 0.886691 699.524329 1.018294 0.039489 53.462296 -33.806894
44600000   1     621   26.519667 0.000053 0.875352 706.500965 1.018083 0.049545 53.331134 -33.738942
44700000   1     621   26.623333 0.000053 0.885661 711.995159 1.017820 0.057669 53.267091 -33.688778
44800000   1     621   26.808703 0.000053 0.883605 721.953626 1.017924 0.065247 53.184529 -33.539909
44900000   1     621   26.894466 0.000052 0.865062 726.421680 1.017050 0.064966 53.099100 -33.407596
45000000   1     621   27.163996 0.000051 0.871034 740.870821 1.016082 0.060832 53.146325 -33.343057
45100000   1     621   27.254626 0.000051 0.868823 745.921265 1.016634 0.063024 53.180937 -33.313820
45200000   1     621   27.294963 0.000052 0.882087 748.157954 1.016776 0.064081 53.166363 -33.214350
45300000   1     621   27.438116 0.000052 0.883700 755.984071 1.016475 0.064298 53.186986 -33.154088
45400000   1     621   27.577589 0.000051 0.872461 763.755831 1.016819 0.062682 53.188806 -33.040578
45500000   1     621   27.662551 0.000051 0.880351 768.504808 1.017011 0.058240 53.205696 -32.923237
45600000   1     621   27.788681 0.000051 0.885591 775.518212 1.016928 0.056190 53.282660 -32.789839
45700000   1     621   27.783384 0.000051 0.879007 775.389824 1.017714 0.054966 53.401005 -32.783397
45800000   1     621   27.836200 0.000051 0.884513 778.314303 1.017533 0.051650 53.399995 -32.742219
45900000   1     621   28.027239 0.000050 0.876412 789.025768 1.017566 0.053215 53.510531 -32.760442
46000000   1     621   28.235110 0.000050 0.875315 800.497445 1.016256 0.048410 53.628671 -32.802204
46100000   1     621   28.355621 0.000050 0.878573 807.284234 1.015902 0.044579 53.704100 -32.836888
46200000   1     621   28.442464 0.000050 0.887255 812.157091 1.015604 0.047144 53.761288 -32.842378
46300000   1     621   28.533136 0.000049 0.879903 817.290715 1.015285 0.043208 53.881088 -32.860620
46400000   1     621   28.678795 0.000050 0.887017 825.626159 1.015128 0.046638 53.951198 -32.848780
46500000   1     621   28.841390 0.000048 0.866551 834.719827 1.013724 0.037732 54.022570 -32.816128
46600000   1     621   28.904930 0.000049 0.887452 838.337578 1.013471 0.035838 54.078272 -32.909463
46700000   1     621   29.059982 0.000049 0.887527 847.309169 1.013296 0.035822 54.230702 -33.029464
46800000   1     621   29.221723 0.000048 0.880504 856.690521 1.012916 0.032191 54.321410 -33.031046
46900000   1     621   29.292443 0.000049 0.883469 860.828616 1.012896 0.028360 54.419423 -33.083317
47000000   1     621   29.314990 0.000048 0.884096 862.048544 1.012361 0.025560 54.493463 -33.224714
47100000   1     621   29.521878 0.000049 0.892028 874.272125 1.012451 0.026754 54.612177 -33.277426
47200000   1     621   29.545147 0.000049 0.905644 875.703231 1.012676 0.029026 54.624563 -33.363381
47300000   1     621   29.563160 0.000048 0.886481 876.770122 1.012693 0.023800 54.618086 -33.429601
47400000   1     621   29.681782 0.000048 0.878783 883.689263 1.012104 0.020456 54.624936 -33.506960
47500000   1     621   29.827657 0.000048 0.886528 892.363040 1.011922 0.017222 54.576193 -33.633078
47600000   1     621   29.821937 0.000048 0.884749 892.086791 1.012213 0.018659 54.656119 -33.707049
47700000   1     621   29.900269 0.000047 0.880696 896.663421 1.011692 0.018817 54.716673 -33.833293
47800000   1     621   30.006729 0.000048 0.892123 903.014908 1.011535 0.019588 54.761486 -33.909222
47900000   1     621   30.049719 0.000047 0.883404 905.628460 1.011618 0.022666 54.743380 -34.029012
48000000   1     621   30.229936 0.000047 0.879796 916.402922 1.011075 0.020313 54.783100 -34.126759
48100000   1     621   30.243847 0.000048 0.895112 917.183714 1.010815 0.021793 54.729324 -34.167830
48200000   1     621   30.434404 0.000047 0.888549 928.791710 1.010885 0.020357 54.756916 -34.234641
48300000   1     621   30.636428 0.000047 0.893259 941.117851 1.010691 0.022576 54.777494 -34.363283
48400000   1     621   30.726400 0.000047 0.894248 946.624483 1.010567 0.023502 54.707216 -34.447932
48500000   1     621   30.704447 0.000047 0.895882 945.167805 1.010125 0.020535 54.665371 -34.492215
48600000   1     621   30.810262 0.000047 0.893511 951.791051 1.010563 0.015743 54.600106 -34.564969
48700000   1     621   30.922120 0.000046 0.895027 958.720928 1.010580 0.013616 54.553095 -34.609031
48800000   1     621   30.984584 0.000047 0.899533 962.520799 1.010250 0.015596 54.482739 -34.658194
48900000   1     621   31.084648 0.000046 0.888442 968.656262 1.009859 0.013712 54.427564 -34.710334
49000000   1     621   31.115861 0.000046 0.881900 970.660991 1.010118 0.015330 54.345415 -34.641975
49100000   1     621   31.244012 0.000045 0.883657 978.634821 1.009941 0.012475 54.311253 -34.663874
49200000   1     621   31.445796 0.000045 0.885655 991.268832 1.009755 0.007842 54.288508 -34.594467
49300000   1     621   31.570409 0.000045 0.883817 999.010464 1.009244 0.003998 54.353491 -34.644125
49400000   1     621   31.667706 0.000045 0.895419 1005.198751 1.009330 0.010018 54.302647 -34.535730
49500000   1     621   31.753583 0.000045 0.891318 1010.552447 1.008931 0.014364 54.256255 -34.438310
49600000   1     621   31.827117 0.000045 0.893595 1015.222694 1.008848 0.011133 54.331872 -34.413176
49700000   1     621   31.883103 0.000045 0.902152 1018.773518 1.008756 0.013239 54.339074 -34.379311
49800000   1     621   31.949392 0.000045 0.891745 1023.088570 1.009030 0.010888 54.309743 -34.303942
49900000   1     621   32.044055 0.000045 0.895129 1029.125860 1.008910 0.013469 54.348992 -34.168957
50000000   1     621   32.162322 0.000044 0.884216 1036.700285 1.008785 0.015916 54.317917 -34.101798
