1.0 0.10636694408953598
2.0 0.3175983805451201
3.0 0.6445310746779203
4.0 1.08854822190096
5.0 1.6496216448639998
6.0 2.3271440783856
7.0 3.120164233758401
8.0 4.0274453543856
9.0 5.0474931038992015
10.0 6.1786349431168
11.0 7.418960931044802
12.0 8.766404259959998
13.0 10.2187047214
14.0 11.7734068891872
15.0 13.4279174044608
16.0 15.1795031283632
17.0 17.025250539545606
18.0 18.962086637231998
19.0 20.986820953584008
20.0 23.096116733968
21.0 25.286510652592
22.0 27.554403091200005
23.0 29.896137443423992
24.0 32.30790595228801
25.0 34.785792243615994
26.0 37.325808926591996
27.0 39.923892318496
28.0 42.57588434336001
29.0 45.27756313648
30.0 48.02464675524799
31.0 50.812788522480005
32.0 53.63761118342402
33.0 56.49465822998398
34.0 59.379439695120006
35.0 62.28744664236801
36.0 65.21417781907199
37.0 68.155081339744
38.0 71.10562488486399
39.0 74.06129726393601
40.0 77.017552389216
41.0 79.96982278678402
42.0 82.91368206638401
43.0 85.84466103804802
44.0 88.75827251665604
45.0 91.65014336785602
46.0 94.515935187888
47.0 97.35134907967995
48.0 100.15217553683199
49.0 102.91424128710396
50.0 105.63343302848004
51.0 108.30574566665601
52.0 110.92724398790403
53.0 113.49407454105597
54.0 116.00243375929605
55.0 118.44870846646404
56.0 120.82931578563202
57.0 123.14081656608
58.0 125.37990983129598
59.0 127.54336923828801
60.0 129.62806589449602
61.0 131.63101517568
62.0 133.54941664024
63.0 135.38054377678398
64.0 137.121827211968
65.0 138.77085908484804
66.0 140.32534976920002
67.0 141.78316632144004
68.0 143.14230678696003
69.0 144.40094858550398
70.0 145.55742463812805
71.0 146.61020328628788
72.0 147.557909731472
73.0 148.39936532113597
74.0 149.13349712036796
75.0 149.75942003681598
76.0 150.27641881833597
77.0 150.68397381248005
78.0 150.98170578414397
79.0 151.16942663184003
80.0 151.247066804768
81.0 151.214739812112
82.0 151.07272265105593
83.0 150.82150569891195
84.0 150.46168477600003
85.0 149.99405328161606
86.0 149.41954124348803
87.0 148.73929271262406
88.0 147.95454118532808
89.0 147.066749995952
90.0 146.077465471808
91.0 144.98841387380796
92.0 143.801493973888
93.0 142.51872739964796
94.0 141.14229111307196
95.0 139.67447726550398
96.0 138.11774531918405
97.0 136.47472463835203
98.0 134.74813868969605
99.0 132.94082208374397
100.0 131.05576998244797
101.0 129.09606405939198
102.0 127.06493532371205
103.0 124.96575502787195
104.0 122.80190358585602
105.0 120.576914352624
106.0 118.29442600342402
107.0 115.95812202099196
108.0 113.57173456446401
109.0 111.13918592107203
110.0 108.66439841910399
111.0 106.151359171184
112.0 103.60414720403199
113.0 101.02685222348796
114.0 98.42362621395202
115.0 95.79870259728
116.0 93.15629381259203
117.0 90.50070299172799
118.0 87.83621247900797
119.0 85.16716060323202
120.0 82.49785830761596
121.0 79.832607675296
122.0 77.17571518062401
123.0 74.53152213372802
124.0 71.904277763536
125.0 69.298249097424
126.0 66.71771904574398
127.0 64.166842076
128.0 61.64977160600002
129.0 59.17058536696
130.0 56.733291096784
131.0 54.34190319824002
132.0 52.000283089872006
133.0 49.71226779528001
134.0 47.48157631744
135.0 45.311834632671996
136.0 43.20661179632
137.0 41.16933831776
138.0 39.20341242990401
139.0 37.311966050463994
140.0 35.49811640139201
141.0 33.76482450963199
142.0 32.11496545336
143.0 30.551202933328
144.0 29.076137331360002
145.0 27.69216635952001
146.0 26.401554317631998
147.0 25.206428503216
148.0 24.108757320400002
149.0 23.110313800432003
150.0 22.212684236991993
151.0 21.417367121568002
152.0 20.725627560143995
153.0 20.13860100704319
154.0 19.657223289459203
155.0 19.282239769737604
156.0 19.014240566112004
157.0 18.8536717983904
158.0 18.800729226516797
159.0 18.855520937323202
160.0 19.017905894927996
161.0 19.287610005983996
162.0 19.664128971327994
163.0 20.146840927183995
164.0 20.73492188822401
165.0 21.427349562319996
166.0 22.222970060672004
167.0 23.120448614736
168.0 24.118287209376007
169.0 25.21486294479999
170.0 26.408358424176004
171.0 27.696803866064
172.0 29.078058210015996
173.0 30.549861127887986
174.0 32.10979496174399
175.0 33.755324263312005
176.0 35.48375026795199
177.0 37.292290099872
178.0 39.178015978608
179.0 41.13789734712002
180.0 43.168774585423996
181.0 45.26738530871998
182.0 47.430357804032
183.0 49.654274733424
184.0 51.935585659519994
185.0 54.270621872896015
186.0 56.65573763311998
187.0 59.08714652766398
188.0 61.561012095551995
189.0 64.07348044017598
190.0 66.620619655504
191.0 69.19842013689599
192.0 71.80287982113602
193.0 74.42993706886402
194.0 77.07553372392002
195.0 79.73560932168002
196.0 82.40608077595203
197.0 85.082784062272
198.0 87.76161895255999
199.0 90.43851732670402
200.0 93.10939024152002
201.0 95.77019161113603
202.0 98.41687726756797
203.0 101.04547434199999
204.0 103.65199257060802
205.0 106.232559784928
206.0 108.78327859656001
207.0 111.30033897119999
208.0 113.78001465408002
209.0 116.2186223744
210.0 118.61258956352
211.0 120.9583608896
212.0 123.25249724304005
213.0 125.49167388767998
214.0 127.67264280239999
215.0 129.79228966528004
216.0 131.84749619296002
217.0 133.83530961935998
218.0 135.75291071839996
219.0 137.59759027343995
220.0 139.36668105247995
221.0 141.05773824816004
222.0 142.66835282304
223.0 144.1962501024
224.0 145.63932536896
225.0 146.99558388015996
226.0 148.26321339424
227.0 149.4404966216
228.0 150.52589011952
229.0 151.5179776064
230.0 152.41551298608
231.0 153.21730615119995
232.0 153.92239003664002
233.0 154.52994400432004
234.0 155.03927385007998
235.0 155.44980797696
236.0 155.76115912383997
237.0 155.97310614400004
238.0 156.08563038896006
239.0 156.09876768895998
240.0 156.01275228959997
241.0 155.82792083488
242.0 155.54482406303998
243.0 155.16415403824
244.0 154.68665399663996
245.0 154.11334854143996
246.0 153.44531755631996
247.0 152.68379099519996
248.0 151.83017322736006
249.0 150.88601627584006
250.0 149.85302321104
251.0 148.73299107824
252.0 147.52785511567998
253.0 146.23967361296
254.0 144.87061889056002
255.0 143.42301961488005
256.0 141.89933347599998
257.0 140.30210635440002
258.0 138.63400923039998
259.0 136.89779987551998
260.0 135.09639786096
261.0 133.23277013999996
262.0 131.31002411664002
263.0 129.33132960240002
264.0 127.29995224703995
265.0 125.21921462864005
266.0 123.09244509423999
267.0 120.92316293856004
268.0 118.71489698367998
269.0 116.47129368028797
270.0 114.195956813712
271.0 111.89263176879999
272.0 109.565051891104
273.0 107.21700561625599
274.0 104.85231971753599
275.0 102.47481649628799
276.0 100.08835830723201
277.0 97.69685053879998
278.0 95.30411710414401
279.0 92.91405149153601
280.0 90.53048123814396
281.0 88.15734941712006
282.0 85.79847421379202
283.0 83.45763051595202
284.0 81.13862684895996
285.0 78.84523747897602
286.0 76.58117654638404
287.0 74.35010525475201
288.0 72.15566392212799
289.0 70.00137262907201
290.0 67.89079018976003
291.0 65.82734766614401
292.0 63.814385225392
293.0 61.85512831393599
294.0 59.952740417024
295.0 58.110353909664
296.0 56.330948584928
297.0 54.61740600726398
298.0 52.97249526849602
299.0 51.39889296547201
300.0 49.899168580064
301.0 48.47573930288002
302.0 47.130912122304004
303.0 45.86684180543998
304.0 44.68559321312
305.0 43.589059991072006
306.0 42.579026710656
307.0 41.657120170272
308.0 40.82481112711999
309.0 40.083457414735996
310.0 39.43425182764801
311.0 38.878239303088
312.0 38.416267521984004
313.0 38.049082252144004
314.0 37.777239543584
315.0 37.601154863968006
316.0 37.52111860848
317.0 37.53723440329601
318.0 37.649452732672
319.0 37.85756053937599
320.0 38.161187358111995
321.0 38.55981884654398
322.0 39.05277753932801
323.0 39.639275860992015
324.0 40.318312435296
325.0 41.08877184559999
326.0 41.949383526880005
327.0 42.89876313512001
328.0 43.935351294800014
329.0 45.057471266912
330.0 46.26327555574399
331.0 47.550792073248
332.0 48.91795684912
333.0 50.36252013308799
334.0 51.88218832367998
335.0 53.47453392140801
336.0 55.136966763248004
337.0 56.866861350416016
338.0 58.66147026275202
339.0 60.517899657168
340.0 62.43325627100802
341.0 64.40447874158399
342.0 66.42843798865597
343.0 68.50192899657598
344.0 70.62168603889596
345.0 72.784398547552
346.0 74.986675447088
347.0 77.225075716384
348.0 79.49610738831998
349.0 81.796241702
350.0 84.121899979152
351.0 86.46947370803203
352.0 88.835336210832
353.0 91.21580762108798
354.0 93.60727224256003
355.0 96.00602523854398
356.0 98.40837140689601
357.0 100.810682051008
358.0 103.20926193084799
359.0 105.60044491435198
360.0 107.98059173315198
361.0 110.346112423152
362.0 112.69341219769595
363.0 115.01900773438406
364.0 117.31932889876798
365.0 119.59097073588802
366.0 121.83052755795202
367.0 124.03465146416004
368.0 126.20011172816005
369.0 128.3237039048
370.0 130.4022462504
371.0 132.43268947551996
372.0 134.41207860096
373.0 136.33750255664
374.0 138.2061578432001
375.0 140.01531613376
376.0 141.76233721056002
377.0 143.44471461759997
378.0 145.06007749231998
379.0 146.60609970432
380.0 148.08055174239996
381.0 149.48131435104003
382.0 150.80647521584007
383.0 152.05416431199995
384.0 153.22262929775997
385.0 154.31025206880003
386.0 155.31566309215992
387.0 156.23750085072
388.0 157.0745529576
389.0 157.82572955216006
390.0 158.49007101088
391.0 159.06679255728
392.0 159.55520300704003
393.0 159.95477301104012
394.0 160.26503477792
395.0 160.48571995103998
396.0 160.61674897280005
397.0 160.65816381455997
398.0 160.61008715504
399.0 160.47280055935997
400.0 160.2467178457601
401.0 159.93239289632
402.0 159.53052815040002
403.0 159.04189594655998
404.0 158.46752921888003
405.0 157.8085283792
406.0 157.06612290575998
407.0 156.24158761904
408.0 155.33639126624007
409.0 154.35216235071996
410.0 153.29058383008004
411.0 152.15354807168004
412.0 150.94295359119997
413.0 149.66091367216004
414.0 148.30955983439995
415.0 146.89118833904004
416.0 145.40822015647998
417.0 143.86313354927998
418.0 142.25857045727997
419.0 140.59713579327996
420.0 138.88158301967997
421.0 137.11481337008004
422.0 135.2997237496
423.0 133.43930450591998
424.0 131.53663831295995
425.0 129.59484287791994
426.0 127.61709885472006
427.0 125.60667334939198
428.0 123.566890436368
429.0 121.50102787956803
430.0 119.41249596423998
431.0 117.30468199582401
432.0 115.18103682876801
433.0 113.04503766561604
434.0 110.90017871572798
435.0 108.74995283700802
436.0 106.59784119366404
437.0 104.44738853785597
438.0 102.302097538416
439.0 100.165488973584
440.0 98.041011668288
441.0 95.93214419620799
442.0 93.842333398352
443.0 91.77496939879997
444.0 89.733411592576
445.0 87.72101446759996
446.0 85.74105579196802
447.0 83.79675595431996
448.0 81.89130182780801
449.0 80.02781600091203
450.0 78.20934604075202
451.0 76.438866562144
452.0 74.71927784859199
453.0 73.05336841961596
454.0 71.44386671475202
455.0 69.89342114419203
456.0 68.40453696395201
457.0 66.979668902944
458.0 65.62117492625599
459.0 64.331225075152
460.0 63.111969908624005
461.0 61.965406643007974
462.0 60.89336256424
463.0 59.897650327055985
464.0 58.97985562718401
465.0 58.14148436078398
466.0 57.38391363992001
467.0 56.70841116910401
468.0 56.116086651839986
469.0 55.60790849630401
470.0 55.18468197047999
471.0 54.847090619951985
472.0 54.595708583744
473.0 54.43098530867199
474.0 54.35315683372802
475.0 54.36236995713599
476.0 54.458625689904025
477.0 54.641777939695984
478.0 54.911550122287984
479.0 55.26754893331199
480.0 55.709182139616
481.0 56.23576481208001
482.0 56.846467570064
483.0 57.5403072716
484.0 58.316211515792006
485.0 59.172948193824006
486.0 60.109195666016014
487.0 61.123437433599996
488.0 62.214088439392
489.0 63.37941673796799
490.0 64.61759265428799
491.0 65.926650377584
492.0 67.30455240555203
493.0 68.74909632648
494.0 70.25802917945602
495.0 71.828963036704
496.0 73.459465648704
497.0 75.14694901020798
498.0 76.88876523670399
499.0 78.68218497796798
500.0 80.52443745121602
501.0 82.41262204289599
502.0 84.34381993311999
503.0 86.31499613284802
504.0 88.32309156486399
505.0 90.36504027670404
506.0 92.43763319820798
507.0 94.53769539587202
508.0 96.66197122624
509.0 98.80719492544002
510.0 100.97006366928
511.0 103.14722954302401
512.0 105.33536587295998
513.0 107.53114473856002
514.0 109.73119775083194
515.0 111.93221863100798
516.0 114.13080802639999
517.0 116.323705491696
518.0 118.50754889799995
519.0 120.67903633515198
520.0 122.83489675801601
521.0 124.971887202784
522.0 127.08678056987203
523.0 129.17637866671993
524.0 131.237545554144
525.0 133.26721675391994
526.0 135.26236288960004
527.0 137.21998575520004
528.0 139.1371698168
529.0 141.01110357695995
530.0 142.83904764847998
531.0 144.61831887056002
532.0 146.3463601112
533.0 148.02063004944006
534.0 149.63866917087998
535.0 151.19817268703997
536.0 152.69688468096
537.0 154.13268068624
538.0 155.50349028512
539.0 156.80735231152
540.0 158.04246077536
541.0 159.20708524015998
542.0 160.29962189263998
543.0 161.31849611104002
544.0 162.26231482288006
545.0 163.12982006943992
546.0 163.91986209855995
547.0 164.63134084767998
548.0 165.26336967984003
549.0 165.81516006544004
550.0 166.28601434112002
551.0 166.67536856943997
552.0 166.98281479536
553.0 167.20806032144006
554.0 167.35096425088005
555.0 167.41145110815998
556.0 167.38958763455997
557.0 167.28561399519995
558.0 167.0998646252801
559.0 166.83281081488002
560.0 166.48497246879998
561.0 166.05716840176
562.0 165.55020988736004
563.0 164.96506430352002
564.0 164.30283559936
565.0 163.56465561551997
566.0 162.75187278511993
567.0 161.86589299664004
568.0 160.90825971504
569.0 159.88067040031996
570.0 158.78485888352003
571.0 157.62268877568
572.0 156.39614210832
573.0 155.10728865983998
574.0 153.75830219088007
575.0 152.35148101008002
576.0 150.88916571296002
577.0 149.37375113952004
578.0 147.80776154976007
579.0 146.19379115024
580.0 144.534573148
581.0 142.83280858928
582.0 141.09124834191996
583.0 139.31279557328003
584.0 137.50039042367996
585.0 135.65698177670396
586.0 133.78558137843197
587.0 131.889241721104
588.0 129.97109771171196
589.0 128.03424447559996
590.0 126.08190000176003
591.0 124.11724736987203
592.0 122.14345796161597
593.0 120.16381814598404
594.0 118.18154972452801
595.0 116.19990351390402
596.0 114.22210854897598
597.0 112.25139383215995
598.0 110.29099241454396
599.0 108.344088350128
600.0 106.413900986448
601.0 104.503565371088
602.0 102.616236791344
603.0 100.754976364336
604.0 98.92287343128001
605.0 97.122923133184
606.0 95.35802538342402
607.0 93.63105126918403
608.0 91.94488577772802
609.0 90.30228502214402
610.0 88.705904600352
611.0 87.15838197796799
612.0 85.66223879155199
613.0 84.21994946452801
614.0 82.83386851156796
615.0 81.506265387872
616.0 80.23931469100802
617.0 79.03512759953597
618.0 77.89568854190402
619.0 76.82287827123199
620.0 75.81843851684799
621.0 74.88402189316795
622.0 74.02115601260803
623.0 73.23132058696
624.0 72.51579901046401
625.0 71.875794642432
626.0 71.31239394592
627.0 70.82650602195199
628.0 70.41900953281602
629.0 70.0905336636
630.0 69.84168959352
631.0 69.672925302656
632.0 69.58453978855998
633.0 69.57664849199999
634.0 69.64937462243203
635.0 69.80260921764798
636.0 70.03614710166401
637.0 70.349650986144
638.0 70.74265251708802
639.0 71.21456321862402
640.0 71.76462744774398
641.0 72.39201933695998
642.0 73.09571205484802
643.0 73.87465962467199
644.0 74.72761305864
645.0 75.65327142547198
646.0 76.65017448751999
647.0 77.71675009740801
648.0 78.85138375105599
649.0 80.05228394547201
650.0 81.317588773632
651.0 82.645312930432
652.0 84.03337523102402
653.0 85.479627276928
654.0 86.98184179251201
655.0 88.53767070113598
656.0 90.14469531676802
657.0 91.80043542131205
658.0 93.50232932427203
659.0 95.24771099545598
660.0 97.03386034105596
661.0 98.85803748726401
662.0 100.71742516307202
663.0 102.609195297312
664.0 104.530358291328
665.0 106.47794728249599
666.0 108.44894986896001
667.0 110.44036771665603
668.0 112.44914900256
669.0 114.47228804193601
670.0 116.50664995022403
671.0 118.54915476201597
672.0 120.59670680188802
673.0 122.64614490486403
674.0 124.69434195836793
675.0 126.73817591203203
676.0 128.77451942900797
677.0 130.80035282409602
678.0 132.81259593686394
679.0 134.808192083824
680.0 136.78414836192
681.0 138.73749046027197
682.0 140.66526435270399
683.0 142.56457476177602
684.0 144.43256169159994
685.0 146.26645735216005
686.0 148.06356907679998
687.0 149.82121333648
688.0 151.53677596592001
689.0 153.20776695904
690.0 154.83168564608
691.0 156.40618185199997
692.0 157.92893202256
693.0 159.39769904687992
694.0 160.81030593616006
695.0 162.16473544880006
696.0 163.4590220728
697.0 164.69128710912
698.0 165.85978243407996
699.0 166.96279418479998
700.0 167.99884979375997
701.0 168.96652519024
702.0 169.86440154496
703.0 170.69123112352003
704.0 171.44584809471996
705.0 172.12731202384
706.0 172.73465611680007
707.0 173.26712568367995
708.0 173.72403516864
709.0 174.1048017272
710.0 174.40899788783994
711.0 174.6363012704
712.0 174.78657673584001
713.0 174.85971224528004
714.0 174.85583299119997
715.0 174.77508299536
716.0 174.617745888
717.0 174.38422337103992
718.0 174.07505925728003
719.0 173.69087813983998
720.0 173.2324699304
721.0 172.70068748096
722.0 172.0965082376
723.0 171.42102312943993
724.0 170.67542318288008
725.0 169.86103430224
726.0 168.97924885632
727.0 168.03159678559996
728.0 167.01971129631994
729.0 165.94531349776008
730.0 164.81021133599992
731.0 163.61631592143993
732.0 162.36564364880002
733.0 161.06031130096
734.0 159.70245232
735.0 158.29436121903998
736.0 156.8383822256
737.0 155.33693891456
738.0 153.79252731104
739.0 152.20769103391999
740.0 150.58506856160002
741.0 148.92736199568
742.0 147.23730702800006
743.0 145.5177407488
744.0 143.77139052006405
745.0 142.00122623881603
746.0 140.210149697904
747.0 138.40107584822397
748.0 136.576969731792
749.0 134.74087215209602
750.0 132.895823394128
751.0 131.04485153892793
752.0 129.19099784283202
753.0 127.337355204096
754.0 125.48696077833597
755.0 123.64284207675203
756.0 121.80803874211199
757.0 119.98559565801604
758.0 118.17850892185598
759.0 116.38975586896001
760.0 114.62230193924805
761.0 112.87906581329601
762.0 111.16292202736001
763.0 109.47669984035197
764.0 107.823211119616
765.0 106.20515347334398
766.0 104.62520183910401
767.0 103.08598484011199
768.0 101.59005706177598
769.0 100.13990659195197
770.0 98.73787261398401
771.0 97.38629785193599
772.0 96.087449964736
773.0 94.843481622096
774.0 93.65648425859203
775.0 92.52840321321601
776.0 91.46108740388802
777.0 90.456339582384
778.0 89.515882370304
779.0 88.64122221243201
780.0 87.833866057376
781.0 87.095129473888
782.0 86.42627319624002
783.0 85.82841132412798
784.0 85.30258899252797
785.0 84.84969678534401
786.0 84.470485111264
787.0 84.165644590016
788.0 83.93572371876799
789.0 83.78117986988798
790.0 83.70228705929603
791.0 83.69917540630401
792.0 83.77188102494401
793.0 83.92040484585603
794.0 84.14450422308798
795.0 84.44386001275201
796.0 84.81805785096
797.0 85.26657487812801
798.0 85.78872784291198
799.0 86.38369868351998
800.0 87.05062752817602
801.0 87.78849732824001
802.0 88.59617315582402
803.0 89.47245640249601
804.0 90.41598319681597
805.0 91.425316436928
806.0 92.49890992377601
807.0 93.6351308776
808.0 94.83222679091199
809.0 96.08835786942403
810.0 97.40159938151999
811.0 98.76992731083199
812.0 100.19131394742404
813.0 101.66353141872
814.0 103.184365837616
815.0 104.75142940361597
816.0 106.36236893830403
817.0 108.01470892929599
818.0 109.705967814416
819.0 111.43353053446401
820.0 113.19474027734402
821.0 114.98692467779196
822.0 116.80738469028798
823.0 118.65331771865598
824.0 120.521911406528
825.0 122.41033879070396
826.0 124.31569123632002
827.0 126.235094204
828.0 128.16562652340795
829.0 130.104368185024
830.0 132.04837567083197
831.0 133.99475232636803
832.0 135.9405038288
833.0 137.882725927072
834.0 139.818444663488
835.0 141.74473748523195
836.0 143.65874038987198
837.0 145.557573642912
838.0 147.43837361324805
839.0 149.29828891131197
840.0 151.13458744735996
841.0 152.9445055746241
842.0 154.72538144800006
843.0 156.47457340623998
844.0 158.18947140528002
845.0 159.86754859855995
846.0 161.50626244080001
847.0 163.10325529952004
848.0 164.65617906704
849.0 166.16280902768003
850.0 167.62092707056004
851.0 169.02846631711998
852.0 170.38331934848003
853.0 171.68359869792
854.0 172.92735729791997
855.0 174.11289167744002
856.0 175.23846316608004
857.0 176.30244115472
858.0 177.30333350079994
859.0 178.23969858383995
860.0 179.11028324063997
861.0 179.91387214864
862.0 180.64935543008002
863.0 181.31577992928004
864.0 181.91223319552
865.0 182.43796856080002
866.0 182.89228344
867.0 183.27470536256004
868.0 183.58475907216
869.0 183.82211696911997
870.0 183.98652048271998
871.0 184.07791146639997
872.0 184.09629558112
873.0 184.04176069136005
874.0 183.91455497984003
875.0 183.71500503775997
876.0 183.44358256031995
877.0 183.10083183440003
878.0 182.6875231091201
879.0 182.20441794288004
880.0 181.65240894176003
881.0 181.03249319376002
882.0 180.34575658352006
883.0 179.59341352704
884.0 178.77679334703998
885.0 177.89726956095998
886.0 176.95645283359997
887.0 175.9558720848
888.0 174.89723183776002
889.0 173.78228099600003
890.0 172.61293774624
891.0 171.39120881472
892.0 170.11905896768005
893.0 168.79867331375996
894.0 167.43224892848
895.0 166.02206343968
896.0 164.5704575168
897.0 163.07982668016004
898.0 161.55262330096
899.0 159.99135034527995
900.0 158.39856553184
901.0 156.77691546687998
902.0 155.12904282511994
903.0 153.45769711100797
904.0 151.765625519776
905.0 150.05558020220803
906.0 148.33039045539198
907.0 146.592904048704
908.0 144.84595151313596
909.0 143.09241299304003
910.0 141.33517632544005
911.0 139.57709415593598
912.0 137.821091268816
913.0 136.07002874441602
914.0 134.326779462304
915.0 132.59421681673592
916.0 130.87523387312004
917.0 129.172614606672
918.0 127.48919586353597
919.0 125.82768005742405
920.0 124.19086552544005
921.0 122.58142039731202
922.0 121.00205268452797
923.0 119.45536985635204
924.0 117.94388873913599
925.0 116.47006943359997
926.0 115.0363500556
927.0 113.64514208031994
928.0 112.29873705732798
929.0 110.99939769579198
930.0 109.74923776870396
931.0 108.550352281248
932.0 107.40470094504
933.0 106.314190729504
934.0 105.28066764024
935.0 104.30586962409602
936.0 103.39139153856001
937.0 102.53880015201598
938.0 101.749501535872
939.0 101.02484205870402
940.0 100.36607500254398
941.0 99.77427131163202
942.0 99.25048773593599
943.0 98.79560076816001
944.0 98.41044356822404
945.0 98.09567255724797
946.0 97.85183017236801
947.0 97.67941028299198
948.0 97.57875012835201
949.0 97.55007255945601
950.0 97.59347883768004
951.0 97.70896850254397
952.0 97.89638349931202
953.0 98.155531511728
954.0 98.48606571256002
955.0 98.887517804272
956.0 99.359331547344
957.0 99.90078662283202
958.0 100.511131415968
959.0 101.18944719006399
960.0 101.93474990812797
961.0 102.74587162022401
962.0 103.62160653856002
963.0 104.56063604319999
964.0 105.561573993056
965.0 106.62288190659197
966.0 107.74293742203199
967.0 108.92007802241596
968.0 110.15253125856
969.0 111.43836934208002
970.0 112.77566329316804
971.0 114.16233992208
972.0 115.59633248676803
973.0 117.07549754179203
974.0 118.597606902752
975.0 120.16027913792
976.0 121.76122564214401
977.0 123.39798600228801
978.0 125.068066157056
979.0 126.76894692652805
980.0 128.49806186008004
981.0 130.252798634032
982.0 132.03054784214402
983.0 133.82861647550396
984.0 135.64427478620797
985.0 137.47472210012796
986.0 139.31726314916799
987.0 141.16913057443202
988.0 143.027513601952
989.0 144.88960731911996
990.0 146.752603706048
991.0 148.61370677544
992.0 150.47015586102393
993.0 152.319126760448
994.0 154.15792891943994
995.0 155.98374639804803
996.0 157.7938643708481
997.0 159.585576608688
998.0 161.35621781134395
999.0 163.10320706467203
1000.0 164.82393782416
1001.0 166.51588365167999
1002.0 168.17651460096005
1003.0 169.80335700784
1004.0 171.39400981631997
1005.0 172.94615728896002
1006.0 174.45753517551992
1007.0 175.92592773247998
1008.0 177.34927619999996
1009.0 178.72546433472
1010.0 180.05254397904
1011.0 181.32853878784005
1012.0 182.55163426992002
1013.0 183.7200879888
1014.0 184.83224896592003
1015.0 185.88651974528005
1016.0 186.88139660096
1017.0 187.81548756112005
1018.0 188.68751822384
1019.0 189.49628221232004
1020.0 190.24059079408005
1021.0 190.91948949312
1022.0 191.53204790655997
1023.0 192.07745729248
1024.0 192.55500566063998
1025.0 192.96411311408002
1026.0 193.30424080208007
1027.0 193.5750669296
1028.0 193.77630147760001
1029.0 193.90781530831998
1030.0 193.96954871600002
1031.0 193.96156868159997
1032.0 193.88401815231998
1033.0 193.73718248464007
1034.0 193.52136023728002
1035.0 193.23708601104008
1036.0 192.88492713824004
1037.0 192.46557154912
1038.0 191.97979547376002
1039.0 191.42853366544006
1040.0 190.81279519951997
1041.0 190.13367765104005
1042.0 189.39234764624004
1043.0 188.59014526640001
1044.0 187.72839589648
1045.0 186.80860156192003
1046.0 185.83237490448005
1047.0 184.80132866527998
1048.0 183.71718104031999
1049.0 182.58175461152
1050.0 181.39698272319998
1051.0 180.16486933567992
1052.0 178.88744620256008
1053.0 177.56680259632
1054.0 176.20519734128013
1055.0 174.80488056079997
1056.0 173.36819155519996
1057.0 171.89749844703996
1058.0 170.39523107168003
1059.0 168.86382532943998
1060.0 167.30580240288006
1061.0 165.72367943662397
1062.0 164.12011943836802
1063.0 162.49775887310398
1064.0 160.859243102048
1065.0 159.20724916689602
1066.0 157.54452690540796
1067.0 155.873765241472
1068.0 154.197730030768
1069.0 152.519126423904
1070.0 150.84070243793596
1071.0 149.16525176721592
1072.0 147.49548111406403
1073.0 145.834166787136
1074.0 144.18401212078405
1075.0 142.54773681654402
1076.0 140.928024717504
1077.0 139.32752304976003
1078.0 137.74891982352003
1079.0 136.19480232990395
1080.0 134.667721963104
1081.0 133.17012223145596
1082.0 131.70449292895995
1083.0 130.27318644672002
1084.0 128.87865594846397
1085.0 127.52316271142399
1086.0 126.20894797073602
1087.0 124.93820914011198
1088.0 123.71306794815999
1089.0 122.53551318776006
1090.0 121.40751728552
1091.0 120.330920503184
1092.0 119.30751112105597
1093.0 118.33898077374401
1094.0 117.42695863694402
1095.0 116.57294165500802
1096.0 115.77840892817599
1097.0 115.04470713811199
1098.0 114.373063143232
1099.0 113.76459650548797
1100.0 113.22032681190396
1101.0 112.74127243776005
1102.0 112.32822642252798
1103.0 111.98190689179205
1104.0 111.70294931819198
1105.0 111.49190655971202
1106.0 111.34913841700802
1107.0 111.274951280288
1108.0 111.26959540496007
1109.0 111.33313223622397
1110.0 111.46549678449598
1111.0 111.66663445033596
1112.0 111.93624204471999
1113.0 112.27398745691198
1114.0 112.67933842224
1115.0 113.15180231759996
1116.0 113.69069097323202
1117.0 114.29522808257597
1118.0 114.96452149273598
1119.0 115.697571492208
1120.0 116.49333380028801
1121.0 117.35065558785598
1122.0 118.26823816086399
1123.0 119.24475163689598
1124.0 120.27878074030403
1125.0 121.368781002064
1126.0 122.51311179568003
1127.0 123.71002713297602
1128.0 124.95778571270401
1129.0 126.25449700144006
1130.0 127.59821466231999
1131.0 128.98686938888005
1132.0 130.418430439552
1133.0 131.89073897129595
1134.0 133.40156258060804
1135.0 134.9486678332799
1136.0 136.52973255942396
1137.0 138.142398532016
1138.0 139.784226429648
1139.0 141.452738756192
1140.0 143.14544487182403
1141.0 144.85981643273598
1142.0 146.593274129632
1143.0 148.34323175267204
1144.0 150.10707477553598
1145.0 151.88217625535998
1146.0 153.66589118057607
1147.0 155.455507916992
1148.0 157.24838923691192
1149.0 159.04184894663996
1150.0 160.83321827132795
1151.0 162.61979149356802
1152.0 164.39895855383995
1153.0 166.16801770092798
1154.0 167.924334264784
1155.0 169.66535017908802
1156.0 171.38852657785588
1157.0 173.09129893974404
1158.0 174.77108427868797
1159.0 176.42542561263994
1160.0 178.05188906432
1161.0 179.64806046416004
1162.0 181.21163814144003
1163.0 182.7403083048
1164.0 184.23184405504003
1165.0 185.68401205391996
1166.0 187.09468127055993
1167.0 188.46177609408002
1168.0 189.78334693824002
1169.0 191.05746906880003
1170.0 192.2822575464
1171.0 193.45597358191998
1172.0 194.5769005968
1173.0 195.64345042863994
1174.0 196.65412903792
1175.0 197.60754243536002
1176.0 198.50231816464003
1177.0 199.33715337392005
1178.0 200.11086091791998
1179.0 200.82238508960006
1180.0 201.47074690079998
1181.0 202.05508115936004
1182.0 202.57457940239996
1183.0 203.02856692831998
1184.0 203.41647638784
1185.0 203.73771607615998
1186.0 203.991928448
1187.0 204.17884726128
1188.0 204.29825069216002
1189.0 204.35008622688005
1190.0 204.33439185679998
1191.0 204.25128568736005
1192.0 204.10100300032002
1193.0 203.88391778016003
1194.0 203.60049297456004
1195.0 203.25126977167994
1196.0 202.83691976495996
1197.0 202.35818368719998
1198.0 201.8159058134401
1199.0 201.21108228208004
1200.0 200.54480339696002
1201.0 199.81816683792013
1202.0 199.03241522543993
1203.0 198.18887956992
1204.0 197.28894787839994
1205.0 196.33413927279997
1206.0 195.32609338176002
1207.0 194.26647969536
1208.0 193.15702592848004
1209.0 191.99951865648
1210.0 190.79589496335998
1211.0 189.54817237503994
1212.0 188.2583685752
1213.0 186.92859754688004
1214.0 185.56103314288006
1215.0 184.15794341103995
1216.0 182.7216198184001
1217.0 181.25439048671998
1218.0 179.75863624431994
1219.0 178.23671757027196
1220.0 176.69107367582404
1221.0 175.12429759324795
1222.0 173.53888437635197
1223.0 171.93738699659204
1224.0 170.32245568824007
1225.0 168.69671822
1226.0 167.06282135435202
1227.0 165.42338991617595
1228.0 163.78114344438399
1229.0 162.13876910798402
1230.0 160.49894521163202
1231.0 158.86438111702407
1232.0 157.23771062910401
1233.0 155.62156870294402
1234.0 154.01862254252802
1235.0 152.431534376368
1236.0 150.86289559984004
1237.0 149.31533494107202
1238.0 147.79131799430402
1239.0 146.29336707848003
1240.0 144.82394979332804
1241.0 143.38542497832
1242.0 141.98020404975998
1243.0 140.61058113966402
1244.0 139.27878824803201
1245.0 137.98706683692802
1246.0 136.73752175993602
1247.0 135.53227268496
1248.0 134.37326181435202
1249.0 133.26242735060796
1250.0 132.20157552870404
1251.0 131.19242210308798
1252.0 130.23668471952004
1253.0 129.33594359256
1254.0 128.49169119127998
1255.0 127.70535506456
1256.0 126.978261190496
1257.0 126.311598097008
1258.0 125.70657694542403
1259.0 125.16420820396797
1260.0 124.68544984721598
1261.0 124.27113200943998
1262.0 123.921962402496
1263.0 123.63865002067205
1264.0 123.42166544886399
1265.0 123.27146919135996
1266.0 123.18834197633598
1267.0 123.17247464806394
1268.0 123.22401439046402
1269.0 123.342956439328
1270.0 123.52920840703999
1271.0 123.78257075687995
1272.0 124.10268646057594
1273.0 124.48920539033597
1274.0 124.94152528524799
1275.0 125.45900459344
1276.0 126.04095217483196
1277.0 126.68646992708803
1278.0 127.394673514448
1279.0 128.16448816305595
1280.0 128.994826490624
1281.0 129.88449021862397
1282.0 130.832116451728
1283.0 131.83636905952
1284.0 132.89574217116805
1285.0 134.00872354939196
1286.0 135.173657998336
1287.0 136.38884411851205
1288.0 137.652453234608
1289.0 138.962585964208
1290.0 140.31732235307197
1291.0 141.71464573254397
1292.0 143.15255608211203
1293.0 144.628910312608
1294.0 146.14149561062405
1295.0 147.68808457297604
1296.0 149.26632914880003
1297.0 150.87386800566404
1298.0 152.508300500032
1299.0 154.167219786208
1300.0 155.84818948912
1301.0 157.54870114660807
1302.0 159.26627633126398
1303.0 160.99838083905607
1304.0 162.742487168128
1305.0 164.495942190752
1306.0 166.25616664377597
1307.0 168.02058415758398
1308.0 169.78665229976005
1309.0 171.55172094150402
1310.0 173.31316500943998
1311.0 175.0684409189761
1312.0 176.814889220848
1313.0 178.550005533104
1314.0 180.27127864203194
1315.0 181.97612151350395
1316.0 183.66202308539198
1317.0 185.32654859536
1318.0 186.96727240288
1319.0 188.58173969775996
1320.0 190.16768484656004
1321.0 191.72280398176002
1322.0 193.24489041104002
1323.0 194.73167296096003
1324.0 196.18101525520004
1325.0 197.59083112544005
1326.0 198.95908806608003
1327.0 200.283819036
1328.0 201.56316169663998
1329.0 202.79524880512008
1330.0 203.97835353440001
1331.0 205.11071985679996
1332.0 206.19081289631998
1333.0 207.21712348287997
1334.0 208.18820401536004
1335.0 209.10274459695992
1336.0 209.95941855248006
1337.0 210.75708987967997
1338.0 211.49464299216
1339.0 212.17112974336004
1340.0 212.78562944272
1341.0 213.33728981663998
1342.0 213.82539669903994
1343.0 214.24934175727998
1344.0 214.60859029760007
1345.0 214.90272739871995
1346.0 215.13142565856
1347.0 215.29445502368003
1348.0 215.39166480128
1349.0 215.42306196895998
1350.0 215.38866977184003
1351.0 215.28864273615994
1352.0 215.12324282592004
1353.0 214.89282045263994
1354.0 214.59780510207997
1355.0 214.23879381696005
1356.0 213.8164619667199
1357.0 213.33157765600004
1358.0 212.78498659776005
1359.0 212.17766045551994
1360.0 211.51067525936
1361.0 210.78512830816015
1362.0 210.00238593136004
1363.0 209.16367243423997
1364.0 208.27044500752004
1365.0 207.32410630272005
1366.0 206.3262665507199
1367.0 205.27855487296
1368.0 204.18269742607998
1369.0 203.0405218779199
1370.0 201.85391072304003
1371.0 200.62480389456
1372.0 199.355174012
1373.0 198.04710113968
1374.0 196.70268799055998
1375.0 195.32415631744007
1376.0 193.913693444064
1377.0 192.47358185388796
1378.0 191.00615688135997
1379.0 189.51377477628802
1380.0 187.99887134156805
1381.0 186.463907396576
1382.0 184.91135599510395
1383.0 183.34376715502395
1384.0 181.76364785006396
1385.0 180.17354395729598
1386.0 178.57607377782392
1387.0 176.973828758688
1388.0 175.36933881425608
1389.0 173.765270286496
1390.0 172.16418253198404
1391.0 170.56870717510395
1392.0 168.98139576342402
1393.0 167.404874654528
1394.0 165.84166501057604
1395.0 164.29433282492795
1396.0 162.765381123408
1397.0 161.25731044160003
1398.0 159.772573778192
1399.0 158.313549037344
1400.0 156.88266343078402
1401.0 155.48223327950402
1402.0 154.11451708692798
1403.0 152.78179488476798
1404.0 151.48619391012804
1405.0 150.22982223716798
1406.0 149.01477477347203
1407.0 147.84307176739193
1408.0 146.71664352617594
1409.0 145.63731972756804
1410.0 144.60687557729602
1411.0 143.626964646688
1412.0 142.699240198896
1413.0 141.82525608543997
1414.0 141.00638889902393
1415.0 140.244041519728
1416.0 139.53949222272
1417.0 138.89395867036802
1418.0 138.308543645808
1419.0 137.78422917532802
1420.0 137.32195914382402
1421.0 136.92248166324805
1422.0 136.58654656264002
1423.0 136.314669725568
1424.0 136.10744715297608
1425.0 135.96526637417597
1426.0 135.88844064752
1427.0 135.87712891351995
1428.0 135.931409116624
1429.0 136.05127110206402
1430.0 136.23657215801603
1431.0 136.48716699928
1432.0 136.802703111424
1433.0 137.18278802966395
1434.0 137.62687918011193
1435.0 138.134408723936
1436.0 138.70466642497598
1437.0 139.33681420942395
1438.0 140.02993812433598
1439.0 140.78305541070404
1440.0 141.595026603216
1441.0 142.464684233504
1442.0 143.39065352743998
1443.0 144.37165887630405
1444.0 145.40620474620803
1445.0 146.49277566948803
1446.0 147.62974480571205
1447.0 148.81548533496002
1448.0 150.04820601419192
1449.0 151.326103855456
1450.0 152.647212078544
1451.0 154.009606129232
1452.0 155.41131015332803
1453.0 156.85020756958403
1454.0 158.32414606567994
1455.0 159.83101798201602
1456.0 161.368512872368
1457.0 162.93439247888
1458.0 164.52630221571198
1459.0 166.14193638956803
1460.0 167.77889626433603
1461.0 169.4347729437121
1462.0 171.107040338448
1463.0 172.79334579967997
1464.0 174.49115645534394
1465.0 176.19802970401602
1466.0 177.91147756699195
1467.0 179.62893893054405
1468.0 181.34784947078398
1469.0 183.06575603366394
1470.0 184.78009795684798
1471.0 186.488279081664
1472.0 188.18783317316803
1473.0 189.87628584168002
1474.0 191.551204088496
1475.0 193.21013239564803
1476.0 194.85064709020804
1477.0 196.47040164560005
1478.0 198.06691663856003
1479.0 199.63792991296
1480.0 201.18117591312
1481.0 202.69441542624008
1482.0 204.17552710191998
1483.0 205.62243030319996
1484.0 207.03303671455996
1485.0 208.40530968336012
1486.0 209.7372268655999
1487.0 211.02689678000002
1488.0 212.27249341759997
1489.0 213.47229912512003
1490.0 214.62461698879991
1491.0 215.72784864912006
1492.0 216.780460768
1493.0 217.78096571391993
1494.0 218.72798104128
1495.0 219.62019580512006
1496.0 220.45641470256
1497.0 221.23549344095994
1498.0 221.95642927248
1499.0 222.61830913584004
1500.0 223.22030777344008
1501.0 223.76162905456
1502.0 224.24172415712005
1503.0 224.65994551936
1504.0 225.01586575023993
1505.0 225.30898955151997
1506.0 225.53901157983992
1507.0 225.70580448672007
1508.0 225.80932278336
1509.0 225.84951689871997
1510.0 225.82644377983996
1511.0 225.74033082416
1512.0 225.59148923855992
1513.0 225.38027669727998
1514.0 225.10718913168003
1515.0 224.77285552960006
1516.0 224.377888752
1517.0 223.92306447680002
1518.0 223.40924176336003
1519.0 222.83735544112
1520.0 222.20844211104
1521.0 221.52360687151995
1522.0 220.78407140272012
1523.0 219.99107777648004
1524.0 219.14604795344002
1525.0 218.25044456192003
1526.0 217.30576683024006
1527.0 216.31356341344002
1528.0 215.27555933408007
1529.0 214.19346268447998
1530.0 213.06902890192015
1531.0 211.90411763920005
1532.0 210.70068102656
1533.0 209.46071556287998
1534.0 208.1863232692799
1535.0 206.879513916672
1536.0 205.54242431481603
1537.0 204.17720207020798
1538.0 202.78612255545605
1539.0 201.371462735216
1540.0 199.93549987107195
1541.0 198.4805850492641
1542.0 197.00913370788788
1543.0 195.5235224506721
1544.0 194.02614402574403
1545.0 192.519388331584
1546.0 191.0057879739519
1547.0 189.48777778616005
1548.0 187.96775762081597
1549.0 186.4481926024959
1550.0 184.93153227839997
1551.0 183.42021618952003
1552.0 181.91667911575993
1553.0 180.42341659368006
1554.0 178.94286936774398
1555.0 177.47738864328
1556.0 176.02932541864
1557.0 174.60108091576
1558.0 173.19495436915201
1559.0 171.8132468399519
1560.0 170.45816936777595
1561.0 169.13192704036797
1562.0 167.83670673606397
1563.0 166.57458932825608
1564.0 165.34757836155202
1565.0 164.15759803231998
1566.0 163.00662432982404
1567.0 161.896568946032
1568.0 160.82922682643203
1569.0 159.80633333710404
1570.0 158.829583866112
1571.0 157.90055151894396
1572.0 157.02079316388796
1573.0 156.191727556576
1574.0 155.41472265535998
1575.0 154.69105840771203
1576.0 154.02187925857598
1577.0 153.40825865918396
1578.0 152.85127317008005
1579.0 152.351879199088
1580.0 151.91089292139208
1581.0 151.52908893652804
1582.0 151.20709080968
1583.0 150.94552484958402
1584.0 150.74483041804797
1585.0 150.60546998708801
1586.0 150.52772652238406
1587.0 150.511827314784
1588.0 150.55779546363212
1589.0 150.665618623456
1590.0 150.83523885948796
1591.0 151.06645760366405
1592.0 151.35898361016
1593.0 151.71237837470397
1594.0 152.12613521193597
1595.0 152.59973474764797
1596.0 153.13243322575997
1597.0 153.72349872004798
1598.0 154.37199912619198
1599.0 155.07699721777598
1600.0 155.83749775695998
1601.0 156.65236298873603
1602.0 157.52040484216
1603.0 158.44037153192
1604.0 159.410870424384
1605.0 160.43055660009597
1606.0 161.49785003172803
1607.0 162.61120056331202
1608.0 163.769017551568
1609.0 164.96958679814398
1610.0 166.211082176896
1611.0 167.49166521705598
1612.0 168.80942618116802
1613.0 170.16239436705598
1614.0 171.54860877678402
1615.0 172.966023150848
1616.0 174.41256968947195
1617.0 175.88607930126403
1618.0 177.38441370849603
1619.0 178.90535559675203
1620.0 180.446627443488
1621.0 182.006050868992
1622.0 183.581333079856
1623.0 185.17021208177601
1624.0 186.770279531104
1625.0 188.37916508497602
1626.0 189.9944907240961
1627.0 191.61392670315195
1628.0 193.23504762520002
1629.0 194.85550042751998
1630.0 196.47291734809602
1631.0 198.08498911008002
1632.0 199.689392439232
1633.0 201.28385455915205
1634.0 202.86607063456003
1635.0 204.43374814473597
1636.0 205.98468971896
1637.0 207.51660035327996
1638.0 209.02732419408
1639.0 210.51469862543996
1640.0 211.97659879264012
1641.0 213.4110355408001
1642.0 214.81591621856006
1643.0 216.18919509887996
1644.0 217.5289813947199
1645.0 218.83338426911996
1646.0 220.10052980095998
1647.0 221.32865105727996
1648.0 222.51600319440007
1649.0 223.6610142816
1650.0 224.76207069024008
1651.0 225.81760282095996
1652.0 226.82625143823998
1653.0 227.78659908223995
1654.0 228.69728662912001
1655.0 229.55711573439999
1656.0 230.36494834144
1657.0 231.11970040543997
1658.0 231.82033439136003
1659.0 232.4659483624
1660.0 233.05572641280008
1661.0 233.58894969279999
1662.0 234.06490047151996
1663.0 234.48305334112
1664.0 234.84296090671995
1665.0 235.14422702528
1666.0 235.38652245167995
1667.0 235.56965419056004
1668.0 235.6935792063999
1669.0 235.7582320614399
1670.0 235.7637247091201
1671.0 235.71014926735992
1672.0 235.59771740015998
1673.0 235.4267892948801
1674.0 235.19779430656004
1675.0 234.91118890831996
1676.0 234.56759109679996
1677.0 234.16766618864008
1678.0 233.71218444047994
1679.0 233.20197164768007
1680.0 232.63800853968004
1681.0 232.02133291791998
1682.0 231.35304031392008
1683.0 230.63430950688
1684.0 229.86642779167997
1685.0 229.05073966175996
1686.0 228.18859539375998
1687.0 227.28154436047998
1688.0 226.33108757456012
1689.0 225.33886974784008
1690.0 224.3065714631999
1691.0 223.235970171776
1692.0 222.128799695632
1693.0 220.98689976979205
1694.0 219.81221590214395
1695.0 218.606718811072
1696.0 217.37236243347198
1697.0 216.111165064656
1698.0 214.825270629808
1699.0 213.51685390062394
1700.0 212.18809107923204
1701.0 210.8411209516321
1702.0 209.47817012734396
1703.0 208.10159736038403
1704.0 206.713682838848
1705.0 205.316659668864
1706.0 203.91282978612807
1707.0 202.504450634144
1708.0 201.09395124471996
1709.0 199.6836271967199
1710.0 198.27582571846398
1711.0 196.87274919710393
1712.0 195.476769864304
1713.0 194.090171899344
1714.0 192.71522142899204
1715.0 191.35410520955205
1716.0 190.00902442792002
1717.0 188.68227334559998
1718.0 187.37595518615998
1719.0 186.09220093364806
1720.0 184.8331537141601
1721.0 183.60085485779194
1722.0 182.39727556598396
1723.0 181.22437370502405
1724.0 180.08410032276797
1725.0 178.97830172705605
1726.0 177.90880050332797
1727.0 176.877376492624
1728.0 175.88568728849603
1729.0 174.935334419632
1730.0 174.027944065264
1731.0 173.16498346100795
1732.0 172.34788061142396
1733.0 171.57799834692796
1734.0 170.85662151566405
1735.0 170.1849438979039
1736.0 169.56412322969595
1737.0 168.99520946119992
1738.0 168.47912217419204
1739.0 168.01673769227196
1740.0 167.608842312976
1741.0 167.25616569067196
1742.0 166.95929103300801
1743.0 166.71876849382394
1744.0 166.53500554948803
1745.0 166.40839703326404
1746.0 166.33916546161598
1747.0 166.32743969865598
1748.0 166.373356390608
1749.0 166.47689683592
1750.0 166.63804650772798
1751.0 166.85660004823998
1752.0 167.13225880332794
1753.0 167.464644922192
1754.0 167.853417842
1755.0 168.29799567056006
1756.0 168.79777145625593
1757.0 169.35200559224003
1758.0 169.95998344363198
1759.0 170.6207756877919
1760.0 171.33346468736
1761.0 172.09702862865598
1762.0 172.91033267552
1763.0 173.77222096158394
1764.0 174.68143241064004
1765.0 175.63657008048
1766.0 176.63633257534397
1767.0 177.67921975752
1768.0 178.76369666672
1769.0 179.88819073665604
1770.0 181.05102745724804
1771.0 182.25050710534396
1772.0 183.48488081040006
1773.0 184.75232269691196
1774.0 186.05100181150402
1775.0 187.37901808987198
1776.0 188.73438623712002
1777.0 190.115090049408
1778.0 191.519093797328
1779.0 192.944420985824
1780.0 194.38893751403202
1781.0 195.85051346475203
1782.0 197.327006524064
1783.0 198.81624528372805
1784.0 200.31606366864003
1785.0 201.82424327131204
1786.0 203.33861246966404
1787.0 204.85688141320006
1788.0 206.376882903984
1789.0 207.89645824216
1790.0 209.41343240380806
1791.0 210.92564956727998
1792.0 212.43097341908796
1793.0 213.92714848761602
1794.0 215.41201658281608
1795.0 216.883402117936
1796.0 218.3392625430401
1797.0 219.77758342383999
1798.0 221.19628345871996
1799.0 222.59331810992003
1800.0 223.96663376208002
1801.0 225.31423525616
1802.0 226.63425078911996
1803.0 227.92487638895992
1804.0 229.18414794736
1805.0 230.41031606272003
1806.0 231.60158534144003
1807.0 232.75631305440007
1808.0 233.87280752256
1809.0 234.94954537088012
1810.0 235.98497204768
1811.0 236.97765841808
1812.0 237.92628447855995
1813.0 238.82952502496
1814.0 239.68616981328006
1815.0 240.49496373952007
1816.0 241.25489383024006
1817.0 241.96492489776
1818.0 242.62418465776
1819.0 243.23177957312
1820.0 243.78695927599992
1821.0 244.28895913759987
1822.0 244.7371553958401
1823.0 245.13106125760004
1824.0 245.4702118529599
1825.0 245.75420643599995
1826.0 245.98276470159993
1827.0 246.1557046336
1828.0 246.27286086224004
1829.0 246.33425332687997
1830.0 246.33996865632008
1831.0 246.29008423535987
1832.0 246.18483341392
1833.0 246.02455772960002
1834.0 245.80971223919997
1835.0 245.54078746864016
1836.0 245.21837079439993
1837.0 244.84303769631998
1838.0 244.41564987215997
1839.0 243.93701106864
1840.0 243.40802868976
1841.0 242.82976126463996
1842.0 242.20319641439997
1843.0 241.52954882640006
1844.0 240.80997541487994
1845.0 240.04577052511985
1846.0 239.23819847279998
1847.0 238.38870251871998
1848.0 237.49875359024
1849.0 236.56989387007997
1850.0 235.60365324976004
1851.0 234.6016548586881
1852.0 233.565653996048
1853.0 232.49746419099202
1854.0 231.39879591563204
1855.0 230.27163088158403
1856.0 229.11780185275194
1857.0 227.93923362366405
1858.0 226.73793616156803
1859.0 225.515976762976
1860.0 224.275349625248
1861.0 223.018212217376
1862.0 221.74661703472003
1863.0 220.46265575803199
1864.0 219.16852647510404
1865.0 217.86631351875204
1866.0 216.55820717395198
1867.0 215.24632987897593
1868.0 213.93289376235208
1869.0 212.620086991264
1870.0 211.31006263127992
1871.0 210.00494595063992
1872.0 208.70694496820806
1873.0 207.41820741574392
1874.0 206.14080757875212
1875.0 204.876940539984
1876.0 203.62862575399998
1877.0 202.3979764703199
1878.0 201.18703693616004
1879.0 199.99780719648
1880.0 198.83226814747195
1881.0 197.692430838768
1882.0 196.58009030539205
1883.0 195.4971202670879
1884.0 194.44537308463998
1885.0 193.42658880462403
1886.0 192.44255614838409
1887.0 191.49487175745608
1888.0 190.58509090462394
1889.0 189.71470726270405
1890.0 188.88526349235207
1891.0 188.098157886448
1892.0 187.354751829024
1893.0 186.656219464288
1894.0 186.00383726156795
1895.0 185.398683614832
1896.0 184.84182503803203
1897.0 184.33415600804796
1898.0 183.87659916952
1899.0 183.46997551670404
1900.0 183.11499026248003
1901.0 182.81226031024
1902.0 182.5623277074081
1903.0 182.36565072502407
1904.0 182.22265096614404
1905.0 182.13364733460796
1906.0 182.09882408529606
1907.0 182.118312632496
1908.0 182.19220392768
1909.0 182.32048808688006
1910.0 182.50305740227205
1911.0 182.73965355729595
1912.0 183.02998749241596
1913.0 183.373699644912
1914.0 183.77031062112
1915.0 184.21933527625603
1916.0 184.72010307281596
1917.0 185.27198689497607
1918.0 185.87412112596797
1919.0 186.525748993616
1920.0 187.22591560347198
1921.0 187.97365821984005
1922.0 188.767831984608
1923.0 189.60731050288
1924.0 190.49089088411196
1925.0 191.41729044379193
1926.0 192.38512119361604
1927.0 193.39298855825595
1928.0 194.43946926680005
1929.0 195.52300094638403
1930.0 196.6420358110399
1931.0 197.79490046511998
1932.0 198.97989006342397
1933.0 200.19526545625595
1934.0 201.43923980911993
1935.0 202.71000729972803
1936.0 204.00569640830398
1937.0 205.32439722937607
1938.0 206.66424890923204
1939.0 208.02324929974412
1940.0 209.39944642192
1941.0 210.79080481254397
1942.0 212.195327004352
1943.0 213.61102878584012
1944.0 215.03583289041612
1945.0 216.46766261222405
1946.0 217.904381032528
1947.0 219.34392143104006
1948.0 220.7841894434079
1949.0 222.223042966656
1950.0 223.65841080356807
1951.0 225.08824742635193
1952.0 226.51046092744
1953.0 227.923031743616
1954.0 229.323809728448
1955.0 230.71079941292805
1956.0 232.08206373312004
1957.0 233.4356081068801
1958.0 234.76947498416
1959.0 236.08171222368
1960.0 237.37056981535997
1961.0 238.63420194688
1962.0 239.87075480863996
1963.0 241.07856976256002
1964.0 242.25581655887996
1965.0 243.40094193344012
1966.0 244.51235311136006
1967.0 245.5884409638401
1968.0 246.62772799391996
1969.0 247.62880286176
1970.0 248.59027063983996
1971.0 249.51079675824008
1972.0 250.38905030528008
1973.0 251.22385556688
1974.0 252.01406069535992
1975.0 252.75862013216002
1976.0 253.45650428991993
1977.0 254.10680161599998
1978.0 254.70863333312
1979.0 255.26130210863994
1980.0 255.76414345248003
1981.0 256.21657475072004
1982.0 256.6179699196801
1983.0 256.96791424368
1984.0 257.26591849455997
1985.0 257.51169911728005
1986.0 257.70507902240007
1987.0 257.8458855328001
1988.0 257.93405548368
1989.0 257.96962489744004
1990.0 257.95271589408
1991.0 257.88345041296
1992.0 257.76216570336
1993.0 257.58913600016
1994.0 257.36481249760004
1995.0 257.08974925919995
1996.0 256.76443591071995
1997.0 256.38957707232
1998.0 255.96586143583994
1999.0 255.49414386927998
2000.0 254.97530240608003
2001.0 254.4103849513599
2002.0 253.80040587392
2003.0 253.14642618160002
2004.0 252.44963347136013
2005.0 251.71131079008006
2006.0 250.93274906048
2007.0 250.11530401040005
2008.0 249.26054230811206
2009.0 248.36989773153596
2010.0 247.444914231968
2011.0 246.487207802688
2012.0 245.4983923080321
2013.0 244.480190628016
2014.0 243.43437024108806
2015.0 242.36276262638404
2016.0 241.26719334264007
2017.0 240.14963572471999
2018.0 239.01195951772792
2019.0 237.85620556497597
2020.0 236.68418291628805
2021.0 235.49798392606402
2022.0 234.29963759800006
2023.0 233.091134700704
2024.0 231.87466465283205
2025.0 230.65225549984007
2026.0 229.42602572249604
2027.0 228.19800573636795
2028.0 226.97040607603202
2029.0 225.745231631776
2030.0 224.52461692854394
2031.0 223.31061462976004
2032.0 222.10526674942403
2033.0 220.91058380232
2034.0 219.72860711167996
2035.0 218.561372682688
2036.0 217.41089499134404
2037.0 216.27917656099203
2038.0 215.1679970650561
2039.0 214.07929769752
2040.0 213.01482005600002
2041.0 211.97647139777592
2042.0 210.96607917067203
2043.0 209.98537902404797
2044.0 209.0359641877119
2045.0 208.11940713303997
2046.0 207.237365670176
2047.0 206.39125900652803
2048.0 205.582587161344
2049.0 204.81275098956795
2050.0 204.08299201369593
2051.0 203.39457108070405
2052.0 202.748722194544
2053.0 202.14654522953592
2054.0 201.58901466422398
2055.0 201.07718560145602
2056.0 200.61194680631996
2057.0 200.194087132304
2058.0 199.82435102983996
2059.0 199.503439000784
2060.0 199.23187669113605
2061.0 199.01014603480002
2062.0 198.83867642422405
2063.0 198.71789992012808
2064.0 198.648154893264
2065.0 198.62951121342402
2066.0 198.66210651142404
2067.0 198.74604843430396
2068.0 198.88123943137595
2069.0 199.06755457478394
2070.0 199.30475152644797
2071.0 199.59249461447993
2072.0 199.93047098271995
2073.0 200.31820067027206
2074.0 200.75510987060798
2075.0 201.24056986446402
2076.0 201.773907070224
2077.0 202.35438342033598
2078.0 202.98117876603197
2079.0 203.65333975225604
2080.0 204.36985397372806
2081.0 205.12962997027194
2082.0 205.9315613900481
2083.0 206.774512947872
2084.0 207.65720425132795
2085.0 208.57842241601602
2086.0 209.53671391150402
2087.0 210.530753905968
2088.0 211.55899631324806
2089.0 212.61993998950396
2090.0 213.71203286742403
2091.0 214.833610055088
2092.0 215.983082353888
2093.0 217.15870669332804
2094.0 218.358826899456
2095.0 219.581672946928
2096.0 220.825425076464
2097.0 222.08825246939196
2098.0 223.36836762310395
2099.0 224.66382338035191
2100.0 225.97264129508804
2101.0 227.29288855769596
2102.0 228.62268506639998
2103.0 229.960114026272
2104.0 231.30315820139202
2105.0 232.64986085668798
2106.0 233.99834915297598
2107.0 235.34654462588804
2108.0 236.692603357328
2109.0 238.034473730032
2110.0 239.37026938688
2111.0 240.69805181252786
2112.0 242.01583112294406
2113.0 243.32169727646396
2114.0 244.61372681624
2115.0 245.890118857472
2116.0 247.1490067786721
2117.0 248.38857262905609
2118.0 249.60705002784002
2119.0 250.8026366944
2120.0 251.97362386575998
2121.0 253.11836707215997
2122.0 254.23526954336003
2123.0 255.32264202064007
2124.0 256.3790153931199
2125.0 257.40280822528
2126.0 258.39262147200003
2127.0 259.3470934710401
2128.0 260.26488404992006
2129.0 261.14467131215997
2130.0 261.98523943136007
2131.0 262.785336532
2132.0 263.54395485984
2133.0 264.26004143792005
2134.0 264.9326307792
2135.0 265.56081475552
2136.0 266.14379128992016
2137.0 266.68077024832
2138.0 267.1710742203199
2139.0 267.6140709126401
2140.0 268.00924566591993
2141.0 268.35605386911993
2142.0 268.6541548303999
2143.0 268.9033237318401
2144.0 269.1032137857599
2145.0 269.25364543744
2146.0 269.35460157551995
2147.0 269.40601610015995
2148.0 269.4080312680001
2149.0 269.36079696
2150.0 269.2644844051201
2151.0 269.1193252649601
2152.0 268.92571276416
2153.0 268.68406673136
2154.0 268.3948599235199
2155.0 268.0586627961601
2156.0 267.6761144409599
2157.0 267.24793151200004
2158.0 266.77487649520003
2159.0 266.25785311456
2160.0 265.69781398416006
2161.0 265.09576855563205
2162.0 264.45275352582405
2163.0 263.7699644746399
2164.0 263.04852603616
2165.0 262.289758951792
2166.0 261.49492263164814
2167.0 260.66538843766386
2168.0 259.80267854171205
2169.0 258.908180725488
2170.0 257.983538688944
2171.0 257.0303131867199
2172.0 256.050110047808
2173.0 255.04461463020797
2174.0 254.0155488323839
2175.0 252.96470590996796
2176.0 251.89381993884794
2177.0 250.80476523409607
2178.0 249.6993636236
2179.0 248.57946432294398
2180.0 247.44694047094404
2181.0 246.3037579249921
2182.0 245.15190292694393
2183.0 243.993305710544
2184.0 242.82991368417598
2185.0 241.66373178329596
2186.0 240.49673198275204
2187.0 239.33088565172793
2188.0 238.16808901296
2189.0 237.0102992290719
2190.0 235.85949235712005
2191.0 234.71761181737605
2192.0 233.58660623912004
2193.0 232.468415050048
2194.0 231.364831169728
2195.0 230.27771484108803
2196.0 229.20893786633604
2197.0 228.16032212208
2198.0 227.13360952028808
2199.0 226.13062745851198
2200.0 225.153065143488
2201.0 224.20255644252802
2202.0 223.28072387183994
2203.0 222.38909792044797
2204.0 221.52909784392006
2205.0 220.70224332867193
2206.0 219.90999918081602
2207.0 219.15357302393605
2208.0 218.434278028992
2209.0 217.75338657942402
2210.0 217.111976920064
2211.0 216.51119047040007
2212.0 215.952058118112
2213.0 215.435548307312
2214.0 214.96248869310404
2215.0 214.53377404700797
2216.0 214.15017153488003
2217.0 213.812348779104
2218.0 213.52090724508798
2219.0 213.2764375652
2220.0 213.07938037798394
2221.0 212.93016323483198
2222.0 212.82906618689609
2223.0 212.7763165361599
2224.0 212.77211465167997
2225.0 212.816505638144
2226.0 212.90947664118397
2227.0 213.05096808448002
2228.0 213.240883695824
2229.0 213.47893285168
2230.0 213.764956362192
2231.0 214.098519039344
2232.0 214.47916538273603
2233.0 214.90636745
2234.0 215.379521616384
2235.0 215.89797003120003
2236.0 216.46100317054396
2237.0 217.06777190588792
2238.0 217.71741175958397
2239.0 218.40899515113597
2240.0 219.14150099785599
2241.0 219.91385745272
2242.0 220.72497158505604
2243.0 221.57358850568008
2244.0 222.45842395329606
2245.0 223.37825088998403
2246.0 224.331707986528
2247.0 225.31736263382405
2248.0 226.33372676665599
2249.0 227.37931466107216
2250.0 228.45251521857594
2251.0 229.55174226793605
2252.0 230.67531982860805
2253.0 231.82159537119998
2254.0 232.98886348444802
2255.0 234.17538305611205
2256.0 235.37943779073612
2257.0 236.59927258449602
2258.0 237.83298820571196
2259.0 239.07886281595202
2260.0 240.3350781394719
2261.0 241.599719291648
2262.0 242.87104127459196
2263.0 244.14716013083188
2264.0 245.42620320412794
2265.0 246.7062142860641
2266.0 247.98524117971198
2267.0 249.26148398036798
2268.0 250.53311543115205
2269.0 251.7983503061921
2270.0 253.05537316777594
2271.0 254.30231481934402
2272.0 255.537364671024
2273.0 256.758653765408
2274.0 257.9644309283839
2275.0 259.152926885664
2276.0 260.32235899801606
2277.0 261.471131347936
2278.0 262.59747145921597
2279.0 263.69983353913597
2280.0 264.77657015276793
2281.0 265.82617830984
2282.0 266.8472249979201
2283.0 267.83821896576006
2284.0 268.7978163804801
2285.0 269.72466387263995
2286.0 270.61751610560003
2287.0 271.4752088523201
2288.0 272.29643798864
2289.0 273.08011174576
2290.0 273.82517333456013
2291.0 274.53058099776
2292.0 275.19541958464004
2293.0 275.81885546416004
2294.0 276.40008196640014
2295.0 276.93837776912005
2296.0 277.43300897792
2297.0 277.88348487871997
2298.0 278.2891972736
2299.0 278.64969581327995
2300.0 278.9645470817599
2301.0 279.23346152207995
2302.0 279.4562198571201
2303.0 279.63262923968
2304.0 279.76251483408
2305.0 279.8459603376
2306.0 279.8828724385601
2307.0 279.87342420816003
2308.0 279.81779349792004
2309.0 279.7163135203199
2310.0 279.5691954648001
2311.0 279.376905765232
2312.0 279.13992899448004
2313.0 278.85878319846404
2314.0 278.534140679344
2315.0 278.16664607913606
2316.0 277.75701016881595
2317.0 277.305982871472
2318.0 276.8143401939519
2319.0 276.28310568384006
2320.0 275.7132281581279
2321.0 275.10571297798407
2322.0 274.461751704096
2323.0 273.782569902752
2324.0 273.06922786240006
2325.0 272.323048485456
2326.0 271.54539177232
2327.0 270.737597574416
2328.0 269.90108156187205
2329.0 269.037315587888
2330.0 268.14780808305596
2331.0 267.23412092585596
2332.0 266.29773305928006
2333.0 265.340327290976
2334.0 264.36358090881595
2335.0 263.36906257416
2336.0 262.3585268260001
2337.0 261.33374769616
2338.0 260.296499118432
2339.0 259.2484898664
2340.0 258.19156826031997
2341.0 257.12756099192
2342.0 256.05824489116804
2343.0 254.9853356864
2344.0 253.91077859339202
2345.0 252.83640526383996
2346.0 251.76405965004787
2347.0 250.69555680228805
2348.0 249.63274605390407
2349.0 248.57739149310396
2350.0 247.53121979348808
2351.0 246.4960809958879
2352.0 245.473668459824
2353.0 244.465842747216
2354.0 243.47426303044807
2355.0 242.50055399489594
2356.0 241.54642042537594
2357.0 240.61352085582388
2358.0 239.70343216185591
2359.0 238.81769090772795
2360.0 237.95788489806395
2361.0 237.12545540632004
2362.0 236.32186137907183
2363.0 235.54848762974393
2364.0 234.80669999627213
2365.0 234.09782773710404
2366.0 233.42301905284802
2367.0 232.7834624564801
2368.0 232.18028904484808
2369.0 231.614584496992
2370.0 231.08728708604795
2371.0 230.599334305296
2372.0 230.15162207430404
2373.0 229.74495585947201
2374.0 229.38009197969603
2375.0 229.05767137891203
2376.0 228.77836908632003
2377.0 228.54266047062387
2378.0 228.35103361676792
2379.0 228.20378662862404
2380.0 228.10135138852797
2381.0 228.043971303936
2382.0 228.03185071593603
2383.0 228.06503746664006
2384.0 228.14360005123203
2385.0 228.26746374696003
2386.0 228.43653311275202
2387.0 228.65062328108806
2388.0 228.90950937544002
2389.0 229.21295568441596
2390.0 229.56050659542402
2391.0 229.9517096977441
2392.0 230.38614996388804
2393.0 230.86326284790397
2394.0 231.382338912352
2395.0 231.94273383039996
2396.0 232.54367817248004
2397.0 233.18426743352012
2398.0 233.86361898451196
2399.0 234.58076340966403
2400.0 235.33471292428786
2401.0 236.124420079536
2402.0 236.94871237844796
2403.0 237.80640054905612
2404.0 238.69620242603196
2405.0 239.61685243228794
2406.0 240.566979343136
2407.0 241.545265558112
2408.0 242.55025656851194
2409.0 243.58058497953607
2410.0 244.63466639507206
2411.0 245.71099305529597
2412.0 246.80804628875194
2413.0 247.92432065179204
2414.0 249.0581114383841
2415.0 250.207797845632
2416.0 251.371773774464
2417.0 252.54827086609606
2418.0 253.73559880111998
2419.0 254.93208098175995
2420.0 256.13605463174406
2421.0 257.34573976019203
2422.0 258.559430720368
2423.0 259.775478632832
2424.0 260.9921393428482
2425.0 262.20765432931216
2426.0 263.42026103484795
2427.0 264.6283200296481
2428.0 265.8300569326241
2429.0 267.02378055297606
2430.0 268.207838957504
2431.0 269.38055264215996
2432.0 270.540186946944
2433.0 271.685240637232
2434.0 272.81407917172794
2435.0 273.92508916769594
2436.0 275.016733278576
2437.0 276.087418828592
2438.0 277.13570592688
2439.0 278.16017194359995
2440.0 279.1593816159039
2441.0 280.131976142848
2442.0 281.07656678499205
2443.0 281.99185952319993
2444.0 282.87668459728
2445.0 283.72976627632
2446.0 284.54998763119994
2447.0 285.33617250559996
2448.0 286.08734414048
2449.0 286.8024927654399
2450.0 287.4806185816
2451.0 288.1209760393599
2452.0 288.7227407582399
2453.0 289.28508871824005
2454.0 289.80736148991997
2455.0 290.28893552432
2456.0 290.72916803872005
2457.0 291.1275949702401
2458.0 291.48379198239996
2459.0 291.79742436927984
2460.0 292.0681304204799
2461.0 292.29562162784015
2462.0 292.47983819776005
2463.0 292.62065369184006
2464.0 292.71806592400003
2465.0 292.7721630710401
2466.0 292.783038454016
2467.0 292.75078567831986
2468.0 292.67564555819206
2469.0 292.557863405472
2470.0 292.39777526219194
2471.0 292.19572325411195
2472.0 291.9521948058879
2473.0 291.6677749653281
2474.0 291.3429760872481
2475.0 290.9784471602081
2476.0 290.57493511575984
2477.0 290.133261018448
2478.0 289.65426783822403
2479.0 289.13884586512006
2480.0 288.5879193806239
2481.0 288.0025680029601
2482.0 287.38367510102404
2483.0 286.73245211334404
2484.0 286.0500469563361
2485.0 285.33764672327993
2486.0 284.596439753648
2487.0 283.827789851792
2488.0 283.032923837728
2489.0 282.21328040070387
2490.0 281.3703187779999
2491.0 280.505419000192
2492.0 279.62009138848
2493.0 278.7158253184479
2494.0 277.794191926912
2495.0 276.85671261900814
2496.0 275.90499669886395
2497.0 274.9406941617599
2498.0 273.9654153967999
2499.0 272.980861993584
2500.0 271.988646979744
2501.0 270.990503633184
2502.0 269.98813890511997
2503.0 268.98319687902404
2504.0 267.97742366208
2505.0 266.9725079761921
2506.0 265.97006699739205
2507.0 264.97184320337607
2508.0 263.979507690976
2509.0 262.99478359028797
2510.0 262.019244611232
2511.0 261.05452862187207
2512.0 260.1023764467839
2513.0 259.164215490672
2514.0 258.241729357056
2515.0 257.33651871604803
2516.0 256.45003395776
2517.0 255.583765410864
2518.0 254.73907935132806
2519.0 253.91748442508796
2520.0 253.12030949926412
2521.0 252.34892918624004
2522.0 251.60464328688
2523.0 250.88865707073592
2524.0 250.20215406795205
2525.0 249.546180124496
2526.0 248.921882504288
2527.0 248.33035573308803
2528.0 247.77266137241614
2529.0 247.2496991005759
2530.0 246.76241656574388
2531.0 246.311622417664
2532.0 245.89815944313608
2533.0 245.52275457187193
2534.0 245.18602879545614
2535.0 244.88856928671999
2536.0 244.63099799977599
2537.0 244.41370385017595
2538.0 244.23724415475186
2539.0 244.10195623600006
2540.0 244.00811923097598
2541.0 243.95603215432
2542.0 243.94587281876807
2543.0 243.97774552588788
2544.0 244.051739100544
2545.0 244.16773961264
2546.0 244.32575709489606
2547.0 244.52557132208003
2548.0 244.76700186489606
2549.0 245.04972716875199
2550.0 245.37347331809593
2551.0 245.73772169455998
2552.0 246.14214131704003
2553.0 246.58616920174404
2554.0 247.06924195420794
2555.0 247.59077785257608
2556.0 248.15013938263996
2557.0 248.74648396006404
2558.0 249.37909774028813
2559.0 250.04714053686408
2560.0 250.7497062959679
2561.0 251.48586993796795
2562.0 252.25459845630402
2563.0 253.054785517104
2564.0 253.8852610221439
2565.0 254.74495944491196
2566.0 255.6326605333599
2567.0 256.547177365408
2568.0 257.4872146954241
2569.0 258.45152281211205
2570.0 259.43874254312
2571.0 260.44748601177605
2572.0 261.47642976649604
2573.0 262.5241494553119
2574.0 263.589199820016
2575.0 264.6699826610081
2576.0 265.765114646624
2577.0 266.87303735203193
2578.0 267.992214359888
2579.0 269.12109452451193
2580.0 270.25804284768003
2581.0 271.401484760656
2582.0 272.549875598208
2583.0 273.701615302544
2584.0 274.855049148976
2585.0 276.008654906048
2586.0 277.16070283361597
2587.0 278.3096309063841
2588.0 279.453937039056
2589.0 280.592030490352
2590.0 281.72228635657603
2591.0 282.8431601536639
2592.0 283.9531423968
2593.0 285.05074044014407
2594.0 286.13439751915195
2595.0 287.202699316224
2596.0 288.25417442902403
2597.0 289.28735716196803
2598.0 290.30090339835203
2599.0 291.29338806449607
2600.0 292.26349084123206
2601.0 293.20998988001605
2602.0 294.131568199728
2603.0 295.02709452032
2604.0 295.89525210768005
2605.0 296.73503884608
2606.0 297.5453001784
2607.0 298.32505370352
2608.0 299.07319672655996
2609.0 299.78874631744
2610.0 300.47092894815995
2611.0 301.1189267190401
2612.0 301.73182663439997
2613.0 302.30890293104005
2614.0 302.8495556414399
2615.0 303.3530475651201
2616.0 303.8188455475202
2617.0 304.2463868475202
2618.0 304.6351735139201
2619.0 304.98481549472
2620.0 305.29487434095995
2621.0 305.56500548592
2622.0 305.7950271224
2623.0 305.98472138832005
2624.0 306.13394512848
2625.0 306.24274013472
2626.0 306.31110795712004
2627.0 306.3389665344
2628.0 306.32647382576
2629.0 306.2737982505601
2630.0 306.1811209144001
2631.0 306.0486926976
2632.0 305.87683953696006
2633.0 305.66594200016016
2634.0 305.41650075792
2635.0 305.1290355636799
2636.0 304.80413486080005
2637.0 304.44238605643204
2638.0 304.0445748718399
2639.0 303.61141716184
2640.0 303.143674733648
2641.0 302.642265725936
2642.0 302.10810443667185
2643.0 301.5420970263839
2644.0 300.94524221747196
2645.0 300.31861026369603
2646.0 299.66331177064
2647.0 298.980432259072
2648.0 298.27120367057597
2649.0 297.5369197831841
2650.0 296.77876374819186
2651.0 295.99806047007996
2652.0 295.19612769604805
2653.0 294.37430268456
2654.0 293.53395876044806
2655.0 292.6765153518721
2656.0 291.80338361796794
2657.0 290.9160217788
2658.0 290.01597151379207
2659.0 289.104711366576
2660.0 288.18373860291194
2661.0 287.25458585339186
2662.0 286.318795450992
2663.0 285.3779108657441
2664.0 284.43350794176
2665.0 283.4871000569439
2666.0 282.54033341667207
2667.0 281.59474341089594
2668.0 280.65194939102406
2669.0 279.7135980586239
2670.0 278.78122696993586
2671.0 277.8563753963998
2672.0 276.9405042580639
2673.0 276.035206439744
2674.0 275.14208692292806
2675.0 274.26260542144
2676.0 273.39821952512
2677.0 272.55035945740786
2678.0 271.7204008498401
2679.0 270.90983135572804
2680.0 270.119965450512
2681.0 269.35212055279993
2682.0 268.6075816452961
2683.0 267.8875857755841
2684.0 267.1932812030399
2685.0 266.5258967750241
2686.0 265.886573320464
2687.0 265.27632318446393
2688.0 264.696115810448
2689.0 264.14695862246407
2690.0 263.629779548448
2691.0 263.145521077824
2692.0 262.694961191024
2693.0 262.2788844528801
2694.0 261.89799963723203
2695.0 261.55302052552
2696.0 261.2445286656799
2697.0 260.97313713272
2698.0 260.73934387559996
2699.0 260.54365985953604
2700.0 260.38642289984006
2701.0 260.268006555536
2702.0 260.188660780368
2703.0 260.14861416313613
2704.0 260.14801349203196
2705.0 260.186980535632
2706.0 260.265537691664
2707.0 260.38367988993593
2708.0 260.54137243923196
2709.0 260.7384989906559
2710.0 260.97491697851206
2711.0 261.250317164112
2712.0 261.56431008747205
2713.0 261.9165740352961
2714.0 262.30684636489593
2715.0 262.73456480728
2716.0 263.1993200700161
2717.0 263.70055075993594
2718.0 264.237630618784
2719.0 264.80980376944
2720.0 265.416336006624
2721.0 266.05644663736007
2722.0 266.7292813283039
2723.0 267.4339430355841
2724.0 268.16948822995204
2725.0 268.93498020806385
2726.0 269.729429326832
2727.0 270.55172637059206
2728.0 271.400637557408
2729.0 272.27499905294405
2730.0 273.173741167904
2731.0 274.095587551648
2732.0 275.0392300591999
2733.0 276.0034013572319
2734.0 276.98668444483195
2735.0 277.987830960384
2736.0 279.005510246688
2737.0 280.03826912964786
2738.0 281.08462458569613
2739.0 282.143123946384
2740.0 283.21226948904007
2741.0 284.290645420048
2742.0 285.37688897294396
2743.0 286.46942404947197
2744.0 287.5667301973441
2745.0 288.66728772300803
2746.0 289.769562377376
2747.0 290.872026109008
2748.0 291.97316829198394
2749.0 293.071456259968
2750.0 294.16536105822394
2751.0 295.253393354544
2752.0 296.33415061027193
2753.0 297.4060062276959
2754.0 298.46759654192
2755.0 299.51747517830404
2756.0 300.55421440694397
2757.0 301.5762500059521
2758.0 302.58220786934396
2759.0 303.5708194130559
2760.0 304.54071468374406
2761.0 305.49056656171194
2762.0 306.419049808816
2763.0 307.32488781443203
2764.0 308.20692598756807
2765.0 309.063946537712
2766.0 309.89482961008
2767.0 310.6984531523199
2768.0 311.47379132671995
2769.0 312.2198074435199
2770.0 312.93551014304
2771.0 313.61998441008
2772.0 314.27236992047995
2773.0 314.89180942032004
2774.0 315.47751636176014
2775.0 316.02875242863996
2776.0 316.5448227758399
2777.0 317.0249821201601
2778.0 317.46870264208
2779.0 317.8754948288001
2780.0 318.24473935439994
2781.0 318.57606075024006
2782.0 318.86907688688
2783.0 319.12363901552004
2784.0 319.33936600847994
2785.0 319.51603184592005
2786.0 319.65352626111996
2787.0 319.7517933448001
2788.0 319.81076159072
2789.0 319.83052543152
2790.0 319.81110437903993
2791.0 319.75274681487997
2792.0 319.65550890784
2793.0 319.51977735680003
2794.0 319.3459544794401
2795.0 319.13438073131204
2796.0 318.88546491425586
2797.0 318.5997881810401
2798.0 318.27786111825606
2799.0 317.92027739841603
2800.0 317.52776772316804
2801.0 317.101073600768
2802.0 316.64092520236807
2803.0 316.14825172651194
2804.0 315.623961392
2805.0 315.06895598196786
2806.0 314.4841500109919
2807.0 313.8706467928639
2808.0 313.229584225472
2809.0 312.56202055872
2810.0 311.86910212975994
2811.0 311.152098899376
2812.0 310.4122131040801
2813.0 309.6505803212001
2814.0 308.86858281383996
2815.0 308.0675420074081
2816.0 307.24870478488
2817.0 306.41357086238406
2818.0 305.56355179961594
2819.0 304.70002753409597
2820.0 303.824610143648
2821.0 302.9386892133281
2822.0 302.04378663419203
2823.0 301.14132359067185
2824.0 300.23283461223997
2825.0 299.319860363472
2826.0 298.40396709647996
2827.0 297.48661912721604
2828.0 296.5692923973121
2829.0 295.65348335689595
2830.0 294.740901849472
2831.0 293.8328127172639
2832.0 292.9308132032638
2833.0 292.036411808512
2834.0 291.151127606144
2835.0 290.276511496736
2836.0 289.413957304256
2837.0 288.564905286
2838.0 287.730772622048
2839.0 286.9129342937441
2840.0 286.1128866604
2841.0 285.33187882974397
2842.0 284.57128593583997
2843.0 283.83236902582405
2844.0 283.11645538782386
2845.0 282.424695444304
2846.0 281.758295082592
2847.0 281.11836702764805
2848.0 280.50601260251204
2849.0 279.9223009423839
2850.0 279.3682103188481
2851.0 278.844689920272
2852.0 278.352657152624
2853.0 277.89297645574396
2854.0 277.46648958695994
2855.0 277.0739919929759
2856.0 276.7161367490881
2857.0 276.393612854208
2858.0 276.10697322256
2859.0 275.85673923651194
2860.0 275.6434685889441
2861.0 275.46760874620804
2862.0 275.3295584289441
2863.0 275.22968788484786
2864.0 275.168188610992
2865.0 275.1452673124801
2866.0 275.16107893708795
2867.0 275.215651152704
2868.0 275.30905311633603
2869.0 275.4412242093921
2870.0 275.6120926365762
2871.0 275.82158331659195
2872.0 276.0694800822881
2873.0 276.3555363249441
2874.0 276.6793949608481
2875.0 277.04079108016003
2876.0 277.439192723632
2877.0 277.8741828889761
2878.0 278.345166858096
2879.0 278.85157133144
2880.0 279.392693417296
2881.0 279.967954504864
2882.0 280.576545719136
2883.0 281.2177134496161
2884.0 281.890636544288
2885.0 282.59435881580794
2886.0 283.32807166465597
2887.0 284.09082336296
2888.0 284.881542454384
2889.0 285.69913093404796
2890.0 286.54249780241605
2891.0 287.4104756321759
2892.0 288.301947300512
2893.0 289.21558951408014
2894.0 290.15024544060805
2895.0 291.1046948765441
2896.0 292.0775908969281
2897.0 293.06753739105596
2898.0 294.073164329872
2899.0 295.0931846268478
2900.0 296.12624549763206
2901.0 297.17081131017596
2902.0 298.22546584952
2903.0 299.2887816436
2904.0 300.35933859095996
2905.0 301.4356237966721
2906.0 302.51617449796805
2907.0 303.59948405171184
2908.0 304.68404038532793
2909.0 305.76833948792
2910.0 306.8509473967681
2911.0 307.93030245976007
2912.0 309.00506028128
2913.0 310.0737140195999
2914.0 311.1348685816481
2915.0 312.1871129914399
2916.0 313.229029087376
2917.0 314.25911040483203
2918.0 315.275994676544
2919.0 316.27832941195186
2920.0 317.26481912974407
2921.0 318.234103313968
2922.0 319.18492581526414
2923.0 320.1160068329759
2924.0 321.026046100368
2925.0 321.91389012334395
2926.0 322.778386302272
2927.0 323.618352439952
2928.0 324.43265615524797
2929.0 325.220255093744
2930.0 325.980159126016
2931.0 326.71141545841607
2932.0 327.4130676438879
2933.0 328.084233981216
2934.0 328.724038525376
2935.0 329.3316614375682
2936.0 329.906429586032
2937.0 330.44766729489606
2938.0 330.954770760256
2939.0 331.42703727057585
2940.0 331.863927209056
2941.0 332.2649217099682
2942.0 332.629599352032
2943.0 332.957665872624
2944.0 333.2488315207359
2945.0 333.5026882611362
2946.0 333.7191190552159
2947.0 333.89789944904004
2948.0 334.0390336452802
2949.0 334.14243710584014
2950.0 334.2083436204799
2951.0 334.2366476852
2952.0 334.22750713992
2953.0 334.1811761212799
2954.0 334.097837705904
2955.0 333.97782862217605
2956.0 333.8214883001119
2957.0 333.6293987702878
2958.0 333.40194930204797
2959.0 333.13979378423994
2960.0 332.8434778552639
2961.0 332.51356024876793
2962.0 332.150605801552
2963.0 331.75538858368
2964.0 331.328651672144
2965.0 330.87136933863997
2966.0 330.384230968576
2967.0 329.86819192959996
2968.0 329.32425552496017
2969.0 328.75348172993597
2970.0 328.1569604281759
2971.0 327.535698391648
2972.0 326.8908175594881
2973.0 326.22345917670384
2974.0 325.53484594563184
2975.0 324.82614601499205
2976.0 324.0986219749601
2977.0 323.3535967729119
2978.0 322.59237851422387
2979.0 321.816238506848
2980.0 321.02651082721593
2981.0 320.224620247472
2982.0 319.41180653726394
2983.0 318.589589148784
2984.0 317.759298870704
2985.0 316.9221997481599
2986.0 316.0797994243041
2987.0 315.2335726761759
2988.0 314.38490083536004
2989.0 313.5352570060479
2990.0 312.68612038647996
2991.0 311.8389272808799
2992.0 310.99506854275205
2993.0 310.15601316817595
2994.0 309.32311515913597
2995.0 308.497762642912
2996.0 307.6813482408801
2997.0 306.87521099168
2998.0 306.08085710598397
2999.0 305.299499933888
3000.0 304.5324193844641
