1.0 0.04287592537566394
2.0 0.08952824555751993
3.0 0.1450377835108319
4.0 0.20816964831584
5.0 0.2778641135457599
6.0 0.3533420827499202
7.0 0.43402143241360003
8.0 0.5194247009016
9.0 0.6092113024497602
10.0 0.7030902963132799
11.0 0.8007822418083199
12.0 0.9020760841928002
13.0 1.0067694155579203
14.0 1.11472044678816
15.0 1.2257910177032005
16.0 1.33986533867104
17.0 1.4568147971507197
18.0 1.57655993768896
19.0 1.6990287415894407
20.0 1.8241702823057608
21.0 1.9519085378147198
22.0 2.0821768895136
23.0 2.214966945430399
24.0 2.3502293895024002
25.0 2.4879129598831993
26.0 2.6279881757584005
27.0 2.770430360193601
28.0 2.915227431686401
29.0 3.0623623205071997
30.0 3.2117948993215997
31.0 3.363528062747201
32.0 3.517532480683201
33.0 3.6737888009615984
34.0 3.8322804423504
35.0 3.9930237795392003
36.0 4.155963176576
37.0 4.3211408504127995
38.0 4.488520424959999
39.0 4.658112335240001
40.0 4.8298987331248
41.0 5.003860563883199
42.0 5.1800054939055995
43.0 5.358332330363199
44.0 5.538828526505599
45.0 5.7214962378
46.0 5.906350489816002
47.0 6.093360621638401
48.0 6.282534298900799
49.0 6.4738821690224
50.0 6.667392072296001
51.0 6.8630641680528015
52.0 7.060895012959999
53.0 7.260853949438399
54.0 7.462955477590398
55.0 7.667175522664001
56.0 7.873524054556801
57.0 8.082014665175999
58.0 8.2926271240832
59.0 8.505362647687999
60.0 8.720230288774399
61.0 8.9372203780672
62.0 9.156327939912
63.0 9.377536604353603
64.0 9.600857052347203
65.0 9.826298597545598
66.0 10.053855030937601
67.0 10.283516777547197
68.0 10.51526555356
69.0 10.749092977855998
70.0 10.984991269744
71.0 11.222970274667201
72.0 11.463012432113597
73.0 11.705107939800001
74.0 11.949260912351999
75.0 12.195472791766402
76.0 12.443719091726397
77.0 12.694003580700803
78.0 12.946316521457595
79.0 13.200657130940801
80.0 13.457021494531196
81.0 13.7153927373296
82.0 13.975785058560001
83.0 14.238172092108798
84.0 14.502546312103998
85.0 14.768912418595196
86.0 15.0372476293648
87.0 15.307578864374392
88.0 15.5798743736032
89.0 15.854154744295988
90.0 16.130388900228798
91.0 16.408591550583996
92.0 16.688775421654405
93.0 16.970909515518397
94.0 17.2549922418272
95.0 17.541027986672
96.0 17.8290241396832
97.0 18.118955190806403
98.0 18.410830752041598
99.0 18.704620818166397
100.0 19.000341413504003
101.0 19.2979883322464
102.0 19.597523724604805
103.0 19.898945031694392
104.0 20.202239632883195
105.0 20.5073931076576
106.0 20.814415033328
107.0 21.123294898844794
108.0 21.4340348874288
109.0 21.7466225615568
110.0 22.061054390630396
111.0 22.3773244461408
112.0 22.695428801740796
113.0 23.01534209806239
114.0 23.337063582059198
115.0 23.660594867328005
116.0 23.985924763432006
117.0 24.313039290083214
118.0 24.641946391342398
119.0 24.972639495812793
120.0 25.30513297443039
121.0 25.63942538236959
122.0 25.975488812387205
123.0 26.3133129977824
124.0 26.652882963745604
125.0 26.99421565520321
126.0 27.337285794907206
127.0 27.682099574363196
128.0 28.02863006134881
129.0 28.3768794838384
130.0 28.726856368174403
131.0 29.078541843350386
132.0 29.43197917086561
133.0 29.787113615283197
134.0 30.143935187012808
135.0 30.502459967611212
136.0 30.862698423865606
137.0 31.224628381814398
138.0 31.588242670860808
139.0 31.953556243793606
140.0 32.32055326221759
141.0 32.689197019492795
142.0 33.059514016352004
143.0 33.431483645532815
144.0 33.80511603114239
145.0 34.180369901163196
146.0 34.55725945213438
147.0 34.93578789522239
148.0 35.31592273057119
149.0 35.69768134347839
150.0 36.081069105123206
151.0 36.4660499922256
152.0 36.8526182786176
153.0 37.2407721086352
154.0 37.63052181244159
155.0 38.02185442244961
156.0 38.414747197009625
157.0 38.80921003538241
158.0 39.205254786552
159.0 39.6028655179936
160.0 40.00203900504799
161.0 40.40274498935523
162.0 40.805003727750396
163.0 41.208795495779206
164.0 41.61413257444802
165.0 42.02096612809601
166.0 42.429310181492816
167.0 42.8391493665808
168.0 43.2504931406096
169.0 43.66332693544001
170.0 44.077637939104
171.0 44.49340191462401
172.0 44.91062044205921
173.0 45.32929155997119
174.0 45.749404087030385
175.0 46.1709782663152
176.0 46.59396939312161
177.0 47.01837976488482
178.0 47.444226447742395
179.0 47.87147967857602
180.0 48.30016852384322
181.0 48.73026682143359
182.0 49.161780463928
183.0 49.594689795574396
184.0 50.02901707953119
185.0 50.464738399321604
186.0 50.90185748376481
187.0 51.34034666901442
188.0 51.78018783255519
189.0 52.22139561956002
190.0 52.663959927628824
191.0 53.107864886694415
192.0 53.5531121411248
193.0 53.999701518121604
194.0 54.44763352663041
195.0 54.89687036488321
196.0 55.3474504183456
197.0 55.79936813144961
198.0 56.252617112913605
199.0 56.70717544441921
200.0 57.16302864723842
201.0 57.6201989749088
202.0 58.07868983736638
203.0 58.53849040429119
204.0 58.999577638243196
205.0 59.461954770713604
206.0 59.92563694941763
207.0 60.3905952933776
208.0 60.856832778337605
209.0 61.3243410679616
210.0 61.793142620179175
211.0 62.26323021465758
212.0 62.734608855552004
213.0 63.207246144521605
214.0 63.68113186898402
215.0 64.15627369092958
216.0 64.63265836634875
217.0 65.11026609715678
218.0 65.5890987795408
219.0 66.06917264629438
220.0 66.55046430723681
221.0 67.03296684466879
222.0 67.51666648865441
223.0 68.00158759537759
224.0 68.4876617783664
225.0 68.9749231724048
226.0 69.46333294068641
227.0 69.95290806257438
228.0 70.44366222582721
229.0 70.93557268166398
230.0 71.428619215624
231.0 71.922808199304
232.0 72.4181284253168
233.0 72.91456560532
234.0 73.41213606858557
235.0 73.91081093099362
236.0 74.41056663982879
237.0 74.91139733449123
238.0 75.41331798761438
239.0 75.91632550945279
240.0 76.42039329363517
241.0 76.92550618938239
242.0 77.43169714468638
243.0 77.938927465896
244.0 78.44718340708002
245.0 78.9564628746304
246.0 79.46675631367034
247.0 79.9780800350928
248.0 80.49041697341923
249.0 81.00378236153436
250.0 81.51814398923199
251.0 82.03351258662562
252.0 82.54986807855197
253.0 83.06720107846878
254.0 83.58554216529761
255.0 84.10484798891041
256.0 84.6251044520464
257.0 85.14633272218086
258.0 85.66852789261281
259.0 86.1916947846864
260.0 86.71579120864959
261.0 87.24083407561444
262.0 87.7667819388304
263.0 88.29368590300798
264.0 88.82152209842721
265.0 89.35027776346398
266.0 89.87992955621603
267.0 90.41048947361598
268.0 90.94193678747197
269.0 91.47428135225597
270.0 92.00751761014399
271.0 92.54160657427197
272.0 93.076578620016
273.0 93.61239909287998
274.0 94.149083036208
275.0 94.68662101568
276.0 95.224997778304
277.0 95.76422804572799
278.0 96.30432257520002
279.0 96.84523864745601
280.0 97.38699488031999
281.0 97.92958508752001
282.0 98.47297744720001
283.0 99.01721032352003
284.0 99.56228388863998
285.0 100.10814761391998
286.0 100.65481968670393
287.0 101.20229987953596
288.0 101.7505765256
289.0 102.29965234982399
290.0 102.849540415056
291.0 103.40017785435205
292.0 103.95156476795198
293.0 104.50374442337602
294.0 105.05666317001601
295.0 105.61034574718401
296.0 106.16478899940799
297.0 106.72000247204798
298.0 107.275925819648
299.0 107.83258014980795
300.0 108.38996431337598
301.0 108.94805279383998
302.0 109.50685422107199
303.0 110.06636920632002
304.0 110.62655911419199
305.0 111.18742503052806
306.0 111.749003087808
307.0 112.31124714409596
308.0 112.87414760478399
309.0 113.43772479574402
310.0 114.001981213936
311.0 114.56689489216001
312.0 115.13241385876795
313.0 115.69856966628792
314.0 116.265389934016
315.0 116.83283382097599
316.0 117.400907301504
317.0 117.96960654123203
318.0 118.53889798102401
319.0 119.10882766603201
320.0 119.67937839900806
321.0 120.25052972169597
322.0 120.82230662251197
323.0 121.39467760497602
324.0 121.96764889489603
325.0 122.54118526705597
326.0 123.11531119015997
327.0 123.69001927808002
328.0 124.26530194446396
329.0 124.84119920081602
330.0 125.41767389723195
331.0 125.99471706092795
332.0 126.57230912286397
333.0 127.15047947743999
334.0 127.729220330544
335.0 128.30850184736002
336.0 128.88832493064007
337.0 129.468673068112
338.0 130.04954862919993
339.0 130.63091091929604
340.0 131.212819374352
341.0 131.79516548703995
342.0 132.37803884449602
343.0 132.961389347536
344.0 133.54518547054397
345.0 134.12943860574404
346.0 134.71413668699202
347.0 135.29927759233604
348.0 135.88489666742407
349.0 136.47095284545603
350.0 137.05746516937603
351.0 137.64439834454393
352.0 138.231771045008
353.0 138.81958493641605
354.0 139.40783144099206
355.0 139.99650201432004
356.0 140.58561011648
357.0 141.175166058736
358.0 141.76512595163194
359.0 142.35549101617596
360.0 142.94626343264005
361.0 143.53741635963195
362.0 144.12900659731207
363.0 144.72098366775995
364.0 145.31332905542394
365.0 145.906024257968
366.0 146.4990903132
367.0 147.09248288787202
368.0 147.686278754448
369.0 148.2804293449919
370.0 148.87491502908796
371.0 149.46974828892806
372.0 150.064920574928
373.0 150.66043386854395
374.0 151.25624250203202
375.0 151.852351110368
376.0 152.44875022099197
377.0 153.04540809275196
378.0 153.64233432862397
379.0 154.23951220262396
380.0 154.83697026772793
381.0 155.43468578772794
382.0 156.03269099086398
383.0 156.63096250488007
384.0 157.229504427776
385.0 157.82832108452803
386.0 158.42743952670395
387.0 159.02681591372803
388.0 159.626473468
389.0 160.22637969937603
390.0 160.82648295510404
391.0 161.42681834630403
392.0 162.02739441896
393.0 162.628199260784
394.0 163.22922841963197
395.0 163.8304883014559
396.0 164.431997443248
397.0 165.03369142431998
398.0 165.63554532939204
399.0 166.237660181456
400.0 166.83995135980803
401.0 167.44239639331204
402.0 168.04500796412796
403.0 168.64776223115194
404.0 169.25070056937597
405.0 169.853780616384
406.0 170.457020930368
407.0 171.06044328751997
408.0 171.66404940830404
409.0 172.26777761694396
410.0 172.87161651852801
411.0 173.47557800644793
412.0 174.079660003248
413.0 174.68385861419196
414.0 175.28812074736
415.0 175.89249220448
416.0 176.49698295256002
417.0 177.10154117460803
418.0 177.70620201054402
419.0 178.31093299054393
420.0 178.91575327801604
421.0 179.52064270795194
422.0 180.125597128672
423.0 180.730542887696
424.0 181.33552692286406
425.0 181.94058839003202
426.0 182.545672475632
427.0 183.150793318128
428.0 183.75595090815992
429.0 184.36113755591998
430.0 184.96630458814403
431.0 185.571484276032
432.0 186.176678721168
433.0 186.7819290157119
434.0 187.38720738201602
435.0 187.99246066102398
436.0 188.59769426590398
437.0 189.20289264337595
438.0 189.80806749664004
439.0 190.41323332705605
440.0 191.01836945220808
441.0 191.623475831584
442.0 192.22853190990398
443.0 192.83356399361602
444.0 193.43854583310411
445.0 194.04347406182404
446.0 194.648320179088
447.0 195.253130706208
448.0 195.8578870718081
449.0 196.46253955774395
450.0 197.067101246112
451.0 197.67161533504003
452.0 198.27608288208006
453.0 198.88046373235198
454.0 199.48479144508798
455.0 200.08903184404807
456.0 200.69317846601604
457.0 201.297286819888
458.0 201.901294369344
459.0 202.50524286388804
460.0 203.10906435614407
461.0 203.71276314635196
462.0 204.31634442028798
463.0 204.91980051687997
464.0 205.52315150972808
465.0 206.12632733641598
466.0 206.729377215248
467.0 207.3322440321439
468.0 207.93494281806403
469.0 208.5374406083841
470.0 209.13969475353593
471.0 209.74173521521593
472.0 210.34355653886396
473.0 210.945150464496
474.0 211.546507022352
475.0 212.1476665014239
476.0 212.74856764199998
477.0 213.34918593140804
478.0 213.94955061943998
479.0 214.54966064241603
480.0 215.14953966976
481.0 215.74918440932805
482.0 216.34856941481593
483.0 216.947719578832
484.0 217.54659687926406
485.0 218.14521328772798
486.0 218.74356329633616
487.0 219.34162986435194
488.0 219.93942785304006
489.0 220.53696950620798
490.0 221.13421273252806
491.0 221.73116522720002
492.0 222.327821368592
493.0 222.924111076496
494.0 223.52005721833604
495.0 224.1156568779999
496.0 224.71088050078401
497.0 225.3057505956959
498.0 225.900234301712
499.0 226.49431816656002
500.0 227.08796189979202
501.0 227.68124133583996
502.0 228.27415429520002
503.0 228.86669261774404
504.0 229.4588965537761
505.0 230.050745999632
506.0 230.64223653470404
507.0 231.23336566535994
508.0 231.824135065344
509.0 232.41457129209584
510.0 233.00463443662392
511.0 233.59434513964788
512.0 234.18369829473605
513.0 234.7727058729919
514.0 235.36136202159997
515.0 235.94966301992
516.0 236.53758869078405
517.0 237.125085053728
518.0 237.71219558441598
519.0 238.298872363616
520.0 238.88510834254393
521.0 239.47090214287996
522.0 240.05623961627202
523.0 240.64110144553607
524.0 241.22545840396802
525.0 241.80933617473593
526.0 242.39272582963198
527.0 242.97563929484795
528.0 243.55808141412803
529.0 244.14004725323198
530.0 244.72156364145604
531.0 245.3026061856
532.0 245.883210686576
533.0 246.46338274043197
534.0 247.04304981147206
535.0 247.62225030568
536.0 248.2009479706879
537.0 248.77919295380804
538.0 249.35696861152005
539.0 249.93421395454394
540.0 250.51091391006383
541.0 251.08715543551995
542.0 251.66290420814408
543.0 252.23809434950408
544.0 252.81277940153595
545.0 253.38694889191999
546.0 253.96059489872
547.0 254.53365619467203
548.0 255.10615591958413
549.0 255.67808142672007
550.0 256.24944965432013
551.0 256.82016412715217
552.0 257.39026722729596
553.0 257.95976753646397
554.0 258.5286434862239
555.0 259.096877509408
556.0 259.66452580388807
557.0 260.23152344312
558.0 260.797942316848
559.0 261.3637969596639
560.0 261.929046142992
561.0 262.49373388449595
562.0 263.0578110060001
563.0 263.62123485036796
564.0 264.1840246887681
565.0 264.746220916848
566.0 265.30778933387194
567.0 265.86868948132803
568.0 266.42896466454386
569.0 266.98857441036796
570.0 267.54751955596805
571.0 268.10578610270403
572.0 268.66339790740795
573.0 269.22031308812814
574.0 269.77656561153583
575.0 270.33216688884795
576.0 270.88706005160003
577.0 271.44125957201607
578.0 271.99478213595205
579.0 272.547603714704
580.0 273.09981431648004
581.0 273.651392489984
582.0 274.2023430202401
583.0 274.75267722843205
584.0 275.302330143216
585.0 275.8512874142241
586.0 276.39958612779213
587.0 276.947192426224
588.0 277.4941117626558
589.0 278.04036490896004
590.0 278.58599223704005
591.0 279.130905725536
592.0 279.6750779659841
593.0 280.218536435744
594.0 280.761300864736
595.0 281.303390766752
596.0 281.84483501764805
597.0 282.3855350962561
598.0 282.925574638688
599.0 283.4649314492799
600.0 284.00360126696
601.0 284.541543935488
602.0 285.07872594451203
603.0 285.615137336832
604.0 286.1508042512481
605.0 286.68577861560004
606.0 287.22002888019205
607.0 287.7535529346559
608.0 288.286333180576
609.0 288.81838230996806
610.0 289.3497149998241
611.0 289.880348644656
612.0 290.41018760185597
613.0 290.93924437507195
614.0 291.4675981183041
615.0 291.99515602606397
616.0 292.521916255008
617.0 293.04790581347197
618.0 293.5731105033279
619.0 294.09754381001613
620.0 294.62113928072006
621.0 295.1438649739999
622.0 295.66575413004796
623.0 296.1867748969279
624.0 296.7069702290719
625.0 297.226349059776
626.0 297.744864109536
627.0 298.2625050878879
628.0 298.7793054052481
629.0 299.2952642905281
630.0 299.810342472336
631.0 300.3245509027521
632.0 300.837941692
633.0 301.350362215344
634.0 301.86190209172787
635.0 302.372499392528
636.0 302.8822142719681
637.0 303.39104678078405
638.0 303.898987530288
639.0 304.4060445483841
640.0 304.912251018592
641.0 305.41755736318385
642.0 305.922003121968
643.0 306.42552697907195
644.0 306.9281572350879
645.0 307.4299415890401
646.0 307.9307846730081
647.0 308.43074225636803
648.0 308.929783925424
649.0 309.42787937838403
650.0 309.92507489999986
651.0 310.42136761630394
652.0 310.91673031519997
653.0 311.411174947488
654.0 311.90467808075186
655.0 312.39730938382405
656.0 312.88898747924804
657.0 313.379688768
658.0 313.8694173145761
659.0 314.35826692099215
660.0 314.8462009162239
661.0 315.33316575531194
662.0 315.81916964372806
663.0 316.30423614048004
664.0 316.78834196483194
665.0 317.271490884272
666.0 317.75371776696005
667.0 318.2349445220319
668.0 318.7151469091199
669.0 319.1943299893921
670.0 319.67250203440005
671.0 320.14962605574414
672.0 320.62578926227195
673.0 321.100924636752
674.0 321.5750626146719
675.0 322.04816036902395
676.0 322.520228839504
677.0 322.9913093135519
678.0 323.461401659664
679.0 323.9304647424161
680.0 324.39850785387205
681.0 324.8655172136001
682.0 325.33139930979195
683.0 325.796211796032
684.0 326.25997921751986
685.0 326.72270632876814
686.0 327.18437970270406
687.0 327.6449888632322
688.0 328.10454376204814
689.0 328.5630947419198
690.0 329.02059350428806
691.0 329.4771211146559
692.0 329.93259066632015
693.0 330.3870034432799
694.0 330.840393366224
695.0 331.292758193664
696.0 331.744144801744
697.0 332.1944382760798
698.0 332.643696399408
699.0 333.09193240547205
700.0 333.5391362239841
701.0 333.985323595008
702.0 334.43040448552006
703.0 334.87440145881595
704.0 335.31723444649606
705.0 335.758971686672
706.0 336.1995512648481
707.0 336.6389723788479
708.0 337.07725113550407
709.0 337.5143741468159
710.0 337.95027898718405
711.0 338.38507674459186
712.0 338.81877308148813
713.0 339.25135108899195
714.0 339.68287190374383
715.0 340.1132503631041
716.0 340.54249816127975
717.0 340.97060803540813
718.0 341.39768103375997
719.0 341.823630242464
720.0 342.248478619424
721.0 342.67208986872004
722.0 343.0946162362719
723.0 343.51601662539196
724.0 343.9363198516959
725.0 344.35553304212806
726.0 344.77356477441595
727.0 345.1904250100321
728.0 345.60616617854413
729.0 346.0207403707999
730.0 346.43409366348794
731.0 346.84634205804804
732.0 347.25745120255976
733.0 347.6674777146559
734.0 348.0763205100959
735.0 348.4839741643518
736.0 348.89046539115196
737.0 349.2958087773119
738.0 349.6999864560481
739.0 350.103022321632
740.0 350.50494217084787
741.0 350.90570804702406
742.0 351.30531555748803
743.0 351.70380628024
744.0 352.101058931216
745.0 352.497153072704
746.0 352.892074943696
747.0 353.285862150496
748.0 353.678436923664
749.0 354.06984840201596
750.0 354.46007667401585
751.0 354.84917732753604
752.0 355.237084436928
753.0 355.6238042287199
754.0 356.00934417551986
755.0 356.3936665286878
756.0 356.77684345126397
757.0 357.158814442864
758.0 357.5395525734719
759.0 357.91906534247994
760.0 358.2973230003681
761.0 358.6744593043999
762.0 359.05044063956814
763.0 359.425211010144
764.0 359.7987355055999
765.0 360.1710564820801
766.0 360.542153953328
767.0 360.91209543271987
768.0 361.28087001304004
769.0 361.64846560953606
770.0 362.01490297120006
771.0 362.380149168432
772.0 362.74430018137616
773.0 363.10719929355184
774.0 363.46888513688
775.0 363.829375738288
776.0 364.18868499188795
777.0 364.5468099174399
778.0 364.90376078747204
779.0 365.25944814942403
780.0 365.61392756985606
781.0 365.96723719824
782.0 366.319364711488
783.0 366.670278482272
784.0 367.0199447262879
785.0 367.36834663175995
786.0 367.715585681856
787.0 368.061580762144
788.0 368.40637700787204
789.0 368.749949086848
790.0 369.092408815824
791.0 369.43366011972796
792.0 369.7737514878401
793.0 370.11254334075204
794.0 370.45011016382404
795.0 370.7864734272481
796.0 371.121625997904
797.0 371.455537410016
798.0 371.7882375327839
799.0 372.119694551376
800.0 372.44992334283205
801.0 372.77889901768003
802.0 373.1065870933439
803.0 373.43300247665604
804.0 373.75815195174425
805.0 374.0820424819838
806.0 374.4046369459841
807.0 374.72599161689607
808.0 375.0460809819039
809.0 375.36488662320005
810.0 375.682378701504
811.0 375.99867208399996
812.0 376.31369605351995
813.0 376.62745128969607
814.0 376.939887092208
815.0 377.25103890304
816.0 377.560925579216
817.0 377.869546957136
818.0 378.1769156598722
819.0 378.48299450553606
820.0 378.78780820868786
821.0 379.091275418096
822.0 379.39345852350397
823.0 379.69435714859196
824.0 379.99392987448
825.0 380.29221648096006
826.0 380.5891704588
827.0 380.8848694720801
828.0 381.17933443787183
829.0 381.4725324587042
830.0 381.76445688001616
831.0 382.055064306272
832.0 382.3444583837921
833.0 382.6325872138078
834.0 382.91944740649586
835.0 383.205053943664
836.0 383.4894226352801
837.0 383.77250097144
838.0 384.0542393832801
839.0 384.334724258672
840.0 384.61388861902395
841.0 384.8917344099359
842.0 385.16827347134404
843.0 385.443504526576
844.0 385.717472007712
845.0 385.990123593536
846.0 386.26151080606405
847.0 386.531600572736
848.0 386.800383709968
849.0 387.06791640921585
850.0 387.3341876170399
851.0 387.5991193116639
852.0 387.8628111594399
853.0 388.12520110268804
854.0 388.386357099536
855.0 388.64620415486394
856.0 388.9046890528961
857.0 389.16182491060806
858.0 389.41762929695994
859.0 389.672079975312
860.0 389.92515649457596
861.0 390.17688205807985
862.0 390.427323587424
863.0 390.676377957936
864.0 390.924166492416
865.0 391.170638368832
866.0 391.41578417894397
867.0 391.65962061460795
868.0 391.90217815350394
869.0 392.14342483857615
870.0 392.38336265864007
871.0 392.62195956214396
872.0 392.8591959098882
873.0 393.0951050021439
874.0 393.3296692781281
875.0 393.56285139566404
876.0 393.79469536857596
877.0 394.0252368042402
878.0 394.25450175177605
879.0 394.4824309000319
880.0 394.70909380790414
881.0 394.93444053217604
882.0 395.1585644289122
883.0 395.38135874502393
884.0 395.60284997889596
885.0 395.8229517979842
886.0 396.04176773404805
887.0 396.2593413582721
888.0 396.47568745383995
889.0 396.6907639940961
890.0 396.90457401640003
891.0 397.1170996427362
892.0 397.3283887452161
893.0 397.538306762384
894.0 397.74690816508803
895.0 397.95423387788816
896.0 398.160248467552
897.0 398.364971476704
898.0 398.568402656496
899.0 398.7704857264481
900.0 398.97124940727997
901.0 399.1707736242881
902.0 399.36898567395195
903.0 399.565931356592
904.0 399.7615510484481
905.0 399.955877509536
906.0 400.148936986224
907.0 400.340698588608
908.0 400.53107411318416
909.0 400.72016563052796
910.0 400.9079055960158
911.0 401.09433092596805
912.0 401.27942556559987
913.0 401.4632346094719
914.0 401.645706525248
915.0 401.82683953599997
916.0 402.006598093392
917.0 402.18505175667207
918.0 402.36224717726384
919.0 402.5381638828161
920.0 402.712786884368
921.0 402.8861305689919
922.0 403.0581710173121
923.0 403.2289483180481
924.0 403.39844348780787
925.0 403.5666054656482
926.0 403.73340896513616
927.0 403.89895071921603
928.0 404.0631299349919
929.0 404.226043538608
930.0 404.38767148064
931.0 404.54796726632003
932.0 404.70700350920004
933.0 404.86468560640003
934.0 405.02110436119995
935.0 405.1762249427519
936.0 405.33001435835183
937.0 405.48250107572795
938.0 405.633723644384
939.0 405.78367600508807
940.0 405.93233213448
941.0 406.07969242111994
942.0 406.2257786541919
943.0 406.3705375939522
944.0 406.5140157825921
945.0 406.65621222036805
946.0 406.79712535113595
947.0 406.93663646801616
948.0 407.07490229436803
949.0 407.2117844868001
950.0 407.34734336598405
951.0 407.4815234569439
952.0 407.614304677568
953.0 407.7457079889442
954.0 407.87575754528
955.0 408.00442170255985
956.0 408.1318037905279
957.0 408.25787094472014
958.0 408.38266815086405
959.0 408.5061421564319
960.0 408.628401105408
961.0 408.74936899983993
962.0 408.86900237844804
963.0 408.9873686834561
964.0 409.10449643704015
965.0 409.220361019488
966.0 409.334940250144
967.0 409.44826370686405
968.0 409.5603013408
969.0 409.6711276530558
970.0 409.7806524621601
971.0 409.88886689583995
972.0 409.9958290123521
973.0 410.10153280232
974.0 410.2060020745761
975.0 410.30919064248
976.0 410.41115516031994
977.0 410.511869205088
978.0 410.6112813866399
979.0 410.70950809486396
980.0 410.80649146324794
981.0 410.9021643084799
982.0 410.9965172878241
983.0 411.08965365966407
984.0 411.18151802535994
985.0 411.272183388944
986.0 411.361672606832
987.0 411.44994719353616
988.0 411.5370190580482
989.0 411.62285375484805
990.0 411.70750768287996
991.0 411.79089836884816
992.0 411.8730767548801
993.0 411.95411067990415
994.0 412.03387689092796
995.0 412.1124703004801
996.0 412.1898562535522
997.0 412.266091699168
998.0 412.34117206785595
999.0 412.415054352032
1000.0 412.48772974931217
1001.0 412.5591529951519
1002.0 412.6293980758881
1003.0 412.69841168065585
1004.0 412.76615033358394
1005.0 412.8327213385919
1006.0 412.89806826785605
1007.0 412.9622764288479
1008.0 413.02528382977596
1009.0 413.087082610992
1010.0 413.147655205168
1011.0 413.207027717376
1012.0 413.26508046009604
1013.0 413.32193029579196
1014.0 413.3775636069922
1015.0 413.431954089584
1016.0 413.48512558337586
1017.0 413.537073088656
1018.0 413.58774194161595
1019.0 413.6371329371359
1020.0 413.68519433628796
1021.0 413.73200570963184
1022.0 413.7775140413281
1023.0 413.8217782247839
1024.0 413.86482011284795
1025.0 413.9066021563519
1026.0 413.947169495232
1027.0 413.98651200054417
1028.0 414.0246193532321
1029.0 414.06150818040004
1030.0 414.09718571180804
1031.0 414.131653865136
1032.0 414.1649367992962
1033.0 414.19694919121605
1034.0 414.22780168811204
1035.0 414.25743901740805
1036.0 414.2858525836479
1037.0 414.31303903873584
1038.0 414.3390200880639
1039.0 414.3637953633439
1040.0 414.3873716103679
1041.0 414.40982286846395
1042.0 414.43099911420825
1043.0 414.4509868924961
1044.0 414.469737899984
1045.0 414.4872771579039
1046.0 414.50359613929606
1047.0 414.5186996588639
1048.0 414.53261176630383
1049.0 414.54532547859196
1050.0 414.5568719905282
1051.0 414.567224710832
1052.0 414.576423866048
1053.0 414.58443958076805
1054.0 414.5912289992958
1055.0 414.596800928256
1056.0 414.6012149806721
1057.0 414.604376884512
1058.0 414.60636251366407
1059.0 414.60715401416
1060.0 414.60678177897597
1061.0 414.60520675697614
1062.0 414.602415239024
1063.0 414.59845559462394
1064.0 414.5933224767039
1065.0 414.58698871092804
1066.0 414.5795114973598
1067.0 414.57085957768004
1068.0 414.56105454446396
1069.0 414.55014825008004
1070.0 414.53809163206387
1071.0 414.52491194614396
1072.0 414.510586280608
1073.0 414.49513255987193
1074.0 414.47854452294393
1075.0 414.460819951392
1076.0 414.441939690288
1077.0 414.421970693824
1078.0 414.40089168495996
1079.0 414.378814578096
1080.0 414.35560440191995
1081.0 414.33124741828806
1082.0 414.305776435472
1083.0 414.279208893456
1084.0 414.2515108437121
1085.0 414.22280529108804
1086.0 414.19297849062406
1087.0 414.1619972385121
1088.0 414.12987910494394
1089.0 414.0965824503681
1090.0 414.06215769478393
1091.0 414.02660474247995
1092.0 413.9899503613759
1093.0 413.952165604176
1094.0 413.91328443947197
1095.0 413.8733214142079
1096.0 413.83224926432
1097.0 413.7900987656159
1098.0 413.746899935248
1099.0 413.7026743674398
1100.0 413.65740929409606
1101.0 413.61114270974394
1102.0 413.56391799782386
1103.0 413.5155856098239
1104.0 413.4661833919521
1105.0 413.41564366823997
1106.0 413.3640097952642
1107.0 413.31134536561603
1108.0 413.2576586996321
1109.0 413.20284271132795
1110.0 413.14697182038407
1111.0 413.08997437566404
1112.0 413.03184242572814
1113.0 412.9726652840642
1114.0 412.912357962656
1115.0 412.850992916848
1116.0 412.78862760198416
1117.0 412.7252071412161
1118.0 412.660745105936
1119.0 412.59529389003217
1120.0 412.52877704136006
1121.0 412.46124395871993
1122.0 412.39266715476805
1123.0 412.323084983536
1124.0 412.25246554502394
1125.0 412.18080563008
1126.0 412.10820811187205
1127.0 412.03454666903997
1128.0 411.9599572597599
1129.0 411.8843027210722
1130.0 411.80761519131204
1131.0 411.72998102391995
1132.0 411.651311857008
1133.0 411.57163286550383
1134.0 411.49094930441623
1135.0 411.40922755163194
1136.0 411.3265397392639
1137.0 411.24286067780804
1138.0 411.15818669747193
1139.0 411.0725602838719
1140.0 410.9859150175521
1141.0 410.898254880048
1142.0 410.8096296745759
1143.0 410.7200093103041
1144.0 410.6293329177599
1145.0 410.53767424551995
1146.0 410.44510760497604
1147.0 410.351560942912
1148.0 410.25702020072004
1149.0 410.1614987489919
1150.0 410.0650220926401
1151.0 409.967615338832
1152.0 409.86924456692793
1153.0 409.7699475361439
1154.0 409.66975258516794
1155.0 409.56860949956797
1156.0 409.466433128224
1157.0 409.363249416496
1158.0 409.25914783030413
1159.0 409.15414560867197
1160.0 409.0481958588961
1161.0 408.94127649672
1162.0 408.83339028739204
1163.0 408.724499989296
1164.0 408.6146347136961
1165.0 408.50384565014406
1166.0 408.39214340663995
1167.0 408.27945929624
1168.0 408.16585696891195
1169.0 408.051314087024
1170.0 407.93585588448
1171.0 407.819444918944
1172.0 407.70202391004807
1173.0 407.5836606684482
1174.0 407.46441878060796
1175.0 407.3441786502559
1176.0 407.22304505832
1177.0 407.1010149735682
1178.0 406.97809373276806
1179.0 406.85428372252807
1180.0 406.7295310424321
1181.0 406.603753614352
1182.0 406.47704226520005
1183.0 406.3493255520641
1184.0 406.22074834865606
1185.0 406.091246755616
1186.0 405.96081310169603
1187.0 405.82949416847987
1188.0 405.697287417392
1189.0 405.564150814864
1190.0 405.43006716027196
1191.0 405.2950871176641
1192.0 405.1591643674399
1193.0 405.022357970672
1194.0 404.8846371862079
1195.0 404.7459991257761
1196.0 404.60649208812805
1197.0 404.46605998180803
1198.0 404.32471745888
1199.0 404.18251896646404
1200.0 404.03934224601596
1201.0 403.89529303011216
1202.0 403.75044931644794
1203.0 403.60467669209595
1204.0 403.45801214243204
1205.0 403.31044818763206
1206.0 403.16201535139214
1207.0 403.012764276272
1208.0 402.862632605232
1209.0 402.7116185488159
1210.0 402.55976796004813
1211.0 402.40704459207996
1212.0 402.2534478379359
1213.0 402.0989641738721
1214.0 401.943641782096
1215.0 401.787538212272
1216.0 401.63057096358386
1217.0 401.4726969218079
1218.0 401.31409254831993
1219.0 401.154650705872
1220.0 400.9943854725279
1221.0 400.8332456355839
1222.0 400.67132305950406
1223.0 400.508543039408
1224.0 400.344951503232
1225.0 400.180552211072
1226.0 400.0153197296161
1227.0 399.849283634656
1228.0 399.68242079716794
1229.0 399.51483698272006
1230.0 399.346442077712
1231.0 399.17725726795203
1232.0 399.00728355539206
1233.0 398.8364374058559
1234.0 398.6648319014081
1235.0 398.492362767712
1236.0 398.31901565580813
1237.0 398.1448252094079
1238.0 397.96987024942416
1239.0 397.7941153507039
1240.0 397.617556065552
1241.0 397.44014943145595
1242.0 397.2619614062879
1243.0 397.0830442709599
1244.0 396.9034006494079
1245.0 396.7230430642561
1246.0 396.54196163640006
1247.0 396.36008285624
1248.0 396.17738578312003
1249.0 395.99396716222407
1250.0 395.8098269931039
1251.0 395.6249827151199
1252.0 395.43949179135996
1253.0 395.25329051244796
1254.0 395.066337430672
1255.0 394.8785778148479
1256.0 394.69007684198397
1257.0 394.50086129790395
1258.0 394.3108623618559
1259.0 394.12005918150396
1260.0 393.92854283838403
1261.0 393.73625954150396
1262.0 393.54322941556774
1263.0 393.3494788491679
1264.0 393.15498958049596
1265.0 392.9597887315041
1266.0 392.76383435699205
1267.0 392.5671720237921
1268.0 392.3697941953281
1269.0 392.1717207132161
1270.0 391.9729521812639
1271.0 391.7734945814238
1272.0 391.57332320976
1273.0 391.3724622418399
1274.0 391.170859001808
1275.0 390.9685846570559
1276.0 390.76559998262405
1277.0 390.56194523476796
1278.0 390.35763432156796
1279.0 390.1525773275041
1280.0 389.9468831552962
1281.0 389.7405163890719
1282.0 389.5335140444639
1283.0 389.3257929597282
1284.0 389.1173729537758
1285.0 388.9082921963199
1286.0 388.69853621465586
1287.0 388.4880903092478
1288.0 388.27694153768005
1289.0 388.0650384990559
1290.0 387.85252218267203
1291.0 387.63932374980806
1292.0 387.4254128423519
1293.0 387.210841866352
1294.0 386.9955759800961
1295.0 386.779598997776
1296.0 386.56299277022396
1297.0 386.34573617633595
1298.0 386.127869425728
1299.0 385.909346407344
1300.0 385.6902565576321
1301.0 385.470615420384
1302.0 385.25041800622404
1303.0 385.0295978677439
1304.0 384.808207431632
1305.0 384.5862360952481
1306.0 384.3636565623518
1307.0 384.140479379744
1308.0 383.9167011276802
1309.0 383.69223984076797
1310.0 383.467151148736
1311.0 383.241406525984
1312.0 383.0150379506399
1313.0 382.7880689038081
1314.0 382.56049039070393
1315.0 382.3322772958078
1316.0 382.10350994395196
1317.0 381.87418073622405
1318.0 381.64424906827213
1319.0 381.41376335745593
1320.0 381.18263039881595
1321.0 380.950959667216
1322.0 380.7186534510081
1323.0 380.48585849632
1324.0 380.25248791700807
1325.0 380.0185335456481
1326.0 379.7840068464959
1327.0 379.548948147088
1328.0 379.31333955307207
1329.0 379.077217339344
1330.0 378.84055494427196
1331.0 378.60335018153603
1332.0 378.3656362925599
1333.0 378.127386027504
1334.0 377.888563773904
1335.0 377.6492302056641
1336.0 377.4094472939519
1337.0 377.16911757780815
1338.0 376.9282892420159
1339.0 376.68693608532783
1340.0 376.44506098520003
1341.0 376.202699002432
1342.0 375.95992066511997
1343.0 375.7166052766239
1344.0 375.472790237376
1345.0 375.2284602524959
1346.0 374.983624783648
1347.0 374.73827619432006
1348.0 374.492440892016
1349.0 374.2460665870561
1350.0 373.999286851856
1351.0 373.75196443641613
1352.0 373.50417984817597
1353.0 373.2558715143681
1354.0 373.0071363991359
1355.0 372.757991682864
1356.0 372.5083498538562
1357.0 372.258367978832
1358.0 372.00796439321596
1359.0 371.75713788131196
1360.0 371.5058929556959
1361.0 371.2542712714081
1362.0 371.0022391162239
1363.0 370.74990600784
1364.0 370.4971698677921
1365.0 370.24402949427207
1366.0 369.9904973602241
1367.0 369.73659493252785
1368.0 369.482311421344
1369.0 369.2276401527999
1370.0 368.9725027733601
1371.0 368.7170143294878
1372.0 368.4610906714722
1373.0 368.204748080416
1374.0 367.94808995854385
1375.0 367.6910700707041
1376.0 367.4336580531361
1377.0 367.175839332432
1378.0 366.9176172031201
1379.0 366.658928035616
1380.0 366.399837793392
1381.0 366.140374462352
1382.0 365.88050304724794
1383.0 365.62023401416
1384.0 365.35959669848006
1385.0 365.0986359980478
1386.0 364.83738058998387
1387.0 364.575765126672
1388.0 364.31376620632005
1389.0 364.05142531739205
1390.0 363.7886207438879
1391.0 363.525427432
1392.0 363.2618085773599
1393.0 362.9978144340001
1394.0 362.7334670021439
1395.0 362.46878485089604
1396.0 362.203707126224
1397.0 361.938301267872
1398.0 361.67259942479996
1399.0 361.406599135184
1400.0 361.14028200424013
1401.0 360.8736486832321
1402.0 360.606681659888
1403.0 360.339375142816
1404.0 360.07182194713585
1405.0 359.80397068396786
1406.0 359.53579892089596
1407.0 359.26741236747193
1408.0 358.9987472670558
1409.0 358.72988284012797
1410.0 358.460768589296
1411.0 358.191481623904
1412.0 357.92195402153607
1413.0 357.6522125520958
1414.0 357.3821892452961
1415.0 357.11184280169596
1416.0 356.84122357713596
1417.0 356.570307361152
1418.0 356.299132465712
1419.0 356.0276023171681
1420.0 355.7557385739839
1421.0 355.483590594544
1422.0 355.2111454609281
1423.0 354.93843414622404
1424.0 354.66546323339196
1425.0 354.39224086555197
1426.0 354.11870201233626
1427.0 353.8449169156801
1428.0 353.570911995232
1429.0 353.29667061151997
1430.0 353.02216455188807
1431.0 352.7474067797442
1432.0 352.47237005104
1433.0 352.1971318950882
1434.0 351.9217486371679
1435.0 351.64607817518396
1436.0 351.370123771744
1437.0 351.093958769712
1438.0 350.81752770583995
1439.0 350.5408312450879
1440.0 350.26396483111995
1441.0 349.98684207523206
1442.0 349.70947808168
1443.0 349.43187153518414
1444.0 349.15407072192
1445.0 348.8760363377279
1446.0 348.5977493127201
1447.0 348.3193193254881
1448.0 348.04069301446395
1449.0 347.761872765744
1450.0 347.48283162543987
1451.0 347.203632152896
1452.0 346.92422191592004
1453.0 346.644548686736
1454.0 346.36468052168
1455.0 346.08461975819193
1456.0 345.80438206508796
1457.0 345.52393985353604
1458.0 345.2433779397601
1459.0 344.962588576528
1460.0 344.6816522101918
1461.0 344.40052654302417
1462.0 344.1192096455519
1463.0 343.83775797833607
1464.0 343.55611705310395
1465.0 343.27431209320014
1466.0 342.99238709830394
1467.0 342.71031858667203
1468.0 342.4281805817758
1469.0 342.14588576752
1470.0 341.8634803213281
1471.0 341.580929048896
1472.0 341.2982316213121
1473.0 341.01536476145594
1474.0 340.7323450213759
1475.0 340.4491910018239
1476.0 340.16592359995195
1477.0 339.88255917670386
1478.0 339.59916333828807
1479.0 339.31570392803184
1480.0 339.03215761020806
1481.0 338.74845467744
1482.0 338.4646232885601
1483.0 338.1807270258559
1484.0 337.896693123984
1485.0 337.61260395654415
1486.0 337.328377442464
1487.0 337.044008536864
1488.0 336.75956704464
1489.0 336.4750395772479
1490.0 336.190398891568
1491.0 335.905653874752
1492.0 335.620818193024
1493.0 335.335889701632
1494.0 335.05087313057595
1495.0 334.76574826555185
1496.0 334.4805824507842
1497.0 334.19541244111997
1498.0 333.9101664644159
1499.0 333.62489650924795
1500.0 333.339550776448
1501.0 333.05418595579215
1502.0 332.76879482704
1503.0 332.48340466006414
1504.0 332.1979401082878
1505.0 331.912443357936
1506.0 331.62692320808003
1507.0 331.3413915163201
1508.0 331.05583675830405
1509.0 330.7703039951679
1510.0 330.48476647382404
1511.0 330.19923002407995
1512.0 329.91363442700805
1513.0 329.6279591072319
1514.0 329.34225891225594
1515.0 329.056595538576
1516.0 328.770917858448
1517.0 328.485227284576
1518.0 328.1995521830879
1519.0 327.91388547017607
1520.0 327.628212345344
1521.0 327.342532209584
1522.0 327.0568462396961
1523.0 326.771243728784
1524.0 326.485587270128
1525.0 326.199958776832
1526.0 325.9143753486401
1527.0 325.628750496128
1528.0 325.34318342352
1529.0 325.0575749425761
1530.0 324.7719926051201
1531.0 324.486456670464
1532.0 324.200984752672
1533.0 323.9154646805281
1534.0 323.6299550306239
1535.0 323.34440455031995
1536.0 323.05886229408
1537.0 322.77337061745595
1538.0 322.48780954284814
1539.0 322.202281968912
1540.0 321.916774440576
1541.0 321.631281147712
1542.0 321.34586676827195
1543.0 321.060513701776
1544.0 320.77520055489606
1545.0 320.48994215476785
1546.0 320.20480643590406
1547.0 319.9197556051039
1548.0 319.63479908996794
1549.0 319.34999634278404
1550.0 319.06524580982403
1551.0 318.78057116871986
1552.0 318.49598671233593
1553.0 318.2114394951679
1554.0 317.92696720830406
1555.0 317.642598519392
1556.0 317.35834736208
1557.0 317.0741792143841
1558.0 316.790131994096
1559.0 316.50619536241595
1560.0 316.22238969608
1561.0 315.9387107819201
1562.0 315.65515889264
1563.0 315.371700584192
1564.0 315.08834955880013
1565.0 314.80509688334405
1566.0 314.5220246769919
1567.0 314.23908368275204
1568.0 313.956256381408
1569.0 313.67357194448005
1570.0 313.39102320136
1571.0 313.10859695081604
1572.0 312.8263263019041
1573.0 312.54420794032
1574.0 312.2622614804479
1575.0 311.98042331305595
1576.0 311.6986767620321
1577.0 311.41707062702415
1578.0 311.13550306838397
1579.0 310.8540707654879
1580.0 310.57275735419194
1581.0 310.2915548810399
1582.0 310.010431877328
1583.0 309.72942938206404
1584.0 309.448606621632
1585.0 309.16791001907205
1586.0 308.8873507396
1587.0 308.60690318809594
1588.0 308.32662173339196
1589.0 308.04654101931203
1590.0 307.7666128402559
1591.0 307.48684053350405
1592.0 307.207144984352
1593.0 306.92761486179205
1594.0 306.64829981763194
1595.0 306.36918038844794
1596.0 306.09024488936006
1597.0 305.81148040838417
1598.0 305.5329096822559
1599.0 305.25451041140803
1600.0 304.9762921847199
1601.0 304.6982063714239
1602.0 304.4203111920798
1603.0 304.1425858352801
1604.0 303.86504839264
1605.0 303.58770554862406
1606.0 303.310557956224
1607.0 303.0336731447841
1608.0 302.7570165454241
1609.0 302.48056613791994
1610.0 302.2042773286239
1611.0 301.92814959262404
1612.0 301.65223727569605
1613.0 301.37652077305603
1614.0 301.100997097744
1615.0 300.82570333984006
1616.0 300.550641475808
1617.0 300.27575998883196
1618.0 300.00113532588813
1619.0 299.72674151406403
1620.0 299.45259812700795
1621.0 299.1786897425601
1622.0 298.9050494286081
1623.0 298.63166208614405
1624.0 298.35843211566413
1625.0 298.085466577424
1626.0 297.81270294768
1627.0 297.540231301232
1628.0 297.2680022547199
1629.0 296.995993731792
1630.0 296.7242774214079
1631.0 296.4527970925759
1632.0 296.18158520072
1633.0 295.91060962151994
1634.0 295.639913866224
1635.0 295.3695087336961
1636.0 295.0993673888161
1637.0 294.8295113213601
1638.0 294.55989011977596
1639.0 294.2905042097919
1640.0 294.021448110704
1641.0 293.7526381565121
1642.0 293.48408960343994
1643.0 293.215862428528
1644.0 292.94787289724786
1645.0 292.680209482368
1646.0 292.41278170654397
1647.0 292.14567852799996
1648.0 291.87880269548793
1649.0 291.61217243975995
1650.0 291.3458778569119
1651.0 291.0798313296959
1652.0 290.81405818342404
1653.0 290.548607040144
1654.0 290.28343023215996
1655.0 290.018529338368
1656.0 289.75390218432005
1657.0 289.48956621462384
1658.0 289.2255965502078
1659.0 288.961882562736
1660.0 288.698445784432
1661.0 288.43527752788805
1662.0 288.17241945678387
1663.0 287.9098421036799
1664.0 287.64748227283206
1665.0 287.38538980435203
1666.0 287.123640054288
1667.0 286.8621553967521
1668.0 286.60098591175995
1669.0 286.34015471115197
1670.0 286.079626788448
1671.0 285.81943564769597
1672.0 285.5595667821919
1673.0 285.30002231944
1674.0 285.04080635276796
1675.0 284.78191148361606
1676.0 284.52337805737596
1677.0 284.26524111936
1678.0 284.00745877537605
1679.0 283.75014350955195
1680.0 283.49318380435204
1681.0 283.23656538976
1682.0 282.98038259889586
1683.0 282.7246207783199
1684.0 282.46922827836806
1685.0 282.214242664512
1686.0 281.9596916881121
1687.0 281.70554162078383
1688.0 281.4518005800479
1689.0 281.198473788
1690.0 280.94556061577595
1691.0 280.69303495297606
1692.0 280.4409417298399
1693.0 280.189222948848
1694.0 279.9379012397441
1695.0 279.686925976288
1696.0 279.43639961667213
1697.0 279.186267414752
1698.0 278.9365255053441
1699.0 278.68717644892814
1700.0 278.43825054036796
1701.0 278.18968570623997
1702.0 277.941571225408
1703.0 277.6938201216799
1704.0 277.446411731216
1705.0 277.19937185294395
1706.0 276.952761894064
1707.0 276.706586840928
1708.0 276.460772662704
1709.0 276.215381308048
1710.0 275.97040367932806
1711.0 275.725848776592
1712.0 275.48159272720005
1713.0 275.23770114291216
1714.0 274.9941652782081
1715.0 274.751039781184
1716.0 274.508396130832
1717.0 274.26612032816
1718.0 274.02426605086396
1719.0 273.78283392323203
1720.0 273.54180507558397
1721.0 273.30115569928
1722.0 273.06092806572804
1723.0 272.82117144875195
1724.0 272.581829963808
1725.0 272.342886215392
1726.0 272.1043871195359
1727.0 271.8662838643521
1728.0 271.62863087072
1729.0 271.391398002352
1730.0 271.154605236048
1731.0 270.918254538464
1732.0 270.682366160528
1733.0 270.44689541888
1734.0 270.21181311110394
1735.0 269.97717876414407
1736.0 269.74299633305594
1737.0 269.509265666592
1738.0 269.2759644738241
1739.0 269.043063896592
1740.0 268.81057174209593
1741.0 268.57854428142406
1742.0 268.34695112257606
1743.0 268.1158385931519
1744.0 267.885198444864
1745.0 267.65494777444803
1746.0 267.42516269372794
1747.0 267.1958220213919
1748.0 266.96698813478395
1749.0 266.73858980011204
1750.0 266.51064017278395
1751.0 266.28308870452804
1752.0 266.0560425572479
1753.0 265.82943528676805
1754.0 265.60322590350404
1755.0 265.377493478992
1756.0 265.152194451984
1757.0 264.927369216048
1758.0 264.7029817941439
1759.0 264.4791154408481
1760.0 264.255700397504
1761.0 264.03279331878394
1762.0 263.810392883168
1763.0 263.58851805779204
1764.0 263.36715917936004
1765.0 263.1462697575199
1766.0 262.92583396201593
1767.0 262.705867514752
1768.0 262.48638085003194
1769.0 262.2673617183359
1770.0 262.04886622136
1771.0 261.83084382272006
1772.0 261.6133589303522
1773.0 261.396338604544
1774.0 261.1798040448479
1775.0 260.963767167328
1776.0 260.748220875696
1777.0 260.5331378059041
1778.0 260.3184570857119
1779.0 260.1042305649121
1780.0 259.89044666361605
1781.0 259.677078605712
1782.0 259.46412877545606
1783.0 259.25165366475204
1784.0 259.039608409136
1785.0 258.82798180310397
1786.0 258.6167759699039
1787.0 258.406007287104
1788.0 258.19569252457603
1789.0 257.98584397827193
1790.0 257.7765044678401
1791.0 257.56764488804794
1792.0 257.3592509543999
1793.0 257.15131141281597
1794.0 256.943890268256
1795.0 256.736984151696
1796.0 256.53055912806406
1797.0 256.324678587232
1798.0 256.1192758444639
1799.0 255.91437288822385
1800.0 255.70997211348785
1801.0 255.50607190116793
1802.0 255.30264152390401
1803.0 255.09972965220794
1804.0 254.897335681808
1805.0 254.69543445481605
1806.0 254.49409513627202
1807.0 254.2932531366559
1808.0 254.092921807616
1809.0 253.8931517925439
1810.0 253.69389173897594
1811.0 253.4951375492
1812.0 253.2969411213281
1813.0 253.0992645381761
1814.0 252.902098196448
1815.0 252.70545895425602
1816.0 252.50930028579197
1817.0 252.31367430555207
1818.0 252.11860395064005
1819.0 251.92404594235205
1820.0 251.72994286368004
1821.0 251.53636477441597
1822.0 251.343280003072
1823.0 251.15074176100796
1824.0 250.95876269484802
1825.0 250.76725487563203
1826.0 250.57630302020806
1827.0 250.385817307424
1828.0 250.19586422240005
1829.0 250.00643830665604
1830.0 249.81750991726403
1831.0 249.62912409035192
1832.0 249.44122593371213
1833.0 249.253846171392
1834.0 249.06702783718393
1835.0 248.8807562866401
1836.0 248.69508088929587
1837.0 248.50992753873606
1838.0 248.3252514269281
1839.0 248.14116101952018
1840.0 247.95762593449595
1841.0 247.774614553232
1842.0 247.59212090888005
1843.0 247.41021273121592
1844.0 247.22883391617603
1845.0 247.04810114825605
1846.0 246.86788670422396
1847.0 246.688255123744
1848.0 246.50915912062402
1849.0 246.33061863361598
1850.0 246.15266790759998
1851.0 245.97528238796798
1852.0 245.79846282347194
1853.0 245.62223351407997
1854.0 245.44662394664002
1855.0 245.27159386467193
1856.0 245.09716921139199
1857.0 244.92331959280008
1858.0 244.750038957872
1859.0 244.57732855654407
1860.0 244.40518716799997
1861.0 244.23362453011208
1862.0 244.06258618195207
1863.0 243.892151562864
1864.0 243.72221503563205
1865.0 243.5528398380001
1866.0 243.38403838638396
1867.0 243.215808959408
1868.0 243.04811374873603
1869.0 242.88105668628796
1870.0 242.71456565316802
1871.0 242.5486280101599
1872.0 242.38327659094406
1873.0 242.21846663631996
1874.0 242.05422860382401
1875.0 241.89056107011203
1876.0 241.72751487969595
1877.0 241.56506206296007
1878.0 241.40316053956798
1879.0 241.24187311567994
1880.0 241.08115390334405
1881.0 240.92102475590409
1882.0 240.76146921241602
1883.0 240.60246098838405
1884.0 240.44400882247987
1885.0 240.2861890201761
1886.0 240.12900039057595
1887.0 239.972378945424
1888.0 239.81633501124807
1889.0 239.66089359390395
1890.0 239.50612083872002
1891.0 239.35196202542403
1892.0 239.19839699102394
1893.0 239.04536728123202
1894.0 238.89297130486392
1895.0 238.74119910548785
1896.0 238.59005011100808
1897.0 238.43944324969598
1898.0 238.28944762523196
1899.0 238.140035474944
1900.0 237.99122715278395
1901.0 237.84298195648003
1902.0 237.6953385150079
1903.0 237.5482712274401
1904.0 237.40183400455993
1905.0 237.25599767812793
1906.0 237.110758956784
1907.0 236.96609899326398
1908.0 236.822035383504
1909.0 236.67858801961614
1910.0 236.53575167702394
1911.0 236.39350765182394
1912.0 236.25192835566395
1913.0 236.11095901737608
1914.0 235.97062069630397
1915.0 235.83088297785594
1916.0 235.69177379052803
1917.0 235.55324485019196
1918.0 235.41536522913594
1919.0 235.27807201360005
1920.0 235.141385820096
1921.0 235.0052869153281
1922.0 234.869804237648
1923.0 234.73494306907202
1924.0 234.60067630180794
1925.0 234.466936629008
1926.0 234.33377396409605
1927.0 234.201212333488
1928.0 234.06930997128006
1929.0 233.938008875184
1930.0 233.807319832416
1931.0 233.67725680963204
1932.0 233.54782165054394
1933.0 233.41900237027193
1934.0 233.29074411123207
1935.0 233.163054415152
1936.0 233.03589148720002
1937.0 232.90934172785606
1938.0 232.78337636720008
1939.0 232.65805313238403
1940.0 232.53332407979195
1941.0 232.40918476142397
1942.0 232.28563842297604
1943.0 232.162662704752
1944.0 232.04027866712
1945.0 231.91841935824
1946.0 231.79711363132802
1947.0 231.67635349089605
1948.0 231.556132877792
1949.0 231.4365397963681
1950.0 231.31751887934394
1951.0 231.199081168208
1952.0 231.08125570136002
1953.0 230.9640280114241
1954.0 230.847389295424
1955.0 230.73130319824003
1956.0 230.61582824707193
1957.0 230.5009415793119
1958.0 230.38665383449603
1959.0 230.272961414272
1960.0 230.159875051504
1961.0 230.04741434486397
1962.0 229.93554058742401
1963.0 229.82430361968005
1964.0 229.71369287323205
1965.0 229.60367959124795
1966.0 229.49421873088
1967.0 229.38533968166394
1968.0 229.27706039772806
1969.0 229.1693445631841
1970.0 229.062249034928
1971.0 228.95575413358398
1972.0 228.84988066622404
1973.0 228.74460832689607
1974.0 228.63992192088003
1975.0 228.53584657836808
1976.0 228.43231286726396
1977.0 228.329384890448
1978.0 228.227056929744
1979.0 228.12529907467191
1980.0 228.02417142664007
1981.0 227.92361091259204
1982.0 227.82362224083198
1983.0 227.72423428371198
1984.0 227.62546395001604
1985.0 227.52731012019208
1986.0 227.42976732065603
1987.0 227.33287186944
1988.0 227.23657683286396
1989.0 227.14091407783994
1990.0 227.04583683838396
1991.0 226.95142186777593
1992.0 226.85764559641603
1993.0 226.76456016945605
1994.0 226.67214671257597
1995.0 226.58036324304007
1996.0 226.48923180969604
1997.0 226.39871293390402
1998.0 226.30881742862397
1999.0 226.219610852544
2000.0 226.131025858672
2001.0 226.04305373132803
2002.0 225.95575522089592
2003.0 225.869118933552
2004.0 225.78314956532796
2005.0 225.69783704839998
2006.0 225.61312421715206
2007.0 225.52900364289607
2008.0 225.4454934680799
2009.0 225.3626198276479
2010.0 225.28041153512004
2011.0 225.19887355270401
2012.0 225.11797380275198
2013.0 225.037682677232
2014.0 224.95804323862413
2015.0 224.87905526251197
2016.0 224.80072109241596
2017.0 224.72298016473604
2018.0 224.64583798332802
2019.0 224.56926638612794
2020.0 224.49329432216
2021.0 224.41792281252793
2022.0 224.34315326852803
2023.0 224.26899505745604
2024.0 224.19540996508803
2025.0 224.12241240326404
2026.0 224.04998789542395
2027.0 223.978181042112
2028.0 223.90692992974408
2029.0 223.83629456737594
2030.0 223.76621101246397
2031.0 223.696679918272
2032.0 223.627755019712
2033.0 223.559374600496
2034.0 223.49157956238406
2035.0 223.42438909470397
2036.0 223.35777977748793
2037.0 223.29175845294404
2038.0 223.22641648380804
2039.0 223.16161760367999
2040.0 223.09740825664
2041.0 223.03374997673595
2042.0 222.970760199504
2043.0 222.90839467174402
2044.0 222.84665724089604
2045.0 222.78552396425602
2046.0 222.724962894592
2047.0 222.66504934187202
2048.0 222.605776288768
2049.0 222.54713512745587
2050.0 222.48907259038396
2051.0 222.43159496396794
2052.0 222.3747687609281
2053.0 222.31859553772796
2054.0 222.26301750057604
2055.0 222.20807165859205
2056.0 222.153753930144
2057.0 222.10005849612799
2058.0 222.04700186992005
2059.0 221.99455867393604
2060.0 221.94272887219205
2061.0 221.89151378153596
2062.0 221.84089664390413
2063.0 221.790933622288
2064.0 221.74157076729594
2065.0 221.69277695355203
2066.0 221.64461720548792
2067.0 221.59704734935994
2068.0 221.55005674481603
2069.0 221.50367263755197
2070.0 221.45786862207996
2071.0 221.41267475121603
2072.0 221.36812614664
2073.0 221.324156786624
2074.0 221.28077707889602
2075.0 221.23796535652795
2076.0 221.195709438416
2077.0 221.15405956257604
2078.0 221.113000178896
2079.0 221.072518751408
2080.0 221.032566398656
2081.0 220.9931352772641
2082.0 220.95428265260813
2083.0 220.9159594210561
2084.0 220.87817300062403
2085.0 220.84090391198401
2086.0 220.804175138064
2087.0 220.768054515184
2088.0 220.732527474784
2089.0 220.697620172112
2090.0 220.66321250355207
2091.0 220.62941318966395
2092.0 220.59618369670397
2093.0 220.56348841366398
2094.0 220.53136505528
2095.0 220.49980132208003
2096.0 220.4687453306879
2097.0 220.43823990288007
2098.0 220.40825797347196
2099.0 220.37887197446398
2100.0 220.350036210096
2101.0 220.32179234156797
2102.0 220.29409953672013
2103.0 220.26698581289597
2104.0 220.240399300976
2105.0 220.21444897484812
2106.0 220.18898038617598
2107.0 220.16411417236796
2108.0 220.13980409657606
2109.0 220.11609759104
2110.0 220.09297991372796
2111.0 220.0705135390561
2112.0 220.04861311787204
2113.0 220.0272992717279
2114.0 220.00662417711993
2115.0 219.98653141252808
2116.0 219.96706330241605
2117.0 219.948154914112
2118.0 219.92986062440005
2119.0 219.91215342408003
2120.0 219.8950102668
2121.0 219.87841507265597
2122.0 219.86237763099197
2123.0 219.84689548825608
2124.0 219.83196396043186
2125.0 219.81764952966404
2126.0 219.80388473065608
2127.0 219.79076309913597
2128.0 219.77821443273606
2129.0 219.766279688832
2130.0 219.75496791280003
2131.0 219.744236444224
2132.0 219.73412367211205
2133.0 219.724587659504
2134.0 219.71560629702398
2135.0 219.707294945056
2136.0 219.69958580655998
2137.0 219.692450364768
2138.0 219.685833295392
2139.0 219.67985094491195
2140.0 219.67447293564805
2141.0 219.66966364948797
2142.0 219.66546753742404
2143.0 219.66180341233598
2144.0 219.65871262840005
2145.0 219.65616008387187
2146.0 219.65417792446405
2147.0 219.65274514588796
2148.0 219.65190024800003
2149.0 219.65159939246396
2150.0 219.651876848544
2151.0 219.652698686032
2152.0 219.654085038944
2153.0 219.65599726883207
2154.0 219.65850257708803
2155.0 219.661585156144
2156.0 219.665192930352
2157.0 219.66942956631996
2158.0 219.67423365897602
2159.0 219.67956772015995
2160.0 219.6854514220641
2161.0 219.69185535963197
2162.0 219.69881019862402
2163.0 219.70628046559995
2164.0 219.71427399556802
2165.0 219.722831460704
2166.0 219.73192854015997
2167.0 219.74160888689593
2168.0 219.75184123867203
2169.0 219.76266345424
2170.0 219.77400893609598
2171.0 219.78592682231996
2172.0 219.7984111726561
2173.0 219.811430573696
2174.0 219.825021297568
2175.0 219.83916724404793
2176.0 219.853872688912
2177.0 219.86908073382398
2178.0 219.884792904848
2179.0 219.90106385510404
2180.0 219.91787166216
2181.0 219.93518385515213
2182.0 219.95300158526402
2183.0 219.97134423332804
2184.0 219.99019620755203
2185.0 220.00956537430397
2186.0 220.029406056384
2187.0 220.04985016918394
2188.0 220.07077644510395
2189.0 220.09229483993605
2190.0 220.114375687728
2191.0 220.13700304232003
2192.0 220.16016724257597
2193.0 220.183912951632
2194.0 220.20824684113603
2195.0 220.23311607364798
2196.0 220.25850874243193
2197.0 220.28447226939207
2198.0 220.31096960275198
2199.0 220.33796107840004
2200.0 220.36545216804808
2201.0 220.39346657513602
2202.0 220.421950929408
2203.0 220.450950842944
2204.0 220.48043485840003
2205.0 220.510374983888
2206.0 220.54076645852797
2207.0 220.57170349769603
2208.0 220.603113571712
2209.0 220.6349863921599
2210.0 220.66734077694395
2211.0 220.70013836543995
2212.0 220.733458866336
2213.0 220.76722179065592
2214.0 220.80151052247993
2215.0 220.83629162096008
2216.0 220.87159183067197
2217.0 220.90737305999997
2218.0 220.94364278652802
2219.0 220.98039068222414
2220.0 221.01763270347192
2221.0 221.05534533350396
2222.0 221.093514464496
2223.0 221.13219932953604
2224.0 221.17140838486398
2225.0 221.211066513984
2226.0 221.25129168772796
2227.0 221.29198431854397
2228.0 221.333185371312
2229.0 221.37489927721603
2230.0 221.41709215731208
2231.0 221.45973912660793
2232.0 221.50284644070408
2233.0 221.54637689673604
2234.0 221.59034990428796
2235.0 221.63473250700804
2236.0 221.67960031859198
2237.0 221.72499841614405
2238.0 221.77086090116805
2239.0 221.8172343064
2240.0 221.86407798592003
2241.0 221.91140474432004
2242.0 221.95917832460805
2243.0 222.0074282992961
2244.0 222.056100766704
2245.0 222.10524982620797
2246.0 222.1548853797759
2247.0 222.204983485264
2248.0 222.25556797016003
2249.0 222.30669101822406
2250.0 222.35831820272006
2251.0 222.41048666448006
2252.0 222.46313552459202
2253.0 222.51629166619205
2254.0 222.56994630121608
2255.0 222.62404505856003
2256.0 222.67856245521597
2257.0 222.7335534572
2258.0 222.78898429646398
2259.0 222.844860616032
2260.0 222.9011190993761
2261.0 222.95777056935995
2262.0 223.01482539049607
2263.0 223.07229919446394
2264.0 223.13024263049607
2265.0 223.188611409632
2266.0 223.24742265475197
2267.0 223.30664007145606
2268.0 223.36628258940794
2269.0 223.42632646633606
2270.0 223.48677010732808
2271.0 223.547688120896
2272.0 223.609043199136
2273.0 223.670937964832
2274.0 223.73329046107196
2275.0 223.79609417048013
2276.0 223.85933079088005
2277.0 223.923050651728
2278.0 223.98726491038397
2279.0 224.05189076431998
2280.0 224.11702940359996
2281.0 224.18262044804806
2282.0 224.24863836652804
2283.0 224.31512695398396
2284.0 224.382062118928
2285.0 224.44943973468799
2286.0 224.51730960187197
2287.0 224.585560697312
2288.0 224.65425240512005
2289.0 224.72337259105592
2290.0 224.792902075264
2291.0 224.86285270425606
2292.0 224.93327514888
2293.0 225.00413658172798
2294.0 225.07544909659205
2295.0 225.14712934267195
2296.0 225.21918189641596
2297.0 225.29165194864004
2298.0 225.36451969404806
2299.0 225.43783609966403
2300.0 225.51155257948795
2301.0 225.58569904345603
2302.0 225.66024892555205
2303.0 225.7352054229279
2304.0 225.81064354136007
2305.0 225.88646968400008
2306.0 225.96272092268796
2307.0 226.039363939408
2308.0 226.1163988804
2309.0 226.19384456129598
2310.0 226.27166743310403
2311.0 226.34983770926405
2312.0 226.42840394495997
2313.0 226.50739842782394
2314.0 226.58681156812798
2315.0 226.66664198990398
2316.0 226.74690634948806
2317.0 226.82757743934408
2318.0 226.908614130048
2319.0 226.9900214541441
2320.0 227.07178858926395
2321.0 227.15391466471996
2322.0 227.23640192622398
2323.0 227.31926745284795
2324.0 227.40251192518394
2325.0 227.48612127555208
2326.0 227.57011529459209
2327.0 227.65450545177595
2328.0 227.7392354901279
2329.0 227.82436318790397
2330.0 227.909785209568
2331.0 227.99558458777597
2332.0 228.08172969750404
2333.0 228.168228151312
2334.0 228.25506788904005
2335.0 228.3422756918239
2336.0 228.42982669963197
2337.0 228.51774026604807
2338.0 228.60605093587196
2339.0 228.69473877143992
2340.0 228.78377638652805
2341.0 228.8731705064
2342.0 228.96294851676802
2343.0 229.05306159622396
2344.0 229.14351638539202
2345.0 229.23434735572795
2346.0 229.32552209382402
2347.0 229.41706002516793
2348.0 229.50889941065606
2349.0 229.601044406336
2350.0 229.69355652707196
2351.0 229.78644565599993
2352.0 229.87968921299208
2353.0 229.97330790833593
2354.0 230.06724423328006
2355.0 230.161597436496
2356.0 230.25627226102407
2357.0 230.35135356513592
2358.0 230.44674151321595
2359.0 230.54246977488006
2360.0 230.63851353611204
2361.0 230.73495350519997
2362.0 230.83173423152002
2363.0 230.92880505313605
2364.0 231.02615051934396
2365.0 231.12387010142407
2366.0 231.22187491043206
2367.0 231.32016693099203
2368.0 231.41874882840003
2369.0 231.517585642944
2370.0 231.61670146423998
2371.0 231.71611372499206
2372.0 231.815815472672
2373.0 231.91585859331195
2374.0 232.01622328192002
2375.0 232.11686387927998
2376.0 232.21777770900803
2377.0 232.318978056368
2378.0 232.420450203472
2379.0 232.52225767577596
2380.0 232.624339016624
2381.0 232.726698429936
2382.0 232.8293531543199
2383.0 232.93230063038405
2384.0 233.03554299628803
2385.0 233.13900852361598
2386.0 233.24280203383995
2387.0 233.34688107532799
2388.0 233.45126837987192
2389.0 233.55597143116796
2390.0 233.66096669107196
2391.0 233.76626671651198
2392.0 233.871796236848
2393.0 233.97762536660792
2394.0 234.08370564380803
2395.0 234.19007402894403
2396.0 234.29670115438407
2397.0 234.4036211061279
2398.0 234.51081044728
2399.0 234.61825068182407
2400.0 234.725961890496
2401.0 234.83396765356807
2402.0 234.94228436696
2403.0 235.050909871888
2404.0 235.15977614684797
2405.0 235.268902066784
2406.0 235.37827070937593
2407.0 235.487896537696
2408.0 235.59780590075206
2409.0 235.70800683884804
2410.0 235.81849144531196
2411.0 235.92930204684802
2412.0 236.04036690048002
2413.0 236.151712677136
2414.0 236.263297256544
2415.0 236.375150493808
2416.0 236.48726873104002
2417.0 236.59967278864002
2418.0 236.71232079982406
2419.0 236.82525349814392
2420.0 236.938396797552
2421.0 237.05183095806402
2422.0 237.165486342272
2423.0 237.2794164032
2424.0 237.39361892184002
2425.0 237.50802632049596
2426.0 237.62266622942397
2427.0 237.7375640876799
2428.0 237.852716065008
2429.0 237.96809993372804
2430.0 238.08377519011196
2431.0 238.19971615321606
2432.0 238.31590325510405
2433.0 238.432299718832
2434.0 238.54892900692798
2435.0 238.665774869392
2436.0 238.78289039913608
2437.0 238.900260110416
2438.0 239.01778868966394
2439.0 239.13553914129596
2440.0 239.25354743943998
2441.0 239.37175692105603
2442.0 239.49023328716802
2443.0 239.60894054201603
2444.0 239.72790479379188
2445.0 239.84712428839993
2446.0 239.9666708956641
2447.0 240.08648377057608
2448.0 240.206549522
2449.0 240.32683222577606
2450.0 240.447350507248
2451.0 240.56806799003203
2452.0 240.688897912416
2453.0 240.80995328705598
2454.0 240.931159176064
2455.0 241.0526071906561
2456.0 241.17426530150397
2457.0 241.29611576294405
2458.0 241.41814910972795
2459.0 241.54037592294398
2460.0 241.66283737115205
2461.0 241.78550003760006
2462.0 241.90837818014407
2463.0 242.03149205816007
2464.0 242.15484105209597
2465.0 242.27844719948794
2466.0 242.40226881208008
2467.0 242.52626820148808
2468.0 242.650489617728
2469.0 242.7748558180161
2470.0 242.89940432275202
2471.0 243.02416294623995
2472.0 243.14907966470406
2473.0 243.27414724057599
2474.0 243.39936739131198
2475.0 243.52470686883197
2476.0 243.65019708164795
2477.0 243.77586157084798
2478.0 243.90168316804798
2479.0 244.02765264995196
2480.0 244.153684536128
2481.0 244.279856826464
2482.0 244.40616996307193
2483.0 244.53255366991993
2484.0 244.659069670912
2485.0 244.78565665134403
2486.0 244.9123255740481
2487.0 245.039092480624
2488.0 245.16598395433599
2489.0 245.29297098615993
2490.0 245.420104098896
2491.0 245.54744225739205
2492.0 245.67494724843203
2493.0 245.8026381916799
2494.0 245.9304496308959
2495.0 246.05838195684797
2496.0 246.18642111423992
2497.0 246.31456145638404
2498.0 246.44280998729596
2499.0 246.57115161161596
2500.0 246.69956258984
2501.0 246.828106651808
2502.0 246.95681392236793
2503.0 247.08558454702398
2504.0 247.21451061624006
2505.0 247.34347625777588
2506.0 247.47255697494398
2507.0 247.60171107836794
2508.0 247.73100137632
2509.0 247.86035496601608
2510.0 247.98987661062398
2511.0 248.11958598184
2512.0 248.249467663536
2513.0 248.37949038284802
2514.0 248.509646638816
2515.0 248.63991315999982
2516.0 248.77028907006417
2517.0 248.9007389827519
2518.0 249.031289278848
2519.0 249.16195396043184
2520.0 249.29270846326395
2521.0 249.42360969734395
2522.0 249.55459789776
2523.0 249.68570992955196
2524.0 249.81694120196804
2525.0 249.94827002443202
2526.0 250.07970836732792
2527.0 250.21126670103985
2528.0 250.342945827312
2529.0 250.474691530048
2530.0 250.60652363544008
2531.0 250.7384315658879
2532.0 250.87047140681597
2533.0 251.00263009387194
2534.0 251.13488260676795
2535.0 251.26721833129605
2536.0 251.399667949712
2537.0 251.53222391201598
2538.0 251.66484309766412
2539.0 251.79761171932788
2540.0 251.93043004155206
2541.0 252.0634353466879
2542.0 252.19654688915202
2543.0 252.32973534267194
2544.0 252.46299039895993
2545.0 252.59629594777599
2546.0 252.72969145305606
2547.0 252.86313350481606
2548.0 252.99656677544
2549.0 253.1299991163521
2550.0 253.26346762568005
2551.0 253.39703848120013
2552.0 253.53069461016003
2553.0 253.6643896412482
2554.0 253.79812940803194
2555.0 253.93188104158398
2556.0 254.06568898764795
2557.0 254.19951300686398
2558.0 254.33331951040014
2559.0 254.46717579627193
2560.0 254.601061805632
2561.0 254.7350288021919
2562.0 254.869018539136
2563.0 255.00304993479995
2564.0 255.13711447116802
2565.0 255.27119308360005
2566.0 255.40530877027194
2567.0 255.53942914502395
2568.0 255.67362982212802
2569.0 255.807908832272
2570.0 255.942276836976
2571.0 256.0766630088641
2572.0 256.211105457888
2573.0 256.3455864249119
2574.0 256.4800784452319
2575.0 256.61459790659194
2576.0 256.749226245296
2577.0 256.8838467663041
2578.0 257.0184726318079
2579.0 257.15322605307205
2580.0 257.28798720568005
2581.0 257.42283751020807
2582.0 257.5577044102399
2583.0 257.69262720668803
2584.0 257.827634903856
2585.0 257.962710571696
2586.0 258.0977659715839
2587.0 258.2328875876639
2588.0 258.3679839567999
2589.0 258.503160956992
2590.0 258.6382772813921
2591.0 258.7734266360801
2592.0 258.90854083643194
2593.0 259.043647305168
2594.0 259.1786731033759
2595.0 259.31367445140796
2596.0 259.44866710462395
2597.0 259.58364039995206
2598.0 259.7186377329441
2599.0 259.85359046929597
2600.0 259.988476521104
2601.0 260.12339676606393
2602.0 260.25829591350396
2603.0 260.39318036788796
2604.0 260.52808681646405
2605.0 260.66299168500797
2606.0 260.797882569152
2607.0 260.93277050703995
2608.0 261.06766143512
2609.0 261.202535797296
2610.0 261.3373839606239
2611.0 261.472263926608
2612.0 261.607173747536
2613.0 261.742146147904
2614.0 261.8771298526559
2615.0 262.0120932711839
2616.0 262.147067885104
2617.0 262.28201163529593
2618.0 262.41695857931205
2619.0 262.5519181195361
2620.0 262.686942007312
2621.0 262.82202523489593
2622.0 262.95710858724806
2623.0 263.09220168807997
2624.0 263.227344634112
2625.0 263.36250839048006
2626.0 263.49762273518405
2627.0 263.6327711473761
2628.0 263.767948002976
2629.0 263.903138083088
2630.0 264.03828187564807
2631.0 264.173487106576
2632.0 264.3086107090402
2633.0 264.443751511056
2634.0 264.578824490864
2635.0 264.71386639668805
2636.0 264.848867372384
2637.0 264.9838256194239
2638.0 265.1186783701279
2639.0 265.25344964788803
2640.0 265.388148281872
2641.0 265.52274059623994
2642.0 265.657309619152
2643.0 265.79184058668795
2644.0 265.9263280554721
2645.0 266.06078129643197
2646.0 266.19521140857614
2647.0 266.32959074641605
2648.0 266.46396260104
2649.0 266.5983066576159
2650.0 266.73259908811195
2651.0 266.8668443579039
2652.0 267.0010052020321
2653.0 267.135069533168
2654.0 267.26909376700786
2655.0 267.4030146928001
2656.0 267.53684387744
2657.0 267.6706416171039
2658.0 267.80442260457596
2659.0 267.93816500704
2660.0 268.07187170113605
2661.0 268.20552155904005
2662.0 268.33918561307195
2663.0 268.47287542651196
2664.0 268.60658578639993
2665.0 268.7402984179839
2666.0 268.87405515451195
2667.0 269.007818863504
2668.0 269.141560643632
2669.0 269.27527531487993
2670.0 269.408952118848
2671.0 269.5426167683039
2672.0 269.67627966124803
2673.0 269.809912863808
2674.0 269.94352039707195
2675.0 270.0770946870079
2676.0 270.21072395030416
2677.0 270.34428146596804
2678.0 270.4777802705441
2679.0 270.61122805542414
2680.0 270.74458344886403
2681.0 270.87787595568005
2682.0 271.01116797816
2683.0 271.14433406955186
2684.0 271.2774379900319
2685.0 271.410421569184
2686.0 271.54336245769593
2687.0 271.6762710212479
2688.0 271.80907466833594
2689.0 271.9418154252161
2690.0 272.0744254432161
2691.0 272.2069083257121
2692.0 272.339244558176
2693.0 272.4714285780001
2694.0 272.60354036833604
2695.0 272.735508905536
2696.0 272.8673349320479
2697.0 272.9990389732321
2698.0 273.1305682689921
2699.0 273.26197630638404
2700.0 273.3932724073761
2701.0 273.52452342958406
2702.0 273.655691834544
2703.0 273.78678341739203
2704.0 273.91774050555205
2705.0 274.0486266861441
2706.0 274.179368787408
2707.0 274.3100248184161
2708.0 274.440572797008
2709.0 274.57103123974395
2710.0 274.70131636352005
2711.0 274.8315253270721
2712.0 274.96168120700804
2713.0 275.09169713342396
2714.0 275.22162828718405
2715.0 275.35143897888
2716.0 275.48113032215986
2717.0 275.610705242016
2718.0 275.740129998448
2719.0 275.86949933822405
2720.0 275.9987437530561
2721.0 276.127854201456
2722.0 276.25687872523184
2723.0 276.3858600135361
2724.0 276.5146904461441
2725.0 276.64340081064006
2726.0 276.77204398036804
2727.0 276.90060719219196
2728.0 277.02902894854395
2729.0 277.15732939516795
2730.0 277.28557453121596
2731.0 277.41371204508795
2732.0 277.5416212056001
2733.0 277.66935873862406
2734.0 277.796967198096
2735.0 277.92443866648
2736.0 278.05178601019196
2737.0 278.17902921068804
2738.0 278.3061071365759
2739.0 278.4330040217599
2740.0 278.559733644848
2741.0 278.68623342764806
2742.0 278.8124636214559
2743.0 278.93852914038405
2744.0 279.06444307620797
2745.0 279.190153428704
2746.0 279.31576714799996
2747.0 279.441149499904
2748.0 279.56627865369614
2749.0 279.69125867168003
2750.0 279.816084751904
2751.0 279.9407185660799
2752.0 280.065217406384
2753.0 280.18952732944
2754.0 280.3136577894719
2755.0 280.4375611949599
2756.0 280.561333161024
2757.0 280.6849763512001
2758.0 280.8084751271361
2759.0 280.931777514624
2760.0 281.0548922417441
2761.0 281.177826564096
2762.0 281.3006335324959
2763.0 281.42328888363204
2764.0 281.54574931774397
2765.0 281.668046193856
2766.0 281.79012605105595
2767.0 281.9120128187839
2768.0 282.0337051897601
2769.0 282.1551628886881
2770.0 282.27645622408
2771.0 282.39756831552006
2772.0 282.5185635143839
2773.0 282.63939726318404
2774.0 282.7601027874401
2775.0 282.8806463086879
2776.0 283.001063720416
2777.0 283.12131928364795
2778.0 283.24148265318394
2779.0 283.3614383561439
2780.0 283.48121126347206
2781.0 283.600837224912
2782.0 283.72031862070406
2783.0 283.839663891248
2784.0 283.9588181268159
2785.0 284.07781907201604
2786.0 284.19660408401603
2787.0 284.31516426211203
2788.0 284.43360161280003
2789.0 284.55178733243196
2790.0 284.6697928533441
2791.0 284.78752946468796
2792.0 284.905074115504
2793.0 285.022454434592
2794.0 285.13958079545597
2795.0 285.256551780496
2796.0 285.37329902484805
2797.0 285.4899255093121
2798.0 285.60640354488004
2799.0 285.722719008528
2800.0 285.8388828038239
2801.0 285.954808154496
2802.0 286.07057813623993
2803.0 286.186067117968
2804.0 286.30141479939203
2805.0 286.4165305997441
2806.0 286.531375233472
2807.0 286.6460062657119
2808.0 286.7604832848
2809.0 286.874754290944
2810.0 286.988824386096
2811.0 287.102661474448
2812.0 287.21623860552
2813.0 287.32964447832006
2814.0 287.442796505056
2815.0 287.55582626726414
2816.0 287.6686172123681
2817.0 287.7811100118721
2818.0 287.893407539152
2819.0 288.00548460992
2820.0 288.1173886476
2821.0 288.22916618985596
2822.0 288.34080071496
2823.0 288.45221156105606
2824.0 288.56339214294394
2825.0 288.674364586528
2826.0 288.7851476073441
2827.0 288.89573253001595
2828.0 289.006114845264
2829.0 289.1162749021279
2830.0 289.2261610647679
2831.0 289.33595388236796
2832.0 289.445596317168
2833.0 289.55507761352
2834.0 289.66437008718407
2835.0 289.7735257063361
2836.0 289.88249097182404
2837.0 289.99124876809606
2838.0 290.099778092096
2839.0 290.2081791249121
2840.0 290.316442992144
2841.0 290.4244302097119
2842.0 290.53226271603194
2843.0 290.63988072792006
2844.0 290.7472343157441
2845.0 290.85440048748796
2846.0 290.96136235763197
2847.0 291.068101451776
2848.0 291.17463181289594
2849.0 291.2809319355841
2850.0 291.38704553424
2851.0 291.4929962192799
2852.0 291.598721522064
2853.0 291.70422998881594
2854.0 291.80953601817606
2855.0 291.914572614656
2856.0 292.01944023241595
2857.0 292.12410799091197
2858.0 292.22865637308803
2859.0 292.33298588815995
2860.0 292.437096589024
2861.0 292.54096394993593
2862.0 292.64461972246403
2863.0 292.74796356038394
2864.0 292.85104133155204
2865.0 292.9538262257921
2866.0 293.05640799128
2867.0 293.15870018969594
2868.0 293.2607147240959
2869.0 293.36245580284793
2870.0 293.4638816204161
2871.0 293.5651281045119
2872.0 293.666176511408
2873.0 293.766983189856
2874.0 293.867501646208
2875.0 293.96773545737597
2876.0 294.0676997897921
2877.0 294.1674700040321
2878.0 294.2670286549281
2879.0 294.36629296390413
2880.0 294.465262052256
2881.0 294.5640161671041
2882.0 294.6625290945279
2883.0 294.7607601588321
2884.0 294.8587568497439
2885.0 294.95647309391995
2886.0 295.05391188212786
2887.0 295.1509649358719
2888.0 295.24777653108794
2889.0 295.34433921433606
2890.0 295.44059706449605
2891.0 295.536503136992
2892.0 295.6321126435361
2893.0 295.72745933396794
2894.0 295.82245986763195
2895.0 295.917069256864
2896.0 296.0112951411199
2897.0 296.10516413097605
2898.0 296.19865440392
2899.0 296.2917101293118
2900.0 296.3844778916
2901.0 296.47694322558397
2902.0 296.56908689553603
2903.0 296.660933573888
2904.0 296.75250173347206
2905.0 296.84378195547185
2906.0 296.934676637216
2907.0 297.0253633128801
2908.0 297.11573641944005
2909.0 297.20584261963205
2910.0 297.2956237937439
2911.0 297.38503220764807
2912.0 297.4741479434081
2913.0 297.5630155364321
2914.0 297.6515585879359
2915.0 297.739796537984
2916.0 297.8277448104479
2917.0 297.915487953888
2918.0 298.002916336496
2919.0 298.090051560944
2920.0 298.1769101215841
2921.0 298.26353903896006
2922.0 298.349936475536
2923.0 298.43610250273605
2924.0 298.5221122055681
2925.0 298.60799438777593
2926.0 298.693612212848
2927.0 298.77887317832005
2928.0 298.8638733757761
2929.0 298.94863317195194
2930.0 299.03313963680006
2931.0 299.1173791872161
2932.0 299.201275545984
2933.0 299.2848824883201
2934.0 299.36821830614394
2935.0 299.45127989696005
2936.0 299.5341433447039
2937.0 299.6167073463361
2938.0 299.699003967968
2939.0 299.78106760848
2940.0 299.86286735316804
2941.0 299.9444371356959
2942.0 300.0257748004
2943.0 300.1069310496481
2944.0 300.18776848067193
2945.0 300.26838914844814
2946.0 300.3487823235681
2947.0 300.4289773397921
2948.0 300.50893670683206
2949.0 300.5886240415681
2950.0 300.6681283858719
2951.0 300.747411658768
2952.0 300.8264833639679
2953.0 300.90529250766406
2954.0 300.983777659632
2955.0 301.06202414742404
2956.0 301.13995880579205
2957.0 301.21763657408013
2958.0 301.29507200771195
2959.0 301.372201905216
2960.0 301.44902256809615
2961.0 301.52563988712006
2962.0 301.601952018144
2963.0 301.67796113724796
2964.0 301.7536986329439
2965.0 301.82916110748806
2966.0 301.9043659599039
2967.0 301.9793003488799
2968.0 302.05397368903994
2969.0 302.12837896771214
2970.0 302.20252258497595
2971.0 302.276363655168
2972.0 302.34993531827195
2973.0 302.4232770895519
2974.0 302.496256774224
2975.0 302.569062698272
2976.0 302.641592821632
2977.0 302.71395028750396
2978.0 302.7860549586079
2979.0 302.8578191180319
2980.0 302.929377413392
2981.0 303.0005999395999
2982.0 303.0715024044959
2983.0 303.1420844628161
2984.0 303.21246467182397
2985.0 303.282571575168
2986.0 303.35242374169604
2987.0 303.421995403008
2988.0 303.491322055344
2989.0 303.560330920352
2990.0 303.629043067168
2991.0 303.6974363453761
2992.0 303.7655145975201
2993.0 303.8332941744801
2994.0 303.90081765124796
2995.0 303.968086882736
2996.0 304.03500264526394
2997.0 304.10158099318414
2998.0 304.167889688688
2999.0 304.233887691648
3000.0 304.29957778852804
