1.0 0.09860919415921594
2.0 0.2926978128598401
3.0 0.5921314707561603
4.0 0.99828802021344
5.0 1.5114807693808003
6.0 2.1318259555359997
7.0 2.8592541414799997
8.0 3.693714399076799
9.0 4.6350985895744
10.0 5.683313041257598
11.0 6.838227244099197
12.0 8.0997644532864
13.0 9.467799890425603
14.0 10.9422420688144
15.0 12.522955733841595
16.0 14.209827464147201
17.0 16.002729363091202
18.0 17.901535800484798
19.0 19.906176430441597
20.0 22.016490351007988
21.0 24.232364799648007
22.0 26.553660868687995
23.0 28.980262509999996
24.0 31.512016012144006
25.0 34.148781080592
26.0 36.890410911824
27.0 39.73679945233601
28.0 42.68776492380799
29.0 45.74315527638398
30.0 48.902807479088
31.0 52.16658683092801
32.0 55.534328151184
33.0 59.005890913487995
34.0 62.58108548576
35.0 66.25976891529601
36.0 70.04175340260798
37.0 73.926910400544
38.0 77.91500389392002
39.0 82.00587442847998
40.0 86.19933251879999
41.0 90.49521849521598
42.0 94.89335743019201
43.0 99.39353083008002
44.0 103.995548023184
45.0 108.69923100406402
46.0 113.50439151584001
47.0 118.41082693800001
48.0 123.41832659979204
49.0 128.52664486199996
50.0 133.735616630592
51.0 139.04500781220798
52.0 144.45459531041595
53.0 149.96420918851203
54.0 155.57362737814404
55.0 161.28264367136
56.0 167.09106958091192
57.0 172.99863270852802
58.0 179.005165712848
59.0 185.11040141819203
60.0 191.31409597116803
61.0 197.61606849758408
62.0 204.016090180544
63.0 210.51390926518397
64.0 217.1092923250081
65.0 223.802053476624
66.0 230.5919452175361
67.0 237.47871655369596
68.0 244.46211462188793
69.0 251.54193612467208
70.0 258.7178814913121
71.0 265.9897058029119
72.0 273.357184931632
73.0 280.82015200075205
74.0 288.3782828750081
75.0 296.0313736384961
76.0 303.77916878144003
77.0 311.62141738680003
78.0 319.557820221056
79.0 327.5881501125922
80.0 335.7121398594719
81.0 343.9294986117759
82.0 352.23997839177605
83.0 360.64335697907205
84.0 369.1393691033919
85.0 377.72782532047984
86.0 386.40841613104
87.0 395.1808733916
88.0 404.044944922224
89.0 413.00031936951984
90.0 422.046739909648
91.0 431.18400903868803
92.0 440.4118284098561
93.0 449.72991440224007
94.0 459.137936190208
95.0 468.63566876878394
96.0 478.2229207911998
97.0 487.8993846332637
98.0 497.664740077472
99.0 507.51880346401606
100.0 517.461252294384
101.0 527.4918539853761
102.0 537.610310491488
103.0 547.8163151692
104.0 558.1097068034239
105.0 568.4901411452161
106.0 578.9573849308482
107.0 589.511188876608
108.0 600.1511924870562
109.0 610.877155259712
110.0 621.6887606020321
111.0 632.585790555776
112.0 643.5677942523519
113.0 654.634707702192
114.0 665.786197973456
115.0 677.0219594333923
116.0 688.3417218919678
117.0 699.7451248552482
118.0 711.2319173976159
119.0 722.8018488004801
120.0 734.454555949136
121.0 746.1898811380639
122.0 758.0074859931361
123.0 769.9071297556478
124.0 781.888457057872
125.0 793.9512919624322
126.0 806.0952809592318
127.0 818.3201995422079
128.0 830.6257663901445
129.0 843.0115882406884
130.0 855.4774759803364
131.0 868.0231865602082
132.0 880.6484303663358
133.0 893.3528774105602
134.0 906.1364541054241
135.0 918.9986322795681
136.0 931.9392012178239
137.0 944.957940041696
138.0 958.0546408054561
139.0 971.2288168938239
140.0 984.4802698263841
141.0 997.8088097195354
142.0 1011.2141377451683
143.0 1024.6959543389123
144.0 1038.2539223145918
145.0 1051.8878359333603
146.0 1065.5973110179525
147.0 1079.382188406832
148.0 1093.242068078112
149.0 1107.176712120288
150.0 1121.1857931253921
151.0 1135.269164992784
152.0 1149.4264615104958
153.0 1163.6574091120324
154.0 1177.9617695478555
155.0 1192.3394231264003
156.0 1206.7899219351998
157.0 1221.31290982352
158.0 1235.9081996532802
159.0 1250.57545075024
160.0 1265.314411796
161.0 1280.1248050231998
162.0 1295.0062567296
163.0 1309.9586661860797
164.0 1324.9816528017602
165.0 1340.07497626816
166.0 1355.2383945670404
167.0 1370.4714611990398
168.0 1385.7740221200002
169.0 1401.1458284798405
170.0 1416.5866335711999
171.0 1432.0961587300797
172.0 1447.67418988784
173.0 1463.3203082768005
174.0 1479.0342678681598
175.0 1494.8157722523201
176.0 1510.6646355671994
177.0 1526.5804973923205
178.0 1542.5629525
179.0 1558.6120690435196
180.0 1574.7272072776007
181.0 1590.90845876512
182.0 1607.1553994196797
183.0 1623.4678118784
184.0 1639.8453002201597
185.0 1656.2879464833597
186.0 1672.7950722319997
187.0 1689.3665338395197
188.0 1706.0020702222405
189.0 1722.7014577644804
190.0 1739.4642640967995
191.0 1756.2903815974405
192.0 1773.1796283265605
193.0 1790.1314129076804
194.0 1807.14573371376
195.0 1824.22232039136
196.0 1841.3607589124797
197.0 1858.5607834955201
198.0 1875.8221713847993
199.0 1893.1445860764798
200.0 1910.5279200619195
201.0 1927.9718076644797
202.0 1945.47587539312
203.0 1963.0401032505597
204.0 1980.664033005599
205.0 1998.3474445880001
206.0 2016.09006472784
207.0 2033.8917080191993
208.0 2051.7520919876797
209.0 2069.67075295888
210.0 2087.6477699817615
211.0 2105.6827004195193
212.0 2123.775337900481
213.0 2141.925363629599
214.0 2160.1324749118407
215.0 2178.3965689495994
216.0 2196.71727126912
217.0 2215.094561925759
218.0 2233.52769300592
219.0 2252.016912095041
220.0 2270.56149325312
221.0 2289.1614300787196
222.0 2307.8163525299196
223.0 2326.525984758399
224.0 2345.2902868255997
225.0 2364.109049136959
226.0 2382.9818062824
227.0 2401.9083938771196
228.0 2420.8885273609612
229.0 2439.9220225107206
230.0 2459.0084515392
231.0 2478.1476344180805
232.0 2497.3393711649596
233.0 2516.583156259839
234.0 2535.8786823694395
235.0 2555.2262665051194
236.0 2574.6252007947196
237.0 2594.075342297441
238.0 2613.5762473265595
239.0 2633.12782629664
240.0 2652.7297093179195
241.0 2672.3815354630397
242.0 2692.083312643039
243.0 2711.834637867039
244.0 2731.6353388951993
245.0 2751.4851849846395
246.0 2771.3840641041597
247.0 2791.33146826496
248.0 2811.32749347568
249.0 2831.3712913912
250.0 2851.462790202881
251.0 2871.602110874079
252.0 2891.788247928001
253.0 2912.0214995555198
254.0 2932.3012680811207
255.0 2952.62777050752
256.0 2973.0005552291204
257.0 2993.4190794286396
258.0 3013.883386019521
259.0 3034.3928832193606
260.0 3054.9476439468795
261.0 3075.5473169969605
262.0 3096.1915478913616
263.0 3116.8801734361596
264.0 3137.61307100944
265.0 3158.3898711668803
266.0 3179.2103917739196
267.0 3200.0744420531205
268.0 3220.9816909392002
269.0 3241.9318797696
270.0 3262.92472346896
271.0 3283.9601224123207
272.0 3305.03780263568
273.0 3326.157358081121
274.0 3347.3185707836797
275.0 3368.521470363841
276.0 3389.765471416961
277.0 3411.050567298401
278.0 3432.3763741519992
279.0 3453.742945401761
280.0 3475.1498009265583
281.0 3496.5964084302386
282.0 3518.083049705599
283.0 3539.60924157712
284.0 3561.1747303032
285.0 3582.7794498860794
286.0 3604.4228933670383
287.0 3626.104758335999
288.0 3647.8250833432007
289.0 3669.5835880064005
290.0 3691.379594582881
291.0 3713.2132391305604
292.0 3735.084233398881
293.0 3756.992231480959
294.0 3778.937137051361
295.0 3800.9185540513618
296.0 3822.9361613145606
297.0 3844.990127114562
298.0 3867.080002480799
299.0 3889.205426823838
300.0 3911.3664848990397
301.0 3933.5623324425615
302.0 3955.7932910374393
303.0 3978.0590740033576
304.0 4000.3589486075216
305.0 4022.6932653067183
306.0 4045.061570865279
307.0 4067.463342565279
308.0 4089.8984798057595
309.0 4112.366830131201
310.0 4134.868612367039
311.0 4157.40291755936
312.0 4179.969804482719
313.0 4202.56897724976
314.0 4225.200137382399
315.0 4247.8631503694405
316.0 4270.55787218272
317.0 4293.28350535392
318.0 4316.040169057602
319.0 4338.827549375519
320.0 4361.645582068962
321.0 4384.494202370721
322.0 4407.372694320159
323.0 4430.281354124483
324.0 4453.21961259168
325.0 4476.187231765279
326.0 4499.18462499584
327.0 4522.21037452288
328.0 4545.26523315968
329.0 4568.348527384964
330.0 4591.46043539472
331.0 4614.6001703907195
332.0 4637.767677054881
333.0 4660.963052984322
334.0 4684.185306701602
335.0 4707.43433658896
336.0 4730.710863019681
337.0 4754.013591831838
338.0 4777.34315672656
339.0 4800.698519210559
340.0 4824.08013131888
341.0 4847.48781988128
342.0 4870.92060962448
343.0 4894.37953447456
344.0 4917.86283399776
345.0 4941.371857736321
346.0 4964.904933132
347.0 4988.46276370992
348.0 5012.045013918878
349.0 5035.651449613761
350.0 5059.281254242401
351.0 5082.9350099700805
352.0 5106.612065477761
353.0 5130.31219703936
354.0 5154.035436232799
355.0 5177.781317323681
356.0 5201.549692662878
357.0 5225.34051003936
358.0 5249.152935659359
359.0 5272.987396164801
360.0 5296.843188689918
361.0 5320.72040041088
362.0 5344.618643679998
363.0 5368.538045568801
364.0 5392.47754554944
365.0 5416.437644792961
366.0 5440.41751130576
367.0 5464.417017874241
368.0 5488.436322699359
369.0 5512.47507352496
370.0 5536.53324673136
371.0 5560.6095895248
372.0 5584.705016794561
373.0 5608.8188652871995
374.0 5632.950804443359
375.0 5657.100952811199
376.0 5681.268863725599
377.0 5705.454217958881
378.0 5729.65648020352
379.0 5753.875958542241
380.0 5778.1121957182395
381.0 5802.36517202576
382.0 5826.634461216478
383.0 5850.919373449281
384.0 5875.220606284796
385.0 5899.537137294881
386.0 5923.869426031839
387.0 5948.2170541104015
388.0 5972.5797762454395
389.0 5996.9571875088
390.0 6021.348958600959
391.0 6045.7551597132815
392.0 6070.175470471681
393.0 6094.609700511201
394.0 6119.057578335838
395.0 6143.518770589599
396.0 6167.99317454112
397.0 6192.480111077441
398.0 6216.980026560643
399.0 6241.492094845762
400.0 6266.016883727678
401.0 6290.5537352528
402.0 6315.102111143679
403.0 6339.662442857601
404.0 6364.234142918561
405.0 6388.817671891842
406.0 6413.411718049921
407.0 6438.016977096639
408.0 6462.633068668001
409.0 6487.259185303203
410.0 6511.8955674385625
411.0 6536.542710025601
412.0 6561.1994181993605
413.0 6585.86608206944
414.0 6610.54241044336
415.0 6635.228117702561
416.0 6659.9234405432
417.0 6684.6272370286415
418.0 6709.340081402397
419.0 6734.061647649598
420.0 6758.791389015039
421.0 6783.529487227361
422.0 6808.275087058721
423.0 6833.027895084961
424.0 6857.78874910464
425.0 6882.556650109918
426.0 6907.3316480652775
427.0 6932.1138092448
428.0 6956.901954012322
429.0 6981.697369565123
430.0 7006.49889870272
431.0 7031.30693390208
432.0 7056.120168495198
433.0 7080.939642847521
434.0 7105.764201170879
435.0 7130.593968387363
436.0 7155.42878494576
437.0 7180.268463026399
438.0 7205.112606237762
439.0 7229.96092722912
440.0 7254.813666534559
441.0 7279.670113522241
442.0 7304.530559606239
443.0 7329.394820101763
444.0 7354.262452696639
445.0 7379.133352541759
446.0 7404.00776451008
447.0 7428.885119806879
448.0 7453.76484644112
449.0 7478.647104560482
450.0 7503.53169399232
451.0 7528.418780581121
452.0 7553.307765736159
453.0 7578.198502998083
454.0 7603.090890804963
455.0 7627.98500018848
456.0 7652.880425700801
457.0 7677.776648218397
458.0 7702.674325853919
459.0 7727.572545303844
460.0 7752.47126303456
461.0 7777.370863734078
462.0 7802.269868425121
463.0 7827.169764803839
464.0 7852.068844096963
465.0 7876.967895587841
466.0 7901.866497873122
467.0 7926.76476750672
468.0 7951.661990464799
469.0 7976.557884305277
470.0 8001.453078512158
471.0 8026.346306610399
472.0 8051.237555407837
473.0 8076.127101411199
474.0 8101.014876847519
475.0 8125.900252601922
476.0 8150.78239194208
477.0 8175.662512811841
478.0 8200.53935601488
479.0 8225.413333035838
480.0 8250.283539199361
481.0 8275.14992077136
482.0 8300.012423388
483.0 8324.87116062384
484.0 8349.72539825232
485.0 8374.575535194399
486.0 8399.4203526088
487.0 8424.260793603999
488.0 8449.095889770722
489.0 8473.92579319936
490.0 8498.7508694624
491.0 8523.570046903205
492.0 8548.383429166079
493.0 8573.190850069443
494.0 8597.99224790608
495.0 8622.78720601072
496.0 8647.57500651936
497.0 8672.356521101758
498.0 8697.131037576477
499.0 8721.898575602081
500.0 8746.658727278244
501.0 8771.411650061602
502.0 8796.157612740959
503.0 8820.895408744316
504.0 8845.6252987976
505.0 8870.347312251519
506.0 8895.060591376961
507.0 8919.765336032158
508.0 8944.462459178558
509.0 8969.149723860479
510.0 8993.82870816144
511.0 9018.498948639039
512.0 9043.159130696957
513.0 9067.810931670403
514.0 9092.451852168797
515.0 9117.08397501632
516.0 9141.705486062727
517.0 9166.317515534076
518.0 9190.919056496798
519.0 9215.509839840164
520.0 9240.089869460318
521.0 9264.65902403952
522.0 9289.217185751517
523.0 9313.7638918912
524.0 9338.29935457008
525.0 9362.822703219681
526.0 9387.334017079362
527.0 9411.833161404478
528.0 9436.319862987679
529.0 9460.794266798559
530.0 9485.2555079264
531.0 9509.7037844696
532.0 9534.13914199152
533.0 9558.560955765117
534.0 9582.968797110083
535.0 9607.36363074672
536.0 9631.743862896317
537.0 9656.109744289119
538.0 9680.460401478402
539.0 9704.797361232324
540.0 9729.120084285758
541.0 9753.427887616319
542.0 9777.720566305123
543.0 9801.998342658557
544.0 9826.261045540961
545.0 9850.50811753888
546.0 9874.740026518883
547.0 9898.9561644992
548.0 9923.156306579996
549.0 9947.339985614239
550.0 9971.50750113392
551.0 9995.658771050399
552.0 10019.792952056154
553.0 10043.910465050405
554.0 10068.011151291354
555.0 10092.094738193122
556.0 10116.160827658077
557.0 10140.209847562239
558.0 10164.241114973762
559.0 10188.254547415518
560.0 10212.250207654393
561.0 10236.228028346084
562.0 10260.187572285922
563.0 10284.128830035517
564.0 10308.0514151896
565.0 10331.955417168798
566.0 10355.840396738242
567.0 10379.70639682416
568.0 10403.553552607676
569.0 10427.381185262402
570.0 10451.189096471682
571.0 10474.977319364956
572.0 10498.745560992158
573.0 10522.493920962883
574.0 10546.222328446567
575.0 10569.929806715361
576.0 10593.616615919358
577.0 10617.282418206563
578.0 10640.9271638768
579.0 10664.550737068163
580.0 10688.152777818246
581.0 10711.7337372352
582.0 10735.293053417441
583.0 10758.830784805119
584.0 10782.346794400799
585.0 10805.84104903504
586.0 10829.313143587362
587.0 10852.763255864162
588.0 10876.190856419518
589.0 10899.59561459504
590.0 10922.978013013446
591.0 10946.337912528801
592.0 10969.674219689285
593.0 10992.987627091998
594.0 11016.27774194256
595.0 11039.544579646878
596.0 11062.787408174878
597.0 11086.007098539045
598.0 11109.202242319203
599.0 11132.373637990557
600.0 11155.5213652504
601.0 11178.644708102081
602.0 11201.743620880483
603.0 11224.81828386784
604.0 11247.867367550401
605.0 11270.89174751392
606.0 11293.890913497282
607.0 11316.86411291968
608.0 11339.811930034875
609.0 11362.733886700637
610.0 11385.63025172128
611.0 11408.499988785283
612.0 11431.34293495008
613.0 11454.159935984004
614.0 11476.950030670241
615.0 11499.712644497919
616.0 11522.449226486398
617.0 11545.157721756477
618.0 11567.838912565923
619.0 11590.492535220803
620.0 11613.118740083359
621.0 11635.716279721444
622.0 11658.28621271264
623.0 11680.827610305114
624.0 11703.339947617602
625.0 11725.823936601922
626.0 11748.279052423997
627.0 11770.705159280478
628.0 11793.102809890395
629.0 11815.470459386397
630.0 11837.809400329608
631.0 11860.118666678882
632.0 11882.398390915683
633.0 11904.647834847518
634.0 11926.868291513918
635.0 11949.057868821277
636.0 11971.217165050399
637.0 11993.3458455496
638.0 12015.444398344
639.0 12037.511782659352
640.0 12059.548956718074
641.0 12081.554991182722
642.0 12103.530142099684
643.0 12125.474119535684
644.0 12147.386716506879
645.0 12169.268158274563
646.0 12191.11797644592
647.0 12212.936058998881
648.0 12234.72242307872
649.0 12256.4761425808
650.0 12278.197977665597
651.0 12299.88708987984
652.0 12321.543983276642
653.0 12343.168307215998
654.0 12364.760047797276
655.0 12386.31884716816
656.0 12407.844668906722
657.0 12429.3384724072
658.0 12450.79745228736
659.0 12472.223022840155
660.0 12493.615678327043
661.0 12514.974004716474
662.0 12536.29818435008
663.0 12557.587980306886
664.0 12578.843393517756
665.0 12600.065642829602
666.0 12621.25307081504
667.0 12642.405285494722
668.0 12663.523960162242
669.0 12684.607319004801
670.0 12705.655723325923
671.0 12726.669013810246
672.0 12747.64650534112
673.0 12768.588746936808
674.0 12789.496002131043
675.0 12810.367700433275
676.0 12831.203065651516
677.0 12852.003300162562
678.0 12872.76780345184
679.0 12893.496160183675
680.0 12914.188445156802
681.0 12934.844609434724
682.0 12955.46435938256
683.0 12976.0468592288
684.0 12996.593400977443
685.0 13017.102755622718
686.0 13037.575668258238
687.0 13058.011958639841
688.0 13078.409518244
689.0 13098.771416948479
690.0 13119.09571341344
691.0 13139.38224268496
692.0 13159.630351035517
693.0 13179.841991397281
694.0 13200.015180888327
695.0 13220.150870332476
696.0 13240.248370158079
697.0 13260.307378055837
698.0 13280.32960141616
699.0 13300.313669157124
700.0 13320.258774906402
701.0 13340.166437454714
702.0 13360.036250148321
703.0 13379.868417369918
704.0 13399.6615439392
705.0 13419.416777154556
706.0 13439.133364032634
707.0 13458.811614461922
708.0 13478.451155467363
709.0 13498.050763697765
710.0 13517.611702362236
711.0 13537.1334342
712.0 13556.616203816966
713.0 13576.05942188752
714.0 13595.46286511936
715.0 13614.826552741602
716.0 13634.149646951042
717.0 13653.433391403512
718.0 13672.676641447839
719.0 13691.880801004318
720.0 13711.044702194558
721.0 13730.16905219424
722.0 13749.25328138448
723.0 13768.29740878832
724.0 13787.300732666718
725.0 13806.263861587362
726.0 13825.186744403676
727.0 13844.068509642082
728.0 13862.909895087683
729.0 13881.711257646399
730.0 13900.471457788002
731.0 13919.190679810086
732.0 13937.870387316798
733.0 13956.509684734236
734.0 13975.107588160967
735.0 13993.665232966567
736.0 14012.182455568322
737.0 14030.657797536478
738.0 14049.092043651044
739.0 14067.485762307359
740.0 14085.8380511888
741.0 14104.148943529124
742.0 14122.41889296576
743.0 14140.646805712802
744.0 14158.83365060079
745.0 14176.978633832801
746.0 14195.082644697759
747.0 14213.144634960481
748.0 14231.164634137118
749.0 14249.142947181283
750.0 14267.07897867696
751.0 14284.973055728478
752.0 14302.825700954243
753.0 14320.635180602887
754.0 14338.403296857117
755.0 14356.129035520484
756.0 14373.813256494881
757.0 14391.454789419517
758.0 14409.054268537919
759.0 14426.611570109435
760.0 14444.127049081766
761.0 14461.600369399679
762.0 14479.032012975682
763.0 14496.421022022085
764.0 14513.76804288288
765.0 14531.073783773758
766.0 14548.337688535205
767.0 14565.558037593597
768.0 14582.736952043202
769.0 14599.873487158238
770.0 14616.968021065122
771.0 14634.020421258563
772.0 14651.030647154083
773.0 14667.998655924795
774.0 14684.925395813445
775.0 14701.809268938081
776.0 14718.651143452324
777.0 14735.451277573127
778.0 14752.207644627688
779.0 14768.92317169408
780.0 14785.596015714724
781.0 14802.226388190078
782.0 14818.814881464481
783.0 14835.36077494048
784.0 14851.864341385755
785.0 14868.32544767248
786.0 14884.743497261758
787.0 14901.11923890544
788.0 14917.452685819351
789.0 14933.743129169117
790.0 14949.99147316624
791.0 14966.19799175712
792.0 14982.360706482554
793.0 14998.481260408476
794.0 15014.559221159678
795.0 15030.595311541756
796.0 15046.587743904636
797.0 15062.537724172322
798.0 15078.444892039042
799.0 15094.310496922719
800.0 15110.133035493918
801.0 15125.91444643504
802.0 15141.652169936002
803.0 15157.348509217443
804.0 15173.002497079997
805.0 15188.614122946712
806.0 15204.18215551264
807.0 15219.70759818944
808.0 15235.191808892163
809.0 15250.632315360324
810.0 15266.031721854079
811.0 15281.388262573124
812.0 15296.702765890883
813.0 15311.975387860799
814.0 15327.206738199518
815.0 15342.395810500642
816.0 15357.542632333596
817.0 15372.647466397113
818.0 15387.710098831201
819.0 15402.731211159358
820.0 15417.711061922566
821.0 15432.647988868799
822.0 15447.5442753416
823.0 15462.398606526727
824.0 15477.211665803043
825.0 15491.982260711844
826.0 15506.712281198566
827.0 15521.400576878726
828.0 15536.046659411357
829.0 15550.651170251043
830.0 15565.21413642656
831.0 15579.734748526238
832.0 15594.215176503523
833.0 15608.65239370304
834.0 15623.049109381283
835.0 15637.4032467384
836.0 15651.71745934479
837.0 15665.989702966714
838.0 15680.220430984156
839.0 15694.410004187352
840.0 15708.557745968963
841.0 15722.663873353758
842.0 15736.73032220304
843.0 15750.754236330238
844.0 15764.737580758407
845.0 15778.67967958192
846.0 15792.58143685648
847.0 15806.441188386718
848.0 15820.260638888474
849.0 15834.03946805888
850.0 15847.777450139842
851.0 15861.474564443677
852.0 15875.131721854399
853.0 15888.748323390246
854.0 15902.325503575998
855.0 15915.861205775203
856.0 15929.357358413918
857.0 15942.813581224163
858.0 15956.2298755568
859.0 15969.6080598608
860.0 15982.945121651845
861.0 15996.243436159526
862.0 16009.501323324317
863.0 16022.720359291687
864.0 16035.899023320797
865.0 16049.037868736003
866.0 16062.138628767367
867.0 16075.198644314398
868.0 16088.219748625916
869.0 16101.2018863824
870.0 16114.144433445117
871.0 16127.048356609284
872.0 16139.912892541757
873.0 16152.73832808144
874.0 16165.524218220631
875.0 16178.270673884157
876.0 16190.978135442554
877.0 16203.64658312577
878.0 16216.275052621602
879.0 16228.865092315205
880.0 16241.415975649123
881.0 16253.927952375201
882.0 16266.401504501442
883.0 16278.835827229597
884.0 16291.23142938448
885.0 16303.588330722723
886.0 16315.90721954304
887.0 16328.187442407681
888.0 16340.42925216992
889.0 16352.632730018246
890.0 16364.798581002397
891.0 16376.926252547366
892.0 16389.01568203184
893.0 16401.066969687676
894.0 16413.081414207838
895.0 16425.058503321437
896.0 16436.99656702608
897.0 16448.899477799994
898.0 16460.763509939843
899.0 16472.589328423033
900.0 16484.37812940288
901.0 16496.130132865444
902.0 16507.844449810407
903.0 16519.522756316637
904.0 16531.163000225275
905.0 16542.767215420325
906.0 16554.333983562876
907.0 16565.865195243838
908.0 16577.3584658872
909.0 16588.81688652208
910.0 16600.238686436795
911.0 16611.624006713446
912.0 16622.972800114563
913.0 16634.285964316008
914.0 16645.56329290048
915.0 16656.80326968832
916.0 16668.007527447044
917.0 16679.175753723357
918.0 16690.308472507524
919.0 16701.40504411728
920.0 16712.4660973088
921.0 16723.49045120176
922.0 16734.47954355648
923.0 16745.43395498065
924.0 16756.35155478801
925.0 16767.234533674564
926.0 16778.082328764
927.0 16788.895437040643
928.0 16799.672139347676
929.0 16810.414237501598
930.0 16821.120760302238
931.0 16831.792471905916
932.0 16842.43069163617
933.0 16853.03361387025
934.0 16863.602033925126
935.0 16874.135837903043
936.0 16884.63445348656
937.0 16895.10080868815
938.0 16905.53214004032
939.0 16915.92881906608
940.0 16926.291645589597
941.0 16936.620790173445
942.0 16946.91569067504
943.0 16957.176159836643
944.0 16967.4036743624
945.0 16977.596715495845
946.0 16987.75656484384
947.0 16997.8822639088
948.0 17007.97375985344
949.0 17018.032559177434
950.0 17028.056992531358
951.0 17038.048142831198
952.0 17048.00398114656
953.0 17057.927555116643
954.0 17067.817768721765
955.0 17077.674688179042
956.0 17087.498394751517
957.0 17097.28925968464
958.0 17107.045601485763
959.0 17116.771535072803
960.0 17126.462551607525
961.0 17136.12133333024
962.0 17145.748110415203
963.0 17155.340729318723
964.0 17164.9015801336
965.0 17174.430157467832
966.0 17183.925318937436
967.0 17193.388693618883
968.0 17202.81955792224
969.0 17212.21870792831
970.0 17221.585190111684
971.0 17230.91892824928
972.0 17240.22244556048
973.0 17249.49312879408
974.0 17258.73197550447
975.0 17267.9392769864
976.0 17277.11473762864
977.0 17286.259201544635
978.0 17295.372440686566
979.0 17304.454869648165
980.0 17313.505816672645
981.0 17322.52683934784
982.0 17331.51642817616
983.0 17340.47444252688
984.0 17349.40231255536
985.0 17358.30007799696
986.0 17367.167175317438
987.0 17376.003813222072
988.0 17384.8109379624
989.0 17393.58775730848
990.0 17402.33383144576
991.0 17411.05080385216
992.0 17419.73651210848
993.0 17428.393244948158
994.0 17437.018782392955
995.0 17445.615811133765
996.0 17454.182462016324
997.0 17462.72018588319
998.0 17471.22701629872
999.0 17479.7064207944
1000.0 17488.15497266096
1001.0 17496.5750859024
1002.0 17504.966200111994
1003.0 17513.326249988153
1004.0 17521.659140739685
1005.0 17529.962152754884
1006.0 17538.23662033776
1007.0 17546.481845839364
1008.0 17554.698996838248
1009.0 17562.887277615206
1010.0 17571.047341586884
1011.0 17579.177718941122
1012.0 17587.28003679391
1013.0 17595.35352578112
1014.0 17603.399493681765
1015.0 17611.416046299837
1016.0 17619.40574691505
1017.0 17627.365516149926
1018.0 17635.298104883677
1019.0 17643.201140537603
1020.0 17651.076569276007
1021.0 17658.92618391424
1022.0 17666.7470010808
1023.0 17674.540728364955
1024.0 17682.307010551995
1025.0 17690.04510600336
1026.0 17697.756884394552
1027.0 17705.440032450555
1028.0 17713.09728407041
1029.0 17720.726580952483
1030.0 17728.3296184056
1031.0 17735.90512772688
1032.0 17743.454132849118
1033.0 17750.975240070875
1034.0 17758.469095205917
1035.0 17765.93550455024
1036.0 17773.376684546238
1037.0 17780.79133925424
1038.0 17788.17936217472
1039.0 17795.54131309424
1040.0 17802.875914584474
1041.0 17810.18609797072
1042.0 17817.470285302716
1043.0 17824.729218579843
1044.0 17831.962801521604
1045.0 17839.170281445113
1046.0 17846.353160087205
1047.0 17853.509475174087
1048.0 17860.641689127675
1049.0 17867.748673011203
1050.0 17874.830324234084
1051.0 17881.887407756472
1052.0 17888.918240277762
1053.0 17895.924968277286
1054.0 17902.90724351984
1055.0 17909.864358125116
1056.0 17916.797047389446
1057.0 17923.703738864795
1058.0 17930.58548005936
1059.0 17937.442656556483
1060.0 17944.275759414402
1061.0 17951.083605513446
1062.0 17957.86758369296
1063.0 17964.625184299515
1064.0 17971.360227338722
1065.0 17978.070025888166
1066.0 17984.75635817904
1067.0 17991.415813905605
1068.0 17998.053346941113
1069.0 18004.66575905168
1070.0 18011.254940586245
1071.0 18017.82030518576
1072.0 18024.362589678076
1073.0 18030.88170700976
1074.0 18037.37650976272
1075.0 18043.8480061728
1076.0 18050.29658745616
1077.0 18056.721734716477
1078.0 18063.1231958304
1079.0 18069.502118825123
1080.0 18075.85754837728
1081.0 18082.189842360316
1082.0 18088.499327752805
1083.0 18094.785461913118
1084.0 18101.049164553755
1085.0 18107.28977744816
1086.0 18113.508552319203
1087.0 18119.703477525763
1088.0 18125.877139415366
1089.0 18132.026532147996
1090.0 18138.153910399364
1091.0 18144.258832347365
1092.0 18150.34251696816
1093.0 18156.402337164316
1094.0 18162.441428957438
1095.0 18168.459253067518
1096.0 18174.454664021596
1097.0 18180.429074692314
1098.0 18186.380697892964
1099.0 18192.312307583365
1100.0 18198.222733942086
1101.0 18204.11146685857
1102.0 18209.979523932656
1103.0 18215.8261030408
1104.0 18221.651706791687
1105.0 18227.457106498245
1106.0 18233.241706584482
1107.0 18239.00562461296
1108.0 18244.748747261758
1109.0 18250.471463037917
1110.0 18256.172864420634
1111.0 18261.853696731512
1112.0 18267.5138514864
1113.0 18273.154223662237
1114.0 18278.774266228313
1115.0 18284.37325926769
1116.0 18289.95174003776
1117.0 18295.51114802832
1118.0 18301.05065334256
1119.0 18306.569973058875
1120.0 18312.068910138718
1121.0 18317.548209084634
1122.0 18323.008312306232
1123.0 18328.44871576032
1124.0 18333.86807084656
1125.0 18339.269472633918
1126.0 18344.6506396632
1127.0 18350.012700382074
1128.0 18355.356582187207
1129.0 18360.679284133435
1130.0 18365.98505391648
1131.0 18371.271206385758
1132.0 18376.538513943044
1133.0 18381.787213925123
1134.0 18387.017255015682
1135.0 18392.228423267843
1136.0 18397.421078786883
1137.0 18402.5955305088
1138.0 18407.750856715997
1139.0 18412.887698082082
1140.0 18418.00601427201
1141.0 18423.106033462565
1142.0 18428.18836698864
1143.0 18433.253184512632
1144.0 18438.298857252805
1145.0 18443.327180427357
1146.0 18448.33790141216
1147.0 18453.331400022398
1148.0 18458.30506513072
1149.0 18463.261798023996
1150.0 18468.199752534398
1151.0 18473.120721220155
1152.0 18478.02401296689
1153.0 18482.90871457599
1154.0 18487.77548817296
1155.0 18492.625215245604
1156.0 18497.458009712806
1157.0 18502.27232338736
1158.0 18507.070106022566
1159.0 18511.850718713602
1160.0 18516.61277434751
1161.0 18521.359471763204
1162.0 18526.08798715248
1163.0 18530.799714404315
1164.0 18535.494931162404
1165.0 18540.172821748325
1166.0 18544.835482208488
1167.0 18549.479724289435
1168.0 18554.10755323472
1169.0 18558.719423747843
1170.0 18563.314885052165
1171.0 18567.893249287044
1172.0 18572.455900847515
1173.0 18577.002646887842
1174.0 18581.533542112964
1175.0 18586.046349325923
1176.0 18590.544557135687
1177.0 18595.0253084872
1178.0 18599.489997431996
1179.0 18603.93868984239
1180.0 18608.370988678882
1181.0 18612.787640671675
1182.0 18617.188232519355
1183.0 18621.573280178087
1184.0 18625.942035596003
1185.0 18630.29557191999
1186.0 18634.63364254944
1187.0 18638.955672399676
1188.0 18643.263913584007
1189.0 18647.556625137444
1190.0 18651.83422149344
1191.0 18656.09781625392
1192.0 18660.34511441376
1193.0 18664.57865670128
1194.0 18668.796805178077
1195.0 18673.001021284483
1196.0 18677.18968363696
1197.0 18681.363798430557
1198.0 18685.525033983668
1199.0 18689.67116803856
1200.0 18693.802891763196
1201.0 18697.92018407872
1202.0 18702.024173766567
1203.0 18706.114358605915
1204.0 18710.190920846402
1205.0 18714.252475679365
1206.0 18718.300308625592
1207.0 18722.33515395184
1208.0 18726.35742414609
1209.0 18730.3663561168
1210.0 18734.362073624157
1211.0 18738.343773572957
1212.0 18742.313385510875
1213.0 18746.26888098801
1214.0 18750.2101034448
1215.0 18754.13949229696
1216.0 18758.054848361608
1217.0 18761.958028299356
1218.0 18765.8480027912
1219.0 18769.72459693552
1220.0 18773.58841247808
1221.0 18777.44081908305
1222.0 18781.280485155203
1223.0 18785.108585698723
1224.0 18788.924783968323
1225.0 18792.72928187472
1226.0 18796.521979236797
1227.0 18800.302310315037
1228.0 18804.070893976
1229.0 18807.828874528805
1230.0 18811.574919718245
1231.0 18815.309415635358
1232.0 18819.032009459843
1233.0 18822.743292041927
1234.0 18826.44486675936
1235.0 18830.13406985104
1236.0 18833.81344102575
1237.0 18837.481776919674
1238.0 18841.139758882404
1239.0 18844.7869408712
1240.0 18848.42268255328
1241.0 18852.0477706936
1242.0 18855.662363770243
1243.0 18859.265703491044
1244.0 18862.857573027366
1245.0 18866.438536693116
1246.0 18870.009405277604
1247.0 18873.569734126395
1248.0 18877.11943662401
1249.0 18880.658660885598
1250.0 18884.188369885604
1251.0 18887.707004767526
1252.0 18891.2162721032
1253.0 18894.715358604324
1254.0 18898.20379956079
1255.0 18901.683357188478
1256.0 18905.153454274237
1257.0 18908.614397157442
1258.0 18912.065639199678
1259.0 18915.508182331996
1260.0 18918.939518102394
1261.0 18922.361528104957
1262.0 18925.774524781118
1263.0 18929.179095093925
1264.0 18932.5732674592
1265.0 18935.95973845376
1266.0 18939.337852281114
1267.0 18942.70772985952
1268.0 18946.068130608
1269.0 18949.420508906882
1270.0 18952.764596766236
1271.0 18956.099887649605
1272.0 18959.42525354672
1273.0 18962.74286316256
1274.0 18966.051492822557
1275.0 18969.351788402884
1276.0 18972.643065132
1277.0 18975.925231119036
1278.0 18979.198778915517
1279.0 18982.464859548963
1280.0 18985.72330786512
1281.0 18988.9723015448
1282.0 18992.212925844324
1283.0 18995.44552784896
1284.0 18998.668926432147
1285.0 19001.885107009446
1286.0 19005.09250586431
1287.0 19008.291237932317
1288.0 19011.481831080957
1289.0 19014.663379439196
1290.0 19017.8388783992
1291.0 19021.005755098562
1292.0 19024.164338353443
1293.0 19027.31487495712
1294.0 19030.456964256802
1295.0 19033.59079420928
1296.0 19036.718307679203
1297.0 19039.836274740483
1298.0 19042.948333495526
1299.0 19046.051645836324
1300.0 19049.148970782237
1301.0 19052.238047643204
1302.0 19055.318557979197
1303.0 19058.39159660944
1304.0 19061.457566422883
1305.0 19064.51502655088
1306.0 19067.566000582723
1307.0 19070.609200899038
1308.0 19073.64619230256
1309.0 19076.67479535248
1310.0 19079.696106904474
1311.0 19082.71095307233
1312.0 19085.7176745072
1313.0 19088.719383297608
1314.0 19091.71286238767
1315.0 19094.699315021287
1316.0 19097.678829540477
1317.0 19100.651788835683
1318.0 19103.61900522944
1319.0 19106.579018559998
1320.0 19109.531861758234
1321.0 19112.479852213437
1322.0 19115.419331405767
1323.0 19118.353230477762
1324.0 19121.2813131504
1325.0 19124.201945073113
1326.0 19127.117296079523
1327.0 19130.0261444432
1328.0 19132.9290338904
1329.0 19135.825888312003
1330.0 19138.717016225113
1331.0 19141.602574243043
1332.0 19144.48117538544
1333.0 19147.355033556956
1334.0 19150.223319731842
1335.0 19153.085194891995
1336.0 19155.94156668416
1337.0 19158.791268806886
1338.0 19161.63714947904
1339.0 19164.477780451845
1340.0 19167.31231672064
1341.0 19170.14157825552
1342.0 19172.965716323677
1343.0 19175.78552052688
1344.0 19178.598995592467
1345.0 19181.40807755407
1346.0 19184.212162679996
1347.0 19187.01290343375
1348.0 19189.807053300483
1349.0 19192.59742422656
1350.0 19195.38291358864
1351.0 19198.163266068965
1352.0 19200.938836045756
1353.0 19203.710217632964
1354.0 19206.47581356128
1355.0 19209.237902920948
1356.0 19211.995691884644
1357.0 19214.7497609496
1358.0 19217.498779499827
1359.0 19220.243597521767
1360.0 19222.98286958224
1361.0 19225.71884876016
1362.0 19228.44972123088
1363.0 19231.176597658243
1364.0 19233.90057123551
1365.0 19236.619024838885
1366.0 19239.333803749436
1367.0 19242.04513212128
1368.0 19244.754274789444
1369.0 19247.45820245152
1370.0 19250.1601045112
1371.0 19252.857611585776
1372.0 19255.552596247682
1373.0 19258.242853706084
1374.0 19260.93091687136
1375.0 19263.61370096128
1376.0 19266.2935567736
1377.0 19268.9701346416
1378.0 19271.64354972257
1379.0 19274.313411873114
1380.0 19276.979965644477
1381.0 19279.643221544007
1382.0 19282.303486002078
1383.0 19284.96003916127
1384.0 19287.615346764163
1385.0 19290.267925208955
1386.0 19292.91681597745
1387.0 19295.562434179672
1388.0 19298.205531321917
1389.0 19300.84664386289
1390.0 19303.483877439674
1391.0 19306.11990762944
1392.0 19308.75132315728
1393.0 19311.380973458876
1394.0 19314.008594687206
1395.0 19316.633439459045
1396.0 19319.255715464013
1397.0 19321.87654124
1398.0 19324.49520061505
1399.0 19327.1101286304
1400.0 19329.722744871517
1401.0 19332.33347716368
1402.0 19334.94183864832
1403.0 19337.548120999032
1404.0 19340.152927322244
1405.0 19342.755794932476
1406.0 19345.356521248963
1407.0 19347.956038111362
1408.0 19350.55320336736
1409.0 19353.149038633448
1410.0 19355.743748313438
1411.0 19358.336056554395
1412.0 19360.927623009597
1413.0 19363.517709826567
1414.0 19366.10543125584
1415.0 19368.691682577126
1416.0 19371.276264324006
1417.0 19373.85884130271
1418.0 19376.440425005283
1419.0 19379.020619165116
1420.0 19381.59819796416
1421.0 19384.17427174448
1422.0 19386.746425441605
1423.0 19389.318975648963
1424.0 19391.8885117976
1425.0 19394.456297635676
1426.0 19397.022797978232
1427.0 19399.588335384156
1428.0 19402.152699980485
1429.0 19404.716106207034
1430.0 19407.278547276313
1431.0 19409.840069712
1432.0 19412.401197475683
1433.0 19414.960765178075
1434.0 19417.520613887682
1435.0 19420.080168484965
1436.0 19422.63851653584
1437.0 19425.197012046247
1438.0 19427.75401091728
1439.0 19430.311142667673
1440.0 19432.868674011992
1441.0 19435.424892194238
1442.0 19437.981757296162
1443.0 19440.537999222397
1444.0 19443.094298471828
1445.0 19445.652695811517
1446.0 19448.209786443836
1447.0 19450.767532321763
1448.0 19453.3243700216
1449.0 19455.881032507994
1450.0 19458.43877773168
1451.0 19460.99623658896
1452.0 19463.553967024804
1453.0 19466.111123329763
1454.0 19468.669258671198
1455.0 19471.228455896162
1456.0 19473.78782564192
1457.0 19476.347620448647
1458.0 19478.908573045926
1459.0 19481.469820781433
1460.0 19484.031723061762
1461.0 19486.594573329283
1462.0 19489.158941470876
1463.0 19491.724905516
1464.0 19494.29353448192
1465.0 19496.86275557024
1466.0 19499.434636018243
1467.0 19502.008402942076
1468.0 19504.583869218877
1469.0 19507.160294584322
1470.0 19509.738949666727
1471.0 19512.31993687824
1472.0 19514.901945660167
1473.0 19517.48789484865
1474.0 19520.07431159664
1475.0 19522.664807270565
1476.0 19525.257144947365
1477.0 19527.85148693504
1478.0 19530.448562388156
1479.0 19533.04908564112
1480.0 19535.65183541137
1481.0 19538.25689479312
1482.0 19540.864563208164
1483.0 19543.474114214718
1484.0 19546.08560990847
1485.0 19548.70039171616
1486.0 19551.316644758077
1487.0 19553.93796538272
1488.0 19556.56096125888
1489.0 19559.18670106608
1490.0 19561.816221170557
1491.0 19564.447803844312
1492.0 19567.08318218944
1493.0 19569.720780824475
1494.0 19572.361392042403
1495.0 19575.005776071368
1496.0 19577.652637732164
1497.0 19580.30306070127
1498.0 19582.95591822512
1499.0 19585.612365210887
1500.0 19588.271892790082
1501.0 19590.935132073275
1502.0 19593.601583234882
1503.0 19596.271209979684
1504.0 19598.94552077008
1505.0 19601.622394872797
1506.0 19604.30391611439
1507.0 19606.990552022082
1508.0 19609.680994673115
1509.0 19612.374976451516
1510.0 19615.073430244956
1511.0 19617.776048671047
1512.0 19620.482529834884
1513.0 19623.193151262712
1514.0 19625.907530799355
1515.0 19628.626190491363
1516.0 19631.34749239392
1517.0 19634.074723600806
1518.0 19636.80465774687
1519.0 19639.5381398416
1520.0 19642.27590076817
1521.0 19645.016294604156
1522.0 19647.76013937952
1523.0 19650.5076193216
1524.0 19653.258023991842
1525.0 19656.014519557277
1526.0 19658.773713922725
1527.0 19661.53617041472
1528.0 19664.30406534127
1529.0 19667.0761228632
1530.0 19669.851776657753
1531.0 19672.632183351678
1532.0 19675.417186127997
1533.0 19678.205314964638
1534.0 19681.000155575217
1535.0 19683.799242293608
1536.0 19686.60394625392
1537.0 19689.412052650878
1538.0 19692.22490125632
1539.0 19695.043847094566
1540.0 19697.866870359994
1541.0 19700.69504299664
1542.0 19703.527528160805
1543.0 19706.365200582248
1544.0 19709.207980639032
1545.0 19712.05411879696
1546.0 19714.90434100961
1547.0 19717.75848338048
1548.0 19720.61787911024
1549.0 19723.481147976643
1550.0 19726.35109975616
1551.0 19729.224743989915
1552.0 19732.103868998234
1553.0 19734.988121130715
1554.0 19737.87620694737
1555.0 19740.77072305616
1556.0 19743.670200183842
1557.0 19746.572658900957
1558.0 19749.480459929597
1559.0 19752.393591826556
1560.0 19755.311138613113
1561.0 19758.233619043203
1562.0 19761.160830914236
1563.0 19764.093597567047
1564.0 19767.031223024
1565.0 19769.972976878245
1566.0 19772.919028567518
1567.0 19775.870581051207
1568.0 19778.825680310558
1569.0 19781.78553591457
1570.0 19784.749879086554
1571.0 19787.719062776963
1572.0 19790.693964908645
1573.0 19793.674086128318
1574.0 19796.65935103457
1575.0 19799.650858626566
1576.0 19802.647251289753
1577.0 19805.65015840064
1578.0 19808.657292130396
1579.0 19811.671433064643
1580.0 19814.69048635808
1581.0 19817.715153750403
1582.0 19820.744763962408
1583.0 19823.778495059676
1584.0 19826.819188456477
1585.0 19829.8638708688
1586.0 19832.91468261536
1587.0 19835.970855223517
1588.0 19839.032520123517
1589.0 19842.098987434565
1590.0 19845.172129896157
1591.0 19848.25026582319
1592.0 19851.33298990928
1593.0 19854.421706793444
1594.0 19857.51521298608
1595.0 19860.61407856657
1596.0 19863.71841633888
1597.0 19866.827932130876
1598.0 19869.943729365445
1599.0 19873.06504484977
1600.0 19876.191118478404
1601.0 19879.322993968635
1602.0 19882.459507050873
1603.0 19885.60170167728
1604.0 19888.749111031364
1605.0 19891.90240779696
1606.0 19895.060624705933
1607.0 19898.22495132463
1608.0 19901.39395494368
1609.0 19904.56977041935
1610.0 19907.751070228154
1611.0 19910.937336091516
1612.0 19914.130264454718
1613.0 19917.328298271037
1614.0 19920.53123696833
1615.0 19923.740481554392
1616.0 19926.955847441124
1617.0 19930.175725079996
1618.0 19933.401899583685
1619.0 19936.632938060327
1620.0 19939.868459842874
1621.0 19943.11052815472
1622.0 19946.357350903676
1623.0 19949.61030051791
1624.0 19952.86750018735
1625.0 19956.130244521275
1626.0 19959.396874452003
1627.0 19962.670043522718
1628.0 19965.94777185488
1629.0 19969.229974773123
1630.0 19972.51845913424
1631.0 19975.810736905598
1632.0 19979.110539864963
1633.0 19982.414975542877
1634.0 19985.72578612703
1635.0 19989.041960729755
1636.0 19992.36365999231
1637.0 19995.691404722405
1638.0 19999.02361239792
1639.0 20002.36228886
1640.0 20005.707251889122
1641.0 20009.05700810319
1642.0 20012.41349238689
1643.0 20015.776113127526
1644.0 20019.144995467526
1645.0 20022.51997658
1646.0 20025.900539857284
1647.0 20029.2881517304
1648.0 20032.681584322567
1649.0 20036.080858887202
1650.0 20039.48709659936
1651.0 20042.897865302082
1652.0 20046.316363251033
1653.0 20049.739942320804
1654.0 20053.1713754216
1655.0 20056.60855702239
1656.0 20060.05231876144
1657.0 20063.50221996976
1658.0 20066.958284184802
1659.0 20070.419785623682
1660.0 20073.888560024796
1661.0 20077.363836421766
1662.0 20080.845399202553
1663.0 20084.3329547936
1664.0 20087.82719892161
1665.0 20091.327379272967
1666.0 20094.833652228
1667.0 20098.34526515647
1668.0 20101.86204512225
1669.0 20105.38531515376
1670.0 20108.9138272496
1671.0 20112.447861626875
1672.0 20115.98749411408
1673.0 20119.53233132192
1674.0 20123.08283712384
1675.0 20126.639423719997
1676.0 20130.203057124647
1677.0 20133.771792385603
1678.0 20137.348087746406
1679.0 20140.929742093915
1680.0 20144.518430794247
1681.0 20148.11424535599
1682.0 20151.715830946403
1683.0 20155.324078391197
1684.0 20158.93957046704
1685.0 20162.561672688644
1686.0 20166.188420005594
1687.0 20169.822625210883
1688.0 20173.46396744928
1689.0 20177.109875683673
1690.0 20180.76277546368
1691.0 20184.423393591525
1692.0 20188.08987412768
1693.0 20191.761756671513
1694.0 20195.440285366247
1695.0 20199.126275227994
1696.0 20202.8180375616
1697.0 20206.51605167808
1698.0 20210.221617697924
1699.0 20213.93350552784
1700.0 20217.651761171997
1701.0 20221.377786992965
1702.0 20225.11016895632
1703.0 20228.850613873758
1704.0 20232.59806523777
1705.0 20236.35241020592
1706.0 20240.113741803685
1707.0 20243.881984331194
1708.0 20247.656813368958
1709.0 20251.43997454016
1710.0 20255.22948616304
1711.0 20259.025067599672
1712.0 20262.82943551761
1713.0 20266.640802311835
1714.0 20270.458470060643
1715.0 20274.28409893504
1716.0 20278.117116661604
1717.0 20281.955871753926
1718.0 20285.802322157113
1719.0 20289.65625296848
1720.0 20293.516403227997
1721.0 20297.383929658557
1722.0 20301.26037663711
1723.0 20305.14228494159
1724.0 20309.03311369072
1725.0 20312.929898470717
1726.0 20316.83209423168
1727.0 20320.743496163363
1728.0 20324.660930329752
1729.0 20328.58649759343
1730.0 20332.518895913276
1731.0 20336.45936403664
1732.0 20340.407228129112
1733.0 20344.36370685824
1734.0 20348.328341339362
1735.0 20352.300024040956
1736.0 20356.28014011407
1737.0 20360.268697367355
1738.0 20364.264144721605
1739.0 20368.266815310875
1740.0 20372.2772295896
1741.0 20376.29718203168
1742.0 20380.323128517928
1743.0 20384.35782390544
1744.0 20388.401090316947
1745.0 20392.45208949168
1746.0 20396.511567669273
1747.0 20400.57752738208
1748.0 20404.6534333808
1749.0 20408.73718035039
1750.0 20412.83119944529
1751.0 20416.9334072816
1752.0 20421.0441178272
1753.0 20425.163786979196
1754.0 20429.290986313597
1755.0 20433.426980258566
1756.0 20437.572487641606
1757.0 20441.726856062716
1758.0 20445.889537658244
1759.0 20450.061973574404
1760.0 20454.24463853408
1761.0 20458.436424100473
1762.0 20462.637204189923
1763.0 20466.848752350397
1764.0 20471.06961446688
1765.0 20475.299913762396
1766.0 20479.539067942715
1767.0 20483.787532934082
1768.0 20488.045018864963
1769.0 20492.311423304956
1770.0 20496.587313836
1771.0 20500.872863394725
1772.0 20505.168940574404
1773.0 20509.4734224384
1774.0 20513.789460314725
1775.0 20518.11461365968
1776.0 20522.450013580154
1777.0 20526.794928905438
1778.0 20531.14922055201
1779.0 20535.513977325758
1780.0 20539.888598129277
1781.0 20544.27316411648
1782.0 20548.6671197912
1783.0 20553.07205592512
1784.0 20557.48596824048
1785.0 20561.910429029587
1786.0 20566.3457976912
1787.0 20570.792064058718
1788.0 20575.249583392953
1789.0 20579.716360973922
1790.0 20584.192965158567
1791.0 20588.68037132432
1792.0 20593.17747476689
1793.0 20597.685396315523
1794.0 20602.20318027712
1795.0 20606.731326221114
1796.0 20611.26965311936
1797.0 20615.819576140326
1798.0 20620.380454537917
1799.0 20624.95238045312
1800.0 20629.53475064768
1801.0 20634.12690551872
1802.0 20638.732453645596
1803.0 20643.347888308468
1804.0 20647.97442406128
1805.0 20652.611664308482
1806.0 20657.261006548008
1807.0 20661.9212381352
1808.0 20666.591622845277
1809.0 20671.274049896485
1810.0 20675.967791246883
1811.0 20680.672386167036
1812.0 20685.388548727366
1813.0 20690.11512088
1814.0 20694.853797265598
1815.0 20699.603091298395
1816.0 20704.366053977596
1817.0 20709.13913074368
1818.0 20713.923412624164
1819.0 20718.71835883808
1820.0 20723.525474281272
1821.0 20728.34416661328
1822.0 20733.17423444832
1823.0 20738.017836762552
1824.0 20742.871188413923
1825.0 20747.737897428637
1826.0 20752.616601728307
1827.0 20757.50611705424
1828.0 20762.406900531838
1829.0 20767.321043134398
1830.0 20772.246558608633
1831.0 20777.18515200384
1832.0 20782.136247752638
1833.0 20787.09995761761
1834.0 20792.0762407128
1835.0 20797.06587625136
1836.0 20802.068522273916
1837.0 20807.08334488656
1838.0 20812.111683882402
1839.0 20817.152532679364
1840.0 20822.205693468797
1841.0 20827.27106691744
1842.0 20832.35055291488
1843.0 20837.442956189923
1844.0 20842.548173168638
1845.0 20847.665560665442
1846.0 20852.79611944384
1847.0 20857.93889449088
1848.0 20863.095650748168
1849.0 20868.26574482496
1850.0 20873.450206011043
1851.0 20878.647017873594
1852.0 20883.85737213535
1853.0 20889.080457245916
1854.0 20894.316332315044
1855.0 20899.565214325277
1856.0 20904.828136787844
1857.0 20910.103130417596
1858.0 20915.39200730991
1859.0 20920.693793345923
1860.0 20926.007721815196
1861.0 20931.33516281873
1862.0 20936.67506329232
1863.0 20942.027754601924
1864.0 20947.393439338393
1865.0 20952.77189219345
1866.0 20958.163343504166
1867.0 20963.5666526744
1868.0 20968.98484815761
1869.0 20974.414535135995
1870.0 20979.857324946723
1871.0 20985.31339416352
1872.0 20990.78254914
1873.0 20996.265499749446
1874.0 21001.759598502547
1875.0 21007.267925269924
1876.0 21012.78874479152
1877.0 21018.323672447666
1878.0 21023.872178534883
1879.0 21029.4344737344
1880.0 21035.010006516804
1881.0 21040.599806870086
1882.0 21046.20320528113
1883.0 21051.820749777118
1884.0 21057.45195459216
1885.0 21063.096786358077
1886.0 21068.7547424696
1887.0 21074.427710743526
1888.0 21080.111503383047
1889.0 21085.81156592624
1890.0 21091.523027582083
1891.0 21097.247149822717
1892.0 21102.985301705914
1893.0 21108.737723290556
1894.0 21114.501921512157
1895.0 21120.279842309603
1896.0 21126.07272929088
1897.0 21131.878465319038
1898.0 21137.69856600671
1899.0 21143.531681274242
1900.0 21149.377763190558
1901.0 21155.238679347833
1902.0 21161.113091779684
1903.0 21167.00064498704
1904.0 21172.90271012032
1905.0 21178.81830571968
1906.0 21184.74714779488
1907.0 21190.68924774383
1908.0 21196.644703132482
1909.0 21202.613021928806
1910.0 21208.595407469762
1911.0 21214.59009368944
1912.0 21220.597176037914
1913.0 21226.617247911992
1914.0 21232.65041362879
1915.0 21238.69753883681
1916.0 21244.758397753278
1917.0 21250.832160678878
1918.0 21256.91793314304
1919.0 21263.018142772482
1920.0 21269.131180854885
1921.0 21275.25574452192
1922.0 21281.393410981927
1923.0 21287.545564446547
1924.0 21293.71038742928
1925.0 21299.888424540008
1926.0 21306.078641060973
1927.0 21312.281061181442
1928.0 21318.496391960798
1929.0 21324.72448814672
1930.0 21330.9660877528
1931.0 21337.21858756351
1932.0 21343.48478252944
1933.0 21349.763482228802
1934.0 21356.05474130896
1935.0 21362.358822564805
1936.0 21368.67415172304
1937.0 21375.00241915087
1938.0 21381.34272472833
1939.0 21387.69518697136
1940.0 21394.058609877917
1941.0 21400.434021020475
1942.0 21406.823359637434
1943.0 21413.221651035674
1944.0 21419.63222310304
1945.0 21426.05538776448
1946.0 21432.48897478592
1947.0 21438.93585653089
1948.0 21445.39485440896
1949.0 21451.864475903836
1950.0 21458.347011495363
1951.0 21464.841043504006
1952.0 21471.348560371367
1953.0 21477.867861617277
1954.0 21484.398432709924
1955.0 21490.941926175197
1956.0 21497.497117399842
1957.0 21504.06254867504
1958.0 21510.64099411568
1959.0 21517.23036300512
1960.0 21523.83093490944
1961.0 21530.443834514233
1962.0 21537.067650100955
1963.0 21543.7019494544
1964.0 21550.349532606237
1965.0 21557.008640810403
1966.0 21563.678099495202
1967.0 21570.35951514176
1968.0 21577.053061293445
1969.0 21583.756684899046
1970.0 21590.473204302234
1971.0 21597.200675907836
1972.0 21603.938973358403
1973.0 21610.68808839727
1974.0 21617.447636103352
1975.0 21624.217907525603
1976.0 21630.99934311698
1977.0 21637.79155597119
1978.0 21644.59494637696
1979.0 21651.409091423513
1980.0 21658.23370488063
1981.0 21665.06914286992
1982.0 21671.91755259952
1983.0 21678.775375698875
1984.0 21685.64458741488
1985.0 21692.52505529968
1986.0 21699.41670220624
1987.0 21706.319236243842
1988.0 21713.231602420485
1989.0 21720.1557959728
1990.0 21727.09129604752
1991.0 21734.03683941856
1992.0 21740.99327579505
1993.0 21747.96055687216
1994.0 21754.939087285435
1995.0 21761.929409756318
1996.0 21768.9296682744
1997.0 21775.94163272608
1998.0 21782.963652787355
1999.0 21789.997729019997
2000.0 21797.042565958567
2001.0 21804.09670201792
2002.0 21811.162612233114
2003.0 21818.23802345936
2004.0 21825.323940149447
2005.0 21832.420767762575
2006.0 21839.527348467363
2007.0 21846.64478329775
2008.0 21853.773260448797
2009.0 21860.910942344643
2010.0 21868.059504722718
2011.0 21875.218378720478
2012.0 21882.388098976156
2013.0 21889.568654714712
2014.0 21896.758965286077
2015.0 21903.959139546398
2016.0 21911.17016261984
2017.0 21918.39119354257
2018.0 21925.622868347364
2019.0 21932.864748462238
2020.0 21940.115979975675
2021.0 21947.379187161605
2022.0 21954.651947474245
2023.0 21961.936643404802
2024.0 21969.231639302558
2025.0 21976.537277035513
2026.0 21983.853974034086
2027.0 21991.179882918077
2028.0 21998.516943929764
2029.0 22005.863972294886
2030.0 22013.2227696704
2031.0 22020.591491337767
2032.0 22027.970448922082
2033.0 22035.35989974321
2034.0 22042.7619213416
2035.0 22050.17486528976
2036.0 22057.598855094868
2037.0 22065.033087447202
2038.0 22072.47897848911
2039.0 22079.934488977924
2040.0 22087.40300133055
2041.0 22094.88152985504
2042.0 22102.3722770944
2043.0 22109.8742108104
2044.0 22117.38598196576
2045.0 22124.90937190048
2046.0 22132.443473417123
2047.0 22139.98862074112
2048.0 22147.546312560968
2049.0 22155.11336797344
2050.0 22162.69249314737
2051.0 22170.28223986816
2052.0 22177.885509106716
2053.0 22185.498718815514
2054.0 22193.123450913772
2055.0 22200.759916453128
2056.0 22208.40696130577
2057.0 22216.066392177447
2058.0 22223.736578731834
2059.0 22231.418064152334
2060.0 22239.111437564643
2061.0 22246.814576591038
2062.0 22254.52979443968
2063.0 22262.25603272576
2064.0 22269.994647379513
2065.0 22277.74345556207
2066.0 22285.503852599046
2067.0 22293.27620387263
2068.0 22301.05897239536
2069.0 22308.85428757792
2070.0 22316.659593768483
2071.0 22324.47778610528
2072.0 22332.30569790992
2073.0 22340.14651119503
2074.0 22347.99810237601
2075.0 22355.860666190238
2076.0 22363.73608474688
2077.0 22371.622465611523
2078.0 22379.51771372159
2079.0 22387.42602401536
2080.0 22395.344842646566
2081.0 22403.274905972954
2082.0 22411.216775504
2083.0 22419.17005590161
2084.0 22427.13403876256
2085.0 22435.110171462235
2086.0 22443.09671266337
2087.0 22451.09487873584
2088.0 22459.104664132807
2089.0 22467.12478693537
2090.0 22475.15562905952
2091.0 22483.198893191213
2092.0 22491.252795763838
2093.0 22499.316704882556
2094.0 22507.391508397926
2095.0 22515.477268190407
2096.0 22523.571757828315
2097.0 22531.678019841598
2098.0 22539.794154869924
2099.0 22547.920716690733
2100.0 22556.057296570718
2101.0 22564.203070286232
2102.0 22572.35950356193
2103.0 22580.524651444004
2104.0 22588.699759350246
2105.0 22596.88463549184
2106.0 22605.079084867037
2107.0 22613.2837921696
2108.0 22621.49673139504
2109.0 22629.71966043905
2110.0 22637.9533321872
2111.0 22646.196043124313
2112.0 22654.44834135775
2113.0 22662.709810751523
2114.0 22670.97983221984
2115.0 22679.25922586241
2116.0 22687.548461998078
2117.0 22695.845258662404
2118.0 22704.15303016336
2119.0 22712.4685315448
2120.0 22720.793488929932
2121.0 22729.127024370882
2122.0 22737.470895935683
2123.0 22745.823107359836
2124.0 22754.1851812336
2125.0 22762.556488731043
2126.0 22770.93621015504
2127.0 22779.32530510672
2128.0 22787.722972332005
2129.0 22796.129334632165
2130.0 22804.545507683357
2131.0 22812.97022777504
2132.0 22821.405035235362
2133.0 22829.8485474024
2134.0 22838.30110701808
2135.0 22846.76259206479
2136.0 22855.232524699364
2137.0 22863.711756708642
2138.0 22872.198982689286
2139.0 22880.695971761284
2140.0 22889.201535214233
2141.0 22897.716522210234
2142.0 22906.240337762563
2143.0 22914.772920264957
2144.0 22923.31418589407
2145.0 22931.862783418885
2146.0 22940.42010600192
2147.0 22948.984911242394
2148.0 22957.557790687846
2149.0 22966.139717429927
2150.0 22974.729095534884
2151.0 22983.32709908497
2152.0 22991.931646284003
2153.0 23000.545229382238
2154.0 23009.167191084944
2155.0 23017.7957516624
2156.0 23026.433475972
2157.0 23035.079518696002
2158.0 23043.73304651568
2159.0 23052.396372575844
2160.0 23061.06657431904
2161.0 23069.745950356155
2162.0 23078.432751256307
2163.0 23087.128463545276
2164.0 23095.8310222272
2165.0 23104.543391763676
2166.0 23113.261955143207
2167.0 23121.98957612431
2168.0 23130.72526273487
2169.0 23139.468394834566
2170.0 23148.21827247536
2171.0 23156.976411058706
2172.0 23165.742115606718
2173.0 23174.516060479036
2174.0 23183.298739008
2175.0 23192.087701662233
2176.0 23200.884716332475
2177.0 23209.688535652807
2178.0 23218.499624654723
2179.0 23227.318769676487
2180.0 23236.143809688
2181.0 23244.976045592794
2182.0 23253.814187298245
2183.0 23262.65887950609
2184.0 23271.50939556352
2185.0 23280.366644941118
2186.0 23289.230197942095
2187.0 23298.098351292
2188.0 23306.974895772488
2189.0 23315.8554552456
2190.0 23324.74207112224
2191.0 23333.6345811656
2192.0 23342.53359637153
2193.0 23351.43628869808
2194.0 23360.346326397135
2195.0 23369.260796399347
2196.0 23378.18094705217
2197.0 23387.107641101775
2198.0 23396.039834008807
2199.0 23404.977701373606
2200.0 23413.9202824864
2201.0 23422.867200918725
2202.0 23431.819086933592
2203.0 23440.77679999456
2204.0 23449.73934521121
2205.0 23458.706006557753
2206.0 23467.675968733434
2207.0 23476.652019226727
2208.0 23485.631389016962
2209.0 23494.616369222553
2210.0 23503.605418080646
2211.0 23512.60037896879
2212.0 23521.600393255365
2213.0 23530.605911728
2214.0 23539.617422167834
2215.0 23548.635640250235
2216.0 23557.658377065913
2217.0 23566.687034154078
2218.0 23575.720214735044
2219.0 23584.75687800961
2220.0 23593.79903656416
2221.0 23602.848106248966
2222.0 23611.90085745328
2223.0 23620.958022357438
2224.0 23630.021030598564
2225.0 23639.088912185915
2226.0 23648.162022437922
2227.0 23657.239273609597
2228.0 23666.32116434433
2229.0 23675.408280298398
2230.0 23684.500561515368
2231.0 23693.598258305276
2232.0 23702.700586620474
2233.0 23711.80866403503
2234.0 23720.920519597603
2235.0 23730.03964097712
2236.0 23739.163236536162
2237.0 23748.291935981128
2238.0 23757.42369381407
2239.0 23766.55993920864
2240.0 23775.700878760006
2241.0 23784.844983373438
2242.0 23793.99373933665
2243.0 23803.14778924768
2244.0 23812.30742667857
2245.0 23821.471209226074
2246.0 23830.639295939844
2247.0 23839.8124415824
2248.0 23848.989104007043
2249.0 23858.170993140473
2250.0 23867.356162178883
2251.0 23876.544731254715
2252.0 23885.73991702417
2253.0 23894.93791513744
2254.0 23904.14097046719
2255.0 23913.348277016
2256.0 23922.559200419193
2257.0 23931.77442615056
2258.0 23940.995910765592
2259.0 23950.22115250209
2260.0 23959.44983805024
2261.0 23968.682688825596
2262.0 23977.919616140793
2263.0 23987.16032025711
2264.0 23996.40694288655
2265.0 24005.65510706688
2266.0 24014.908044235355
2267.0 24024.16545390368
2268.0 24033.426094539835
2269.0 24042.691747321438
2270.0 24051.960917105276
2271.0 24061.23275134496
2272.0 24070.509568669768
2273.0 24079.78899797632
2274.0 24089.073594637768
2275.0 24098.36078570305
2276.0 24107.650199452488
2277.0 24116.94435290064
2278.0 24126.24059712384
2279.0 24135.54087153616
2280.0 24144.844910099368
2281.0 24154.15233442608
2282.0 24163.462703128964
2283.0 24172.77583542431
2284.0 24182.09360980943
2285.0 24191.41507446303
2286.0 24200.73878220785
2287.0 24210.06543413792
2288.0 24219.39500001136
2289.0 24228.727621008973
2290.0 24238.06448538832
2291.0 24247.404234484322
2292.0 24256.74618683441
2293.0 24266.092269068784
2294.0 24275.438918559037
2295.0 24284.792426144635
2296.0 24294.1480790976
2297.0 24303.506903751677
2298.0 24312.870290602725
2299.0 24322.236616042246
2300.0 24331.6078479672
2301.0 24340.98137661728
2302.0 24350.358952282233
2303.0 24359.740758370885
2304.0 24369.1247415576
2305.0 24378.513748524474
2306.0 24387.904851347685
2307.0 24397.300114150406
2308.0 24406.69770416225
2309.0 24416.099705506553
2310.0 24425.504888717922
2311.0 24434.91245030672
2312.0 24444.322173803837
2313.0 24453.735519554728
2314.0 24463.149421726725
2315.0 24472.566807121115
2316.0 24481.986510929288
2317.0 24491.409941675367
2318.0 24500.8352483384
2319.0 24510.262427215355
2320.0 24519.691984552806
2321.0 24529.12299597408
2322.0 24538.556541820806
2323.0 24547.99222662352
2324.0 24557.43019256256
2325.0 24566.870904543193
2326.0 24576.314451714246
2327.0 24585.763450902876
2328.0 24595.21492524224
2329.0 24604.66811229472
2330.0 24614.128676190077
2331.0 24623.58991061601
2332.0 24633.055138761447
2333.0 24642.524492893914
2334.0 24651.996011300627
2335.0 24661.472804419675
2336.0 24670.953019406403
2337.0 24680.43679563376
2338.0 24689.92502862144
2339.0 24699.417215481262
2340.0 24708.913161363842
2341.0 24718.41309992416
2342.0 24727.917359282237
2343.0 24737.425356224638
2344.0 24746.93419145264
2345.0 24756.44734907231
2346.0 24765.963162934884
2347.0 24775.484252787206
2348.0 24785.006564949115
2349.0 24794.532678515352
2350.0 24804.06471100561
2351.0 24813.59912938768
2352.0 24823.137673597277
2353.0 24832.67742795953
2354.0 24842.22202688527
2355.0 24851.7679014712
2356.0 24861.316578814243
2357.0 24870.867971533597
2358.0 24880.422770432957
2359.0 24889.98041746016
2360.0 24899.539741862565
2361.0 24909.103607228644
2362.0 24918.669567478228
2363.0 24928.238240224648
2364.0 24937.811292344482
2365.0 24947.386889960322
2366.0 24956.964249635188
2367.0 24966.547338330238
2368.0 24976.131771344633
2369.0 24985.720489530395
2370.0 24995.312347330728
2371.0 25004.908978660802
2372.0 25014.509350166878
2373.0 25024.112791229447
2374.0 25033.722270745755
2375.0 25043.334950214397
2376.0 25052.950933699525
2377.0 25062.571471419356
2378.0 25072.194151504642
2379.0 25081.820885031535
2380.0 25091.450918394232
2381.0 25101.084795431037
2382.0 25110.72156387584
2383.0 25120.360214701286
2384.0 25130.00175682736
2385.0 25139.646387218083
2386.0 25149.294017287204
2387.0 25158.945797957764
2388.0 25168.599211290875
2389.0 25178.255119076643
2390.0 25187.913709105123
2391.0 25197.57442220145
2392.0 25207.240015878884
2393.0 25216.907789031688
2394.0 25226.57863704209
2395.0 25236.253059145914
2396.0 25245.93065308304
2397.0 25255.61037042545
2398.0 25265.293331925117
2399.0 25274.979145496953
2400.0 25284.668641444463
2401.0 25294.360519988804
2402.0 25304.055025994407
2403.0 25313.754247460314
2404.0 25323.4575832968
2405.0 25333.16268352207
2406.0 25342.871759628626
2407.0 25352.58409907056
2408.0 25362.30041410111
2409.0 25372.020358103364
2410.0 25381.74277677727
2411.0 25391.469429473935
2412.0 25401.198049000166
2413.0 25410.930453131034
2414.0 25420.665097167213
2415.0 25430.4023122048
2416.0 25440.142773972966
2417.0 25449.884970758234
2418.0 25459.631187784
2419.0 25469.379405922245
2420.0 25479.130330330878
2421.0 25488.88447832129
2422.0 25498.64215345935
2423.0 25508.402490955836
2424.0 25518.166164148155
2425.0 25527.932129456643
2426.0 25537.701957718877
2427.0 25547.473350647044
2428.0 25557.249189939685
2429.0 25567.026504688798
2430.0 25576.80663045184
2431.0 25586.590395497926
2432.0 25596.37760710112
2433.0 25606.167180195196
2434.0 25615.961710823358
2435.0 25625.76024071232
2436.0 25635.56251344368
2437.0 25645.368217870404
2438.0 25655.178574312326
2439.0 25664.992561740175
2440.0 25674.81082482288
2441.0 25684.632168251523
2442.0 25694.458105914244
2443.0 25704.287779295042
2444.0 25714.119838315055
2445.0 25723.95810530241
2446.0 25733.80042528527
2447.0 25743.645929599523
2448.0 25753.495915885615
2449.0 25763.34894040801
2450.0 25773.205505154707
2451.0 25783.066551611362
2452.0 25792.931984969127
2453.0 25802.801267754727
2454.0 25812.673768939516
2455.0 25822.54924267375
2456.0 25832.430830364632
2457.0 25842.31574562927
2458.0 25852.206580614402
2459.0 25862.100095960468
2460.0 25871.997279718886
2461.0 25881.89973377744
2462.0 25891.805673533432
2463.0 25901.71611724719
2464.0 25911.630670917282
2465.0 25921.549047252636
2466.0 25931.47055758433
2467.0 25941.395597662246
2468.0 25951.325363157754
2469.0 25961.258278512483
2470.0 25971.195342126077
2471.0 25981.133830884803
2472.0 25991.07728239807
2473.0 26001.023991147194
2474.0 26010.97400694512
2475.0 26020.92909438495
2476.0 26030.88597525919
2477.0 26040.845785876485
2478.0 26050.81073040912
2479.0 26060.77887468463
2480.0 26070.751816056643
2481.0 26080.729714601923
2482.0 26090.710958928008
2483.0 26100.695955615847
2484.0 26110.68394971136
2485.0 26120.676437277285
2486.0 26130.673390347034
2487.0 26140.673077575197
2488.0 26150.676205151685
2489.0 26160.6818935856
2490.0 26170.692639093275
2491.0 26180.7049477232
2492.0 26190.72027398785
2493.0 26200.74180499647
2494.0 26210.76522381072
2495.0 26220.79264118817
2496.0 26230.822205616794
2497.0 26240.855937066233
2498.0 26250.891367711523
2499.0 26260.930289042404
2500.0 26270.97178899265
2501.0 26281.01710939904
2502.0 26291.06796387792
2503.0 26301.119413530872
2504.0 26311.175744719843
2505.0 26321.234829661116
2506.0 26331.295344882394
2507.0 26341.35912809007
2508.0 26351.42381439855
2509.0 26361.491914593276
2510.0 26371.5644394056
2511.0 26381.638525278075
2512.0 26391.714322294392
2513.0 26401.792513609114
2514.0 26411.87238641152
2515.0 26421.953745104478
2516.0 26432.036903100794
2517.0 26442.123332410072
2518.0 26452.21210147616
2519.0 26462.304569854237
2520.0 26472.397847819364
2521.0 26482.495443120326
2522.0 26492.596097376634
2523.0 26502.698567720487
2524.0 26512.804072482242
2525.0 26522.909126845596
2526.0 26533.01941072928
2527.0 26543.131303527036
2528.0 26553.243321973277
2529.0 26563.35809329281
2530.0 26573.473383709428
2531.0 26583.589862366724
2532.0 26593.70756776639
2533.0 26603.82713783775
2534.0 26613.94907830704
2535.0 26624.072713882233
2536.0 26634.197294833273
2537.0 26644.324832586553
2538.0 26654.45302341904
2539.0 26664.58287146
2540.0 26674.713866790233
2541.0 26684.84612613439
2542.0 26694.977537396167
2543.0 26705.110346355836
2544.0 26715.24328511696
2545.0 26725.37763904001
2546.0 26735.51130406335
2547.0 26745.64607426225
2548.0 26755.780683502402
2549.0 26765.917167094893
2550.0 26776.052649485122
2551.0 26786.187941616477
2552.0 26796.3235933576
2553.0 26806.459283432945
2554.0 26816.594313689922
2555.0 26826.728825338407
2556.0 26836.86257986928
2557.0 26846.99903085152
2558.0 26857.13291182016
2559.0 26867.266954746243
2560.0 26877.401498030074
2561.0 26887.535883863507
2562.0 26897.670557925925
2563.0 26907.80376018479
2564.0 26917.936296848162
2565.0 26928.067677514882
2566.0 26938.19943861313
2567.0 26948.33021285678
2568.0 26958.460306665766
2569.0 26968.589277713436
2570.0 26978.71913421344
2571.0 26988.845873206235
2572.0 26998.974616073443
2573.0 27009.10071364704
2574.0 27019.228835443027
2575.0 27029.354448863836
2576.0 27039.480605367677
2577.0 27049.604871231517
2578.0 27059.728199792
2579.0 27069.84909794992
2580.0 27079.969252978724
2581.0 27090.08720399345
2582.0 27100.204189175194
2583.0 27110.31806246208
2584.0 27120.43203437024
2585.0 27130.54282498944
2586.0 27140.652881372476
2587.0 27150.759626339197
2588.0 27160.864482185436
2589.0 27170.966559256973
2590.0 27181.06595993105
2591.0 27191.164709986886
2592.0 27201.25965145215
2593.0 27211.352350850393
2594.0 27221.44280643056
2595.0 27231.530320778245
2596.0 27241.614580521127
2597.0 27251.695222201604
2598.0 27261.77228159184
2599.0 27271.847445581116
2600.0 27281.920449637273
2601.0 27291.989640779524
2602.0 27302.05472764864
2603.0 27312.119975071848
2604.0 27322.180459930725
2605.0 27332.23769755377
2606.0 27342.293618602882
2607.0 27352.346214791363
2608.0 27362.394654038886
2609.0 27372.4400857832
2610.0 27382.482411591685
2611.0 27392.52136043489
2612.0 27402.55512870705
2613.0 27412.584934386734
2614.0 27422.61006379152
2615.0 27432.630498041915
2616.0 27442.648975982233
2617.0 27452.66339636784
2618.0 27462.672999234877
2619.0 27472.681830842874
2620.0 27482.685611404486
2621.0 27492.68467696273
2622.0 27502.681341662712
2623.0 27512.67336006288
2624.0 27522.66185075025
2625.0 27532.64680347648
2626.0 27542.62683260849
2627.0 27552.605478146073
2628.0 27562.57977773025
2629.0 27572.551895939356
2630.0 27582.518361236966
2631.0 27592.481856364146
2632.0 27602.441603507024
2633.0 27612.39864920976
2634.0 27622.352187203516
2635.0 27632.3007556624
2636.0 27642.24437915296
2637.0 27652.186450018886
2638.0 27662.1239395904
2639.0 27672.057492216794
2640.0 27681.98720898064
2641.0 27691.911561174238
2642.0 27701.831745851516
2643.0 27711.74699710384
2644.0 27721.655267294555
2645.0 27731.56053171056
2646.0 27741.45971902337
2647.0 27751.353735004308
2648.0 27761.24262133712
2649.0 27771.126579796943
2650.0 27781.00342685727
2651.0 27790.876408188786
2652.0 27800.74336666512
2653.0 27810.604686987197
2654.0 27820.46078296192
2655.0 27830.311069357285
2656.0 27840.15518050863
2657.0 27849.992627802392
2658.0 27859.825732544956
2659.0 27869.651520253596
2660.0 27879.47193752304
2661.0 27889.285294643672
2662.0 27899.09269855744
2663.0 27908.893440572952
2664.0 27918.68900105008
2665.0 27928.477890093123
2666.0 27938.260639570875
2667.0 27948.03779171647
2668.0 27957.80909077504
2669.0 27967.57468229633
2670.0 27977.334243217763
2671.0 27987.08647359632
2672.0 27996.834920267836
2673.0 28006.575289234566
2674.0 28016.31015517263
2675.0 28026.03795385328
2676.0 28035.760522652643
2677.0 28045.47700261247
2678.0 28055.187558683676
2679.0 28064.892024592795
2680.0 28074.589468157752
2681.0 28084.280479242723
2682.0 28093.965139818734
2683.0 28103.642506191354
2684.0 28113.31470350239
2685.0 28122.979587396178
2686.0 28132.640287966078
2687.0 28142.291856411193
2688.0 28151.939012016643
2689.0 28161.57886470544
2690.0 28171.211974320635
2691.0 28180.83867152976
2692.0 28190.457462692953
2693.0 28200.069820422552
2694.0 28209.674374581442
2695.0 28219.274016668485
2696.0 28228.86811247921
2697.0 28238.45617064561
2698.0 28248.038768771676
2699.0 28257.613698181907
2700.0 28267.183537195837
2701.0 28276.748754521286
2702.0 28286.30587451519
2703.0 28295.856721436005
2704.0 28305.399943717126
2705.0 28314.937686556797
2706.0 28324.46787839344
2707.0 28333.992803607358
2708.0 28343.509778714408
2709.0 28353.02045956577
2710.0 28362.52288894783
2711.0 28372.020284465118
2712.0 28381.511784824477
2713.0 28390.995696191043
2714.0 28400.475250081945
2715.0 28409.950249169437
2716.0 28419.416096202884
2717.0 28428.879340704974
2718.0 28438.334364826413
2719.0 28447.785181388805
2720.0 28457.22873475409
2721.0 28466.667559020803
2722.0 28476.1006162176
2723.0 28485.52582083792
2724.0 28494.948064031516
2725.0 28504.36377072304
2726.0 28513.776057039206
2727.0 28523.181611458236
2728.0 28532.58259588255
2729.0 28541.97745485697
2730.0 28551.36925685887
2731.0 28560.75368608241
2732.0 28570.13465380944
2733.0 28579.510705537446
2734.0 28588.879793230088
2735.0 28598.24473697121
2736.0 28607.602948903677
2737.0 28616.95564067744
2738.0 28626.302013550398
2739.0 28635.643056960485
2740.0 28644.97812213249
2741.0 28654.30837810672
2742.0 28663.63115570479
2743.0 28672.948452259367
2744.0 28682.260545943525
2745.0 28691.56607059603
2746.0 28700.86618178496
2747.0 28710.16074076031
2748.0 28719.447461199517
2749.0 28728.727909616486
2750.0 28738.00233796417
2751.0 28747.270735683043
2752.0 28756.534644329768
2753.0 28765.791132349277
2754.0 28775.038970123023
2755.0 28784.284869956486
2756.0 28793.524055450245
2757.0 28802.75838736079
2758.0 28811.98566006353
2759.0 28821.207382998244
2760.0 28830.424515459687
2761.0 28839.63507544512
2762.0 28848.837352803042
2763.0 28858.034929851983
2764.0 28867.22707289665
2765.0 28876.41197658367
2766.0 28885.59115825568
2767.0 28894.76369285376
2768.0 28903.92980040177
2769.0 28913.088075421274
2770.0 28922.240971381107
2771.0 28931.386343311206
2772.0 28940.52765784303
2773.0 28949.662826914555
2774.0 28958.788654704636
2775.0 28967.910327893605
2776.0 28977.022302096164
2777.0 28986.126811610873
2778.0 28995.226289375365
2779.0 29004.318023603515
2780.0 29013.402105968
2781.0 29022.47736511584
2782.0 29031.547556395682
2783.0 29040.609237431996
2784.0 29049.663394816325
2785.0 29058.71032824528
2786.0 29067.750012486893
2787.0 29076.78160383889
2788.0 29085.806568713924
2789.0 29094.82344214754
2790.0 29103.83134045775
2791.0 29112.83285574576
2792.0 29121.82553219311
2793.0 29130.810844156156
2794.0 29139.78695615441
2795.0 29148.75536449169
2796.0 29157.71552431695
2797.0 29166.66813397631
2798.0 29175.611190514242
2799.0 29184.54886489408
2800.0 29193.476258666233
2801.0 29202.396557588152
2802.0 29211.308703599196
2803.0 29220.212254779366
2804.0 29229.108463128476
2805.0 29237.997676112165
2806.0 29246.880116141925
2807.0 29255.754999290722
2808.0 29264.622614147513
2809.0 29273.483251386402
2810.0 29282.336959275835
2811.0 29291.1837905248
2812.0 29300.02340822497
2813.0 29308.856065747696
2814.0 29317.68302408335
2815.0 29326.50018266767
2816.0 29335.312949492974
2817.0 29344.11907565807
2818.0 29352.91599329278
2819.0 29361.707838651364
2820.0 29370.491557087684
2821.0 29379.269806276967
2822.0 29388.04189473375
2823.0 29396.806019835512
2824.0 29405.563352906076
2825.0 29414.314294887845
2826.0 29423.05708460752
2827.0 29431.794057347997
2828.0 29440.52448279696
2829.0 29449.24774564143
2830.0 29457.96474667168
2831.0 29466.67357818719
2832.0 29475.376518218232
2833.0 29484.07335320225
2834.0 29492.761457587032
2835.0 29501.443894782708
2836.0 29510.118113005767
2837.0 29518.785595541918
2838.0 29527.446050353115
2839.0 29536.100453946878
2840.0 29544.747719325136
2841.0 29553.38829742736
2842.0 29562.021882455192
2843.0 29570.64897127984
2844.0 29579.269086666412
2845.0 29587.883139744798
2846.0 29596.491247520316
2847.0 29605.093332744786
2848.0 29613.688754433446
2849.0 29622.27659166001
2850.0 29630.862110576483
2851.0 29639.44017069455
2852.0 29648.011509146872
2853.0 29656.575142907204
2854.0 29665.133859669113
2855.0 29673.68711114897
2856.0 29682.232411725603
2857.0 29690.772133371687
2858.0 29699.304117270232
2859.0 29707.83086520129
2860.0 29716.351784792
2861.0 29724.8683912781
2862.0 29733.37862062753
2863.0 29741.88340188174
2864.0 29750.382596250718
2865.0 29758.872450769122
2866.0 29767.358672576163
2867.0 29775.8385838552
2868.0 29784.311283070896
2869.0 29792.77712269791
2870.0 29801.237811717925
2871.0 29809.6898759136
2872.0 29818.137570435047
2873.0 29826.577803728316
2874.0 29835.012596755852
2875.0 29843.43971275152
2876.0 29851.862257861758
2877.0 29860.277821679523
2878.0 29868.686482469748
2879.0 29877.09094730144
2880.0 29885.491527515824
2881.0 29893.885917012638
2882.0 29902.275766931998
2883.0 29910.658689367836
2884.0 29919.038464380323
2885.0 29927.413552042715
2886.0 29935.784940123198
2887.0 29944.151326821437
2888.0 29952.51335005921
2889.0 29960.869772255526
2890.0 29969.222983109765
2891.0 29977.572087168963
2892.0 29985.91740061008
2893.0 29994.259033494396
2894.0 30002.59586380081
2895.0 30010.92751749056
2896.0 30019.254655745124
2897.0 30027.577233846398
2898.0 30035.894207173133
2899.0 30044.205164888343
2900.0 30052.51291562929
2901.0 30060.815859681916
2902.0 30069.114761554236
2903.0 30077.408434946068
2904.0 30085.69579001057
2905.0 30093.979442036954
2906.0 30102.25912175969
2907.0 30110.534141694563
2908.0 30118.802791642076
2909.0 30127.06734905984
2910.0 30135.325778148155
2911.0 30143.57916396337
2912.0 30151.82795610864
2913.0 30160.072298362713
2914.0 30168.309944194734
2915.0 30176.543571121445
2916.0 30184.76989721632
2917.0 30192.99176079745
2918.0 30201.20668808592
2919.0 30209.415532208008
2920.0 30217.617638446867
2921.0 30225.815807661762
2922.0 30234.01031282993
2923.0 30242.197181875992
2924.0 30250.380927940318
2925.0 30258.55644870111
2926.0 30266.728973991685
2927.0 30274.89686856159
2928.0 30283.059925845435
2929.0 30291.218302382233
2930.0 30299.37225590783
2931.0 30307.518621824966
2932.0 30315.66024926976
2933.0 30323.7974757664
2934.0 30331.931075343367
2935.0 30340.060407162888
2936.0 30348.18594975471
2937.0 30356.308427173768
2938.0 30364.427020934876
2939.0 30372.541197408642
2940.0 30380.6513341616
2941.0 30388.760279400012
2942.0 30396.86513794912
2943.0 30404.96588030064
2944.0 30413.06208199999
2945.0 30421.15729433152
2946.0 30429.24603922225
2947.0 30437.331726832148
2948.0 30445.414230142873
2949.0 30453.49579804096
2950.0 30461.570905836794
2951.0 30469.641908355203
2952.0 30477.7096957024
2953.0 30485.772820473758
2954.0 30493.833157087687
2955.0 30501.888282474876
2956.0 30509.93731794721
2957.0 30517.98361262912
2958.0 30526.02436122832
2959.0 30534.06161829344
2960.0 30542.095684344793
2961.0 30550.126790898397
2962.0 30558.154130756146
2963.0 30566.17859515472
2964.0 30574.200779941755
2965.0 30582.219743040972
2966.0 30590.235985060477
2967.0 30598.24877749745
2968.0 30606.258446293446
2969.0 30614.26337726129
2970.0 30622.266353468167
2971.0 30630.264467335197
2972.0 30638.259181605135
2973.0 30646.249409259053
2974.0 30654.236061342242
2975.0 30662.216809812002
2976.0 30670.196463309745
2977.0 30678.1704763208
2978.0 30686.14236610865
2979.0 30694.110406224143
2980.0 30702.073070418563
2981.0 30710.035080259666
2982.0 30717.992151321447
2983.0 30725.946641535207
2984.0 30733.897077271355
2985.0 30741.84347753089
2986.0 30749.786609622726
2987.0 30757.72468531151
2988.0 30765.660697081912
2989.0 30773.593608850242
2990.0 30781.52247698736
2991.0 30789.447572991678
2992.0 30797.368143790558
2993.0 30805.283428590083
2994.0 30813.194944879513
2995.0 30821.1044703547
2996.0 30829.00796363583
2997.0 30836.906958196323
2998.0 30844.800345649117
2999.0 30852.690752357117
3000.0 30860.57617465456
