1.0 0.03555526217579036
2.0 0.09999086017322559
3.0 0.1997923457204447
4.0 0.33555342858696
5.0 0.507398060628752
6.0 0.7153162555959676
7.0 0.959237252548624
8.0 1.239092611264528
9.0 1.5547808906317762
10.0 1.9061855549362885
11.0 2.29320998597336
12.0 2.7157270517856786
13.0 3.1736039367732487
14.0 3.6667230140412492
15.0 4.19493595775488
16.0 4.758092813801441
17.0 5.356055309372799
18.0 5.988656534725278
19.0 6.655710290330239
20.0 7.357037816314561
21.0 8.0924610997176
22.0 8.861791072046085
23.0 9.66477612476416
24.0 10.501252586522082
25.0 11.370988454917768
26.0 12.27376763024288
27.0 13.209351677508636
28.0 14.177499324721769
29.0 15.177971054831042
30.0 16.210503499114882
31.0 17.274828313249284
32.0 18.37068504466064
33.0 19.497811367674398
34.0 20.655935765736007
35.0 21.844742713443367
36.0 23.063958283477596
37.0 24.31327081494848
38.0 25.592388116800322
39.0 26.9009797465584
40.0 28.238737414601122
41.0 29.605307921601263
42.0 31.000389304182722
43.0 32.423638309472636
44.0 33.874722156110394
45.0 35.35328063204462
46.0 36.85901941680897
47.0 38.3915437746304
48.0 39.95051187878449
49.0 41.53555291783903
50.0 43.14628846539746
51.0 44.78236545792416
52.0 46.443399528293284
53.0 48.12900203661282
54.0 49.838790679175034
55.0 51.57239684336751
56.0 53.32940840015709
57.0 55.10945732184642
58.0 56.91212640636
59.0 58.737010255940774
60.0 60.58374244096639
61.0 62.45190528792001
62.0 64.34108549835999
63.0 66.25090784695516
64.0 68.18092826415037
65.0 70.13074275872799
66.0 72.09993575019838
67.0 74.08809073589438
68.0 76.09481381745921
69.0 78.1196695870688
70.0 80.1622156983472
71.0 82.22201260274878
72.0 84.2986513756464
73.0 86.39174693946083
74.0 88.5008320286816
75.0 90.6254864072272
76.0 92.76525297700962
77.0 94.91972251489759
78.0 97.08843707708637
79.0 99.2710036983312
80.0 101.46695486391042
81.0 103.67589525113283
82.0 105.8973882130368
83.0 108.13103516883523
84.0 110.376358227096
85.0 112.63294272208637
86.0 114.90036406828321
87.0 117.17817248321441
88.0 119.46594329195037
89.0 121.76326081569121
90.0 124.0696880228304
91.0 126.3847955530528
92.0 128.70811531289596
93.0 131.03921561002076
94.0 133.3777107853616
95.0 135.723157383304
96.0 138.07515021770078
97.0 140.43322574021605
98.0 142.796982190504
99.0 145.1660006253328
100.0 147.5398114160752
101.0 149.91805788257608
102.0 152.30028470204
103.0 154.68606879451198
104.0 157.07500569794237
105.0 159.4667061096896
106.0 161.86071755325443
107.0 164.256668538272
108.0 166.65409136766397
109.0 169.05265763642873
110.0 171.45195657952794
111.0 173.85153879680806
112.0 176.25102467122878
113.0 178.65004867291685
114.0 181.04816808863356
115.0 183.44498423808324
116.0 185.8401314260225
117.0 188.23328792488311
118.0 190.6240174960816
119.0 193.01193785757766
120.0 195.39670230282553
121.0 197.77791218909124
122.0 200.15520298694724
123.0 202.5282283205185
124.0 204.8965726430945
125.0 207.2598326822992
126.0 209.6176464372415
127.0 211.96966647596636
128.0 214.31552836807995
129.0 216.65490253575678
130.0 218.9874600602928
131.0 221.31282809513112
132.0 223.63069567715837
133.0 225.94074416270564
134.0 228.24261560530553
135.0 230.53598330511826
136.0 232.82050708892007
137.0 235.0958651077088
138.0 237.36173819704004
139.0 239.6178202261871
140.0 241.86383785959043
141.0 244.0994781656688
142.0 246.3243895591808
143.0 248.5383111229919
144.0 250.7409742626432
145.0 252.93201190107192
146.0 255.11115777959034
147.0 257.2781101325647
148.0 259.43264896711827
149.0 261.5744507162896
150.0 263.70321175595194
151.0 265.81878039518085
152.0 267.9208004115664
153.0 270.00908890081934
154.0 272.0833312514736
155.0 274.14327729576956
156.0 276.1886506249087
157.0 278.2191830428591
158.0 280.2346203648833
159.0 282.23473304104
160.0 284.2192495579904
161.0 286.18794230219356
162.0 288.14059992853436
163.0 290.0770056458432
164.0 291.9969357371809
165.0 293.90013980597763
166.0 295.7864056221969
167.0 297.65553721552004
168.0 299.5073311096288
169.0 301.34163576546564
170.0 303.1582199142832
171.0 304.95690705058075
172.0 306.7375554946159
173.0 308.49992262877277
174.0 310.24385238268013
175.0 311.96916720746566
176.0 313.6756685860498
177.0 315.3631666642911
178.0 317.0315623298287
179.0 318.68065528454724
180.0 320.31035043015675
181.0 321.92049261775696
182.0 323.51090861730074
183.0 325.0814790940096
184.0 326.63207363826564
185.0 328.16250878224
186.0 329.6727174038832
187.0 331.1626015359824
188.0 332.6319717252449
189.0 334.0807154528384
190.0 335.5087236123153
191.0 336.9159536802095
192.0 338.30222339107684
193.0 339.66741169507196
194.0 341.0114210767008
195.0 342.33413870659666
196.0 343.63555929253783
197.0 344.91559356033133
198.0 346.17412661674405
199.0 347.4110521693552
200.0 348.6262849610049
201.0 349.81985576177436
202.0 350.99155742111367
203.0 352.14143819126394
204.0 353.26938437969113
205.0 354.3753740683648
206.0 355.4594089061552
207.0 356.5213767230992
208.0 357.5612055762833
209.0 358.57885200352473
210.0 359.5743383162112
211.0 360.5476389761361
212.0 361.4986883871934
213.0 362.42749031289134
214.0 363.3339850985551
215.0 364.21819020022406
216.0 365.0800963570833
217.0 365.91971850811996
218.0 366.73707995624954
219.0 367.53215153945285
220.0 368.3049377239681
221.0 369.05541332442243
222.0 369.7836231521457
223.0 370.48959194093106
224.0 371.1732621674591
225.0 371.83474509611517
226.0 372.4740843571713
227.0 373.09121033900476
228.0 373.6862209617537
229.0 374.2590533848481
230.0 374.80980736531194
231.0 375.33849379670403
232.0 375.84524626433597
233.0 376.330041024992
234.0 376.79293414256006
235.0 377.234016333664
236.0 377.65329328595186
237.0 378.05087369764806
238.0 378.426835919552
239.0 378.78117726316793
240.0 379.11402514371196
241.0 379.42548320406416
242.0 379.71546000524785
243.0 379.98420531742397
244.0 380.2317644972959
245.0 380.4582792052001
246.0 380.66375352321603
247.0 380.848292529536
248.0 381.01196869563194
249.0 381.154917596512
250.0 381.277171403392
251.0 381.378817604416
252.0 381.460004200192
253.0 381.520845725536
254.0 381.561371558592
255.0 381.58166582196793
256.0 381.581940877424
257.0 381.56231715331205
258.0 381.522915562032
259.0 381.46382173523205
260.0 381.38522620536
261.0 381.28716954358407
262.0 381.1697819539679
263.0 381.0332056776799
264.0 380.8775944739199
265.0 380.703102676064
266.0 380.509863779088
267.0 380.29797693323195
268.0 380.06761211819213
269.0 379.81889330648
270.0 379.551992182416
271.0 379.2671067143841
272.0 378.964367393872
273.0 378.64384271545606
274.0 378.30575707763205
275.0 377.9501875561601
276.0 377.5773105519681
277.0 377.18735245868794
278.0 376.7804501010879
279.0 376.3567136885281
280.0 375.9163892482878
281.0 375.45958130064
282.0 374.98647924411205
283.0 374.497296721584
284.0 373.992117698384
285.0 373.471162618304
286.0 372.9346195079199
287.0 372.382708420656
288.0 371.8156046271679
289.0 371.2334816810559
290.0 370.63649389740783
291.0 370.02484927046396
292.0 369.39871753939207
293.0 368.75828946752006
294.0 368.10378652948816
295.0 367.435388953376
296.0 366.75329274179205
297.0 366.0576619680481
298.0 365.3487147569441
299.0 364.62665904233603
300.0 363.8917261290559
301.0 363.14407330958403
302.0 362.38394097091196
303.0 361.61149358104
304.0 360.826894930752
305.0 360.0304168789279
306.0 359.2222647461119
307.0 358.402601475408
308.0 357.57170218886387
309.0 356.7297367558078
310.0 355.87685844508786
311.0 355.0133097806239
312.0 354.13933168041603
313.0 353.25523015935994
314.0 352.3611617490881
315.0 351.457338189056
316.0 350.54398295129613
317.0 349.62127271835186
318.0 348.68945588201603
319.0 347.74869962329603
320.0 346.79926331348804
321.0 345.8412323595361
322.0 344.8750088316
323.0 343.90077245299204
324.0 342.91868257755215
325.0 341.92896129315193
326.0 340.931832856688
327.0 339.927500514944
328.0 338.9162771549921
329.0 337.8983295177762
330.0 336.8739243552801
331.0 335.84322311579206
332.0 334.806542228192
333.0 333.76410419967993
334.0 332.7160539320641
335.0 331.66262242286405
336.0 330.604088972416
337.0 329.5406406001281
338.0 328.47248865956794
339.0 327.39985185688
340.0 326.323016901168
341.0 325.24216900422397
342.0 324.15762187694395
343.0 323.069605145808
344.0 321.9782072231999
345.0 320.883780500976
346.0 319.7864623055839
347.0 318.68646372299196
348.0 317.584094637584
349.0 316.47944852556805
350.0 315.3728427090721
351.0 314.26445152772806
352.0 313.154481013952
353.0 312.04313665126404
354.0 310.93066352284814
355.0 309.8172787772161
356.0 308.70320823435213
357.0 307.5886114594879
358.0 306.47376590792004
359.0 305.358891638336
360.0 304.24423204084803
361.0 303.12999087415994
362.0 302.01636892067205
363.0 300.903636339184
364.0 299.79190580532804
365.0 298.6814913217439
366.0 297.5725440262081
367.0 296.46528370771205
368.0 295.35990194339206
369.0 294.2567099052641
370.0 293.15583754545594
371.0 292.05749472952
372.0 290.961872160896
373.0 289.869209237904
374.0 288.7797591070399
375.0 287.69360835256
376.0 286.61104028259206
377.0 285.532223843024
378.0 284.4573697530881
379.0 283.38672475761604
380.0 282.32038016355193
381.0 281.2586811191519
382.0 280.2017579106081
383.0 279.14981802022396
384.0 278.1030642482079
385.0 277.06166943023993
386.0 276.02578700007996
387.0 274.9955998227359
388.0 273.97135080348806
389.0 272.953202755056
390.0 271.94135239529606
391.0 270.93598010161605
392.0 269.9373362149121
393.0 268.94553285564797
394.0 267.9607217295039
395.0 266.98313098825605
396.0 266.0128784385439
397.0 265.05018304918383
398.0 264.09523813692795
399.0 263.14820134393597
400.0 262.20926577246394
401.0 261.278596936256
402.0 260.356324329152
403.0 259.4426455042561
404.0 258.537741193216
405.0 257.64176399091195
406.0 256.75484957672
407.0 255.8771925814561
408.0 255.00894029425604
409.0 254.15026800753603
410.0 253.30131921940796
411.0 252.46224292443193
412.0 251.63320232699203
413.0 250.81426889251208
414.0 250.00562735542394
415.0 249.20742504873607
416.0 248.419782199904
417.0 247.64284671931196
418.0 246.87675035340803
419.0 246.121661828512
420.0 245.37769468857596
421.0 244.6450350749441
422.0 243.92378172972798
423.0 243.213997526976
424.0 242.51586584996795
425.0 241.82946014356804
426.0 241.15496916663997
427.0 240.49252837635208
428.0 239.84218665438394
429.0 239.204087623408
430.0 238.57830990990402
431.0 237.96494552095996
432.0 237.36413947619198
433.0 236.77597771455999
434.0 236.20054993684803
435.0 235.63787224193607
436.0 235.08808457707192
437.0 234.55131518316807
438.0 234.02755160105593
439.0 233.51696311519996
440.0 233.019618630688
441.0 232.5356071515681
442.0 232.06498421924783
443.0 231.60784620711993
444.0 231.164215539392
445.0 230.734205515328
446.0 230.31788484185603
447.0 229.91535995407995
448.0 229.526705202208
449.0 229.15190868652803
450.0 228.79108924184
451.0 228.44425699921595
452.0 228.11150112419205
453.0 227.79281812187205
454.0 227.48827067361594
455.0 227.1979249440961
456.0 226.92177590710403
457.0 226.65995384380804
458.0 226.41241866580793
459.0 226.1792171192
460.0 225.96039371112002
461.0 225.75595616105593
462.0 225.565917598
463.0 225.390295872992
464.0 225.22906041073594
465.0 225.08231987137606
466.0 224.95007037987207
467.0 224.832304413568
468.0 224.72895463628802
469.0 224.64009294886392
470.0 224.56572029051205
471.0 224.50590762071997
472.0 224.46061252518402
473.0 224.42982530259206
474.0 224.41355780689605
475.0 224.41171963695987
476.0 224.42432456417606
477.0 224.45133492113604
478.0 224.492808888224
479.0 224.54867725703997
480.0 224.61893025547198
481.0 224.70355919179207
482.0 224.80248814892798
483.0 224.91569118225593
484.0 225.0431509616
485.0 225.184854168752
486.0 225.340729093856
487.0 225.51077254464008
488.0 225.694940159552
489.0 225.89311831812802
490.0 226.1053174904319
491.0 226.33149498912002
492.0 226.571564284368
493.0 226.82550477068799
494.0 227.09324122934404
495.0 227.37470463763202
496.0 227.66983832918405
497.0 227.9785862770559
498.0 228.30085066328007
499.0 228.63657065468792
500.0 228.9856643250561
501.0 229.348035855008
502.0 229.72358922764798
503.0 230.11225944931203
504.0 230.51395569919995
505.0 230.92858050897607
506.0 231.35604631611204
507.0 231.79627755881603
508.0 232.249198439424
509.0 232.71467392857613
510.0 233.19262995598393
511.0 233.6829493243199
512.0 234.18550151827202
513.0 234.70019210311997
514.0 235.22695226350396
515.0 235.76570456963208
516.0 236.31630422745602
517.0 236.87865633638404
518.0 237.45259302884807
519.0 238.03802459919993
520.0 238.6348109972161
521.0 239.24284615923202
522.0 239.86202800217612
523.0 240.49216432136
524.0 241.13315534369605
525.0 241.78490092551988
526.0 242.447278946464
527.0 243.12014841054398
528.0 243.80339086825606
529.0 244.49691047190396
530.0 245.2004814116321
531.0 245.91403017447996
532.0 246.63737372334404
533.0 247.37037437574395
534.0 248.1128543890079
535.0 248.8646192730401
536.0 249.6255757549121
537.0 250.3955585095361
538.0 251.17443444881596
539.0 251.962057393776
540.0 252.75828484803205
541.0 253.56298706246403
542.0 254.3760008196319
543.0 255.19713870494405
544.0 256.026248078
545.0 256.86314357787194
546.0 257.7076912156001
547.0 258.55966335652806
548.0 259.418891002384
549.0 260.28520742423984
550.0 261.15843617428794
551.0 262.03842246968
552.0 262.92499674132796
553.0 263.8179320194399
554.0 264.7170910144481
555.0 265.6222802885599
556.0 266.5333474598239
557.0 267.450081558016
558.0 268.37233410465603
559.0 269.29993544599995
560.0 270.2326820832001
561.0 271.17040999712
562.0 272.11287483734407
563.0 273.05994549051206
564.0 274.0113934036
565.0 274.967014641216
566.0 275.9266997272801
567.0 276.89027512532795
568.0 277.85755870711995
569.0 278.8283804001279
570.0 279.802514958144
571.0 280.779781983248
572.0 281.76003157273607
573.0 282.7429937655679
574.0 283.728568872928
575.0 284.71649481224
576.0 285.70662517811195
577.0 286.69877006816
578.0 287.692753970368
579.0 288.68831226065595
580.0 289.68532219043186
581.0 290.6835495106719
582.0 291.6828280642721
583.0 292.68291661190403
584.0 293.68364862065613
585.0 294.684903232048
586.0 295.68640942825607
587.0 296.68796523340797
588.0 297.68941941247994
589.0 298.690584233264
590.0 299.6912426166081
591.0 300.691225341824
592.0 301.69034725780796
593.0 302.68840989860814
594.0 303.68525159054406
595.0 304.680674350528
596.0 305.674522435568
597.0 306.666599812448
598.0 307.6567313237601
599.0 308.64474196782396
600.0 309.630419019824
601.0 310.61359009940804
602.0 311.5940396877441
603.0 312.5716130779201
604.0 313.546138057664
605.0 314.517366941216
606.0 315.48517964452793
607.0 316.44941649502397
608.0 317.4098573541121
609.0 318.366367522432
610.0 319.31879221899203
611.0 320.266935919664
612.0 321.21060561257605
613.0 322.1496405245601
614.0 323.083886995456
615.0 324.01320958054407
616.0 324.937385547024
617.0 325.856316704144
618.0 326.769868394512
619.0 327.677842476976
620.0 328.5800021155521
621.0 329.47623430003193
622.0 330.36636003268785
623.0 331.25024004712003
624.0 332.127708379936
625.0 332.9986406140002
626.0 333.8628300190081
627.0 334.7201432823519
628.0 335.57046869936005
629.0 336.4135521235839
630.0 337.249330104528
631.0 338.077668722416
632.0 338.89841616107185
633.0 339.7114871800799
634.0 340.5167169889281
635.0 341.31390523607996
636.0 342.1029091893759
637.0 342.883599607312
638.0 343.65590136763194
639.0 344.4196555953439
640.0 345.17481466656
641.0 345.92113617192
642.0 346.658573901792
643.0 347.38699159136013
644.0 348.1061929228639
645.0 348.81614545283196
646.0 349.516714503456
647.0 350.207780565872
648.0 350.8892473462401
649.0 351.56096354926416
650.0 352.22286187006387
651.0 352.874779188544
652.0 353.51664787515193
653.0 354.148344389856
654.0 354.7697790517119
655.0 355.38081139108806
656.0 355.9813148724479
657.0 356.5712401626878
658.0 357.15051919364794
659.0 357.71902628035207
660.0 358.2767617404159
661.0 358.82363375409614
662.0 359.35947017071993
663.0 359.884287464176
664.0 360.3979631322719
665.0 360.900397896096
666.0 361.3915495592801
667.0 361.871305362224
668.0 362.3396134408961
669.0 362.7964028732479
670.0 363.241661564208
671.0 363.6753146445759
672.0 364.097309355488
673.0 364.507600823184
674.0 364.906085466784
675.0 365.292724158896
676.0 365.6674066219361
677.0 366.0301358473601
678.0 366.38085320019206
679.0 366.71955204700805
680.0 367.04619890832015
681.0 367.3607961865281
682.0 367.6632731327039
683.0 367.95356140344
684.0 368.23170271422384
685.0 368.49761849468797
686.0 368.75122234667197
687.0 368.99260312710396
688.0 369.2216953839522
689.0 369.4385447390879
690.0 369.64312870142396
691.0 369.8354270892321
692.0 370.015413588656
693.0 370.18313699623997
694.0 370.33850873883205
695.0 370.4815202150239
696.0 370.61224415792003
697.0 370.73061999318395
698.0 370.83660797243203
699.0 370.930309620208
700.0 371.01173064987194
701.0 371.0808802297281
702.0 371.1377951492
703.0 371.18245396492796
704.0 371.21490196838397
705.0 371.2351051344481
706.0 371.2430785214241
707.0 371.2389068054721
708.0 371.22257911321606
709.0 371.19419342464
710.0 371.15379832643197
711.0 371.1014027891041
712.0 371.03710946908797
713.0 370.96090942324804
714.0 370.87284920204814
715.0 370.77299448198403
716.0 370.661399341664
717.0 370.538040467152
718.0 370.40300961457586
719.0 370.2563360135199
720.0 370.0981503604001
721.0 369.92850575056
722.0 369.747398057504
723.0 369.55499491100807
724.0 369.35135064035205
725.0 369.13648651124794
726.0 368.91052671272007
727.0 368.67352040230406
728.0 368.42555426825595
729.0 368.16673105985603
730.0 367.8971652151521
731.0 367.61692886544
732.0 367.32613174423994
733.0 367.02481521473595
734.0 366.7130706384801
735.0 366.391044173008
736.0 366.05877295091176
737.0 365.71640724587195
738.0 365.363938056128
739.0 365.00152367422413
740.0 364.6292416033119
741.0 364.247270900784
742.0 363.8556572626719
743.0 363.45456022508813
744.0 363.044096307984
745.0 362.624337998048
746.0 362.19538708131205
747.0 361.7573936042719
748.0 361.310460156608
749.0 360.85475354182415
750.0 360.390394958128
751.0 359.9174445511361
752.0 359.43610503195197
753.0 358.9465106857281
754.0 358.44879177278403
755.0 357.9430175007839
756.0 357.42940919656
757.0 356.9080387056639
758.0 356.37897662672003
759.0 355.8425079027041
760.0 355.2987051467841
761.0 354.74769192388794
762.0 354.1896229456479
763.0 353.62464786950403
764.0 353.05294615124797
765.0 352.4746614748799
766.0 351.8899113984479
767.0 351.29881836526397
768.0 350.7016219520162
769.0 350.09837289499194
770.0 349.48925597985607
771.0 348.87443879337604
772.0 348.25411281395213
773.0 347.62840911275214
774.0 346.9974203463041
775.0 346.36128753723204
776.0 345.72024410017593
777.0 345.074405131296
778.0 344.42397139391994
779.0 343.7691119014241
780.0 343.1099080398719
781.0 342.4465667582561
782.0 341.77924981966396
783.0 341.1081545252
784.0 340.43347223259195
785.0 339.75528168820813
786.0 339.07382049953605
787.0 338.38920073865586
788.0 337.70161166711995
789.0 337.01123881124806
790.0 336.3182830885121
791.0 335.62290481215996
792.0 334.9252047652961
793.0 334.2253459825281
794.0 333.52360896811194
795.0 332.82017404184006
796.0 332.115199823296
797.0 331.40881312384005
798.0 330.70124410049596
799.0 329.992583694832
800.0 329.283022223472
801.0 328.572740611888
802.0 327.8618827362879
803.0 327.1506601698081
804.0 326.439231941648
805.0 325.7277174016
806.0 325.016304732192
807.0 324.30527795524796
808.0 323.594687583552
809.0 322.88473981633604
810.0 322.17560844254405
811.0 321.46745742382393
812.0 320.76048603156806
813.0 320.05485994260806
814.0 319.350735645712
815.0 318.64830018171205
816.0 317.94761074777597
817.0 317.2488968565919
818.0 316.5522561814079
819.0 315.85792348920006
820.0 315.16608745328006
821.0 314.47693304945597
822.0 313.79054892276804
823.0 313.10715133497604
824.0 312.426841097168
825.0 311.74975289873595
826.0 311.07618757486404
827.0 310.40622399950405
828.0 309.74002488345616
829.0 309.077811010976
830.0 308.419659922048
831.0 307.76576313622394
832.0 307.1162618835841
833.0 306.47135636801585
834.0 305.83118068523197
835.0 305.19588726856
836.0 304.56564179323215
837.0 303.940625458896
838.0 303.32092485083194
839.0 302.70672996796793
840.0 302.09812472172797
841.0 301.49532414583996
842.0 300.8984086257759
843.0 300.30751924668795
844.0 299.7228349852
845.0 299.14445712102395
846.0 298.57250206009587
847.0 298.00718149905595
848.0 297.44856658017596
849.0 296.8968359710559
850.0 296.352118493248
851.0 295.814509541888
852.0 295.28418214927996
853.0 294.7612313903359
854.0 294.245852646464
855.0 293.7381554768319
856.0 293.23818706952
857.0 292.746182247232
858.0 292.26219877457595
859.0 291.78637634795194
860.0 291.31880450639994
861.0 290.859598670112
862.0 290.408905884528
863.0 289.966818767904
864.0 289.53349017782404
865.0 289.1089942916641
866.0 288.693468352736
867.0 288.2869886412321
868.0 287.88969893990395
869.0 287.50168766838385
870.0 287.12306899223984
871.0 286.7539509921919
872.0 286.39440462353605
873.0 286.044533203072
874.0 285.7044364649759
875.0 285.37422815107203
876.0 285.05392344176
877.0 284.743557749968
878.0 284.443269837824
879.0 284.1531661214879
880.0 283.8732808796801
881.0 283.6037062926401
882.0 283.344432603312
883.0 283.09566487300793
884.0 282.85734280299204
885.0 282.6295861713119
886.0 282.41252664832007
887.0 282.206187556208
888.0 282.01061336563214
889.0 281.82592285399994
890.0 281.652174030208
891.0 281.48939205006394
892.0 281.337666271376
893.0 281.196975457328
894.0 281.067452612736
895.0 280.949048406528
896.0 280.84186121060793
897.0 280.74594282868804
898.0 280.66130807684794
899.0 280.588003837632
900.0 280.526111779072
901.0 280.4756159811679
902.0 280.43657888601604
903.0 280.4089468457918
904.0 280.39277246276805
905.0 280.38812311096
906.0 280.395057633168
907.0 280.41353684420807
908.0 280.44365261425594
909.0 280.485307293952
910.0 280.538644297808
911.0 280.60356024256004
912.0 280.68012532113596
913.0 280.76835699409605
914.0 280.868201333184
915.0 280.97968008540795
916.0 281.10277713846403
917.0 281.237435171664
918.0 281.38371135097594
919.0 281.5416090018559
920.0 281.71104206921615
921.0 281.89207575392004
922.0 282.084662038752
923.0 282.28880124497607
924.0 282.50452566816
925.0 282.73176739244803
926.0 282.97056143827217
927.0 283.22081851467215
928.0 283.48252275723206
929.0 283.75567065566395
930.0 284.0401584012959
931.0 284.3360120092001
932.0 284.64318142251193
933.0 284.9615774243358
934.0 285.29126113020794
935.0 285.632063143152
936.0 285.9840077918401
937.0 286.3470156066561
938.0 286.72106364542407
939.0 287.1060530031199
940.0 287.50194815660797
941.0 287.90872383377604
942.0 288.32626900300795
943.0 288.75460299488
944.0 289.19361310492803
945.0 289.64319851032
946.0 290.10339202744
947.0 290.5741104705441
948.0 291.05531848625594
949.0 291.5468188102881
950.0 292.04865482752007
951.0 292.560710765056
952.0 293.08287729766414
953.0 293.6151369536161
954.0 294.15738951856
955.0 294.70952401855993
956.0 295.2715033964
957.0 295.84327113579195
958.0 296.424653887104
959.0 297.01558673472
960.0 297.61598934123197
961.0 298.225779059328
962.0 298.844866729744
963.0 299.47313523804803
964.0 300.110515311664
965.0 300.7568488640799
966.0 301.41212705553596
967.0 302.07617957916807
968.0 302.74887737171207
969.0 303.43014527014395
970.0 304.1198419434561
971.0 304.81780930391994
972.0 305.52400178816
973.0 306.238276050096
974.0 306.960556010832
975.0 307.6907544800961
976.0 308.42868512998405
977.0 309.17428850395197
978.0 309.92738465366403
979.0 310.6878471733119
980.0 311.45556815052794
981.0 312.2304205964481
982.0 313.012284983344
983.0 313.801068086144
984.0 314.5965800738401
985.0 315.398768573504
986.0 316.207489857952
987.0 317.0226111797919
988.0 317.8440157516
989.0 318.6715470388
990.0 319.5050833621119
991.0 320.34447684615986
992.0 321.189566994432
993.0 322.040221479104
994.0 322.8963430174241
995.0 323.75768479052795
996.0 324.624240186752
997.0 325.49583316724795
998.0 326.3722574747841
999.0 327.2533842293281
1000.0 328.139113411984
1001.0 329.029262300128
1002.0 329.92369457553593
1003.0 330.822314122736
1004.0 331.7249216860321
1005.0 332.631292092448
1006.0 333.54135824972803
1007.0 334.454963180336
1008.0 335.37199821336003
1009.0 336.292273025664
1010.0 337.21565160112016
1011.0 338.1419721109281
1012.0 339.0710913934879
1013.0 340.00276565476804
1014.0 340.936961055568
1015.0 341.8734931823519
1016.0 342.81215335863993
1017.0 343.75281731894404
1018.0 344.6953888134719
1019.0 345.6396772130399
1020.0 346.5855929967521
1021.0 347.5329220599519
1022.0 348.48154899876806
1023.0 349.43125325292806
1024.0 350.3819873284
1025.0 351.33358810927996
1026.0 352.28588517023996
1027.0 353.23872419852796
1028.0 354.1919657442721
1029.0 355.1454348204159
1030.0 356.09891842817603
1031.0 357.0524072136641
1032.0 358.00563007548806
1033.0 358.95850282081597
1034.0 359.9108224245439
1035.0 360.86239543848006
1036.0 361.8130924919841
1037.0 362.762864636
1038.0 363.7114958211679
1039.0 364.6588320647361
1040.0 365.60468711670404
1041.0 366.5489673653439
1042.0 367.4915140041919
1043.0 368.43221659105586
1044.0 369.37090461113587
1045.0 370.3074444805919
1046.0 371.2416553903199
1047.0 372.17340475175996
1048.0 373.10252305251197
1049.0 374.02893748363215
1050.0 374.952461746656
1051.0 375.872898099184
1052.0 376.79012140222403
1053.0 377.70408462979196
1054.0 378.6146492205119
1055.0 379.52166423824
1056.0 380.424915303248
1057.0 381.3243032991519
1058.0 382.21969402478396
1059.0 383.110870931472
1060.0 383.99775690751994
1061.0 384.8802063591202
1062.0 385.75805678776004
1063.0 386.63115856663995
1064.0 387.499435542976
1065.0 388.3627630125121
1066.0 389.221057238752
1067.0 390.0742447071361
1068.0 390.9221431151841
1069.0 391.76464028612793
1070.0 392.60158783230384
1071.0 393.43286243025597
1072.0 394.25831690982386
1073.0 395.07791352683205
1074.0 395.89146850582404
1075.0 396.6989119762718
1076.0 397.50014138865606
1077.0 398.29497413408
1078.0 399.0832773298081
1079.0 399.864947493904
1080.0 400.6398683002079
1081.0 401.40798420703993
1082.0 402.1691675631998
1083.0 402.92334621406417
1084.0 403.67034324296
1085.0 404.4100696971998
1086.0 405.1424039289599
1087.0 405.86734396268804
1088.0 406.5847477841279
1089.0 407.294444733952
1090.0 407.9964247558079
1091.0 408.690567582416
1092.0 409.37670343460803
1093.0 410.0548320739839
1094.0 410.72483658392
1095.0 411.38661828865605
1096.0 412.04017917032013
1097.0 412.6853917833121
1098.0 413.322236796928
1099.0 413.950623088112
1100.0 414.57045240120004
1101.0 415.1816969803841
1102.0 415.78427600035195
1103.0 416.3780791278561
1104.0 416.96309712883215
1105.0 417.53925411425587
1106.0 418.1064750272641
1107.0 418.664620466384
1108.0 419.21373579592
1109.0 419.7536639262882
1110.0 420.28438953735997
1111.0 420.8059065452479
1112.0 421.3180663563359
1113.0 421.82085768041605
1114.0 422.31425990812807
1115.0 422.798205104288
1116.0 423.2725453541918
1117.0 423.7374447351519
1118.0 424.19274242073595
1119.0 424.6384408595042
1120.0 425.07446326222373
1121.0 425.50073971910405
1122.0 425.91727032214385
1123.0 426.3240244105439
1124.0 426.7209620035361
1125.0 427.10803344963205
1126.0 427.48532724032003
1127.0 427.8527271449281
1128.0 428.21020039742405
1129.0 428.55781397145574
1130.0 428.89543717537606
1131.0 429.223116267072
1132.0 429.540830157264
1133.0 429.84857565161593
1134.0 430.1463878471201
1135.0 430.4342144321281
1136.0 430.7120608362399
1137.0 430.97995069011193
1138.0 431.2378350223199
1139.0 431.485636431696
1140.0 431.7234542395199
1141.0 431.95122090059215
1142.0 432.16890996923183
1143.0 432.37659447016006
1144.0 432.5742852429279
1145.0 432.76201133537586
1146.0 432.939742221648
1147.0 433.10749631241595
1148.0 433.26531188779217
1149.0 433.41320358241603
1150.0 433.5512039967199
1151.0 433.67933653990406
1152.0 433.79765660003204
1153.0 433.90614978752
1154.0 434.0047532549599
1155.0 434.0936555900481
1156.0 434.172813905008
1157.0 434.242384235696
1158.0 434.30228588422386
1159.0 434.35261058495996
1160.0 434.39341020060795
1161.0 434.4247154623519
1162.0 434.4465520665761
1163.0 434.4590048849601
1164.0 434.4621655739362
1165.0 434.45607498384
1166.0 434.44070878795173
1167.0 434.41616829649604
1168.0 434.3825402155038
1169.0 434.3398497330239
1170.0 434.28814835937567
1171.0 434.2275629994239
1172.0 434.15811891497594
1173.0 434.0799008410401
1174.0 433.992918651424
1175.0 433.89722115496005
1176.0 433.7929167478239
1177.0 433.6800002544318
1178.0 433.558686119936
1179.0 433.4289656638722
1180.0 433.29094125785605
1181.0 433.144671188464
1182.0 432.99025169774393
1183.0 432.82773054892806
1184.0 432.65719165688006
1185.0 432.478756421984
1186.0 432.29248281168003
1187.0 432.09850060969603
1188.0 431.89692489568006
1189.0 431.68782950014395
1190.0 431.4714060696002
1191.0 431.2477295629442
1192.0 431.01682344915196
1193.0 430.77878143667203
1194.0 430.5337434303201
1195.0 430.2818571642879
1196.0 430.0232251636318
1197.0 429.7579258414559
1198.0 429.48612130756794
1199.0 429.2078972281439
1200.0 428.9233086526239
1201.0 428.63249631286396
1202.0 428.33566467544006
1203.0 428.03282202191986
1204.0 427.72408835112003
1205.0 427.4096191781118
1206.0 427.08955422687995
1207.0 426.76392198143986
1208.0 426.43290021595203
1209.0 426.0966543862561
1210.0 425.7552183624481
1211.0 425.408804696064
1212.0 425.0574729301437
1213.0 424.70135079806397
1214.0 424.34052809267206
1215.0 423.97513856857586
1216.0 423.60526781443195
1217.0 423.231072730736
1218.0 422.852730036752
1219.0 422.47038111273605
1220.0 422.08410063967995
1221.0 421.69418787729603
1222.0 421.30070634715196
1223.0 420.9037374437438
1224.0 420.5033625751201
1225.0 420.09987456958396
1226.0 419.6932627442401
1227.0 419.28377364648
1228.0 418.8714868544961
1229.0 418.4564794597919
1230.0 418.038920176096
1231.0 417.61901111103987
1232.0 417.19680764921605
1233.0 416.7723391275041
1234.0 416.3458850268
1235.0 415.917593196096
1236.0 415.48761365814414
1237.0 415.0561264288799
1238.0 414.62319815968004
1239.0 414.1890135698879
1240.0 413.7537588944001
1241.0 413.3174784491521
1242.0 412.8803854740001
1243.0 412.442660800704
1244.0 412.004397109824
1245.0 411.5657826109441
1246.0 411.12693518828803
1247.0 410.68805029312
1248.0 410.2491508251518
1249.0 409.81046127134385
1250.0 409.372155010416
1251.0 408.93430834656016
1252.0 408.49716096879996
1253.0 408.06077203388804
1254.0 407.6252447172002
1255.0 407.1907865106881
1256.0 406.7575243517599
1257.0 406.3255891987361
1258.0 405.8950482901122
1259.0 405.46603257985606
1260.0 405.0388018779681
1261.0 404.6134065256
1262.0 404.19013458793614
1263.0 403.7690145411999
1264.0 403.35017537950387
1265.0 402.933813339312
1266.0 402.52000257854405
1267.0 402.109011226768
1268.0 401.70080758239993
1269.0 401.295633129584
1270.0 400.8935311682079
1271.0 400.49474763328
1272.0 400.09936003734396
1273.0 399.70753142175994
1274.0 399.319360693136
1275.0 398.934949340256
1276.0 398.55443148222406
1277.0 398.17798476344007
1278.0 397.8057673260479
1279.0 397.43784401257597
1280.0 397.07439717444817
1281.0 396.71555154612815
1282.0 396.3613822787521
1283.0 396.01210709863994
1284.0 395.66772399648
1285.0 395.32850012601585
1286.0 394.99440680288
1287.0 394.665728617888
1288.0 394.3424894977761
1289.0 394.02486084928006
1290.0 393.71287285944
1291.0 393.40669270148817
1292.0 393.10642555280003
1293.0 392.81218932449605
1294.0 392.5241111636481
1295.0 392.2422305920481
1296.0 391.96674542536005
1297.0 391.69777077363204
1298.0 391.4354295339519
1299.0 391.1798494586402
1300.0 390.93105482302406
1301.0 390.68918307444807
1302.0 390.45429340640004
1303.0 390.22652617303993
1304.0 390.00592809484795
1305.0 389.79263475420794
1306.0 389.58666197647995
1307.0 389.388111303952
1308.0 389.1970904576798
1309.0 389.0137803692959
1310.0 388.83814135411194
1311.0 388.6703442870719
1312.0 388.51034962206387
1313.0 388.358422532912
1314.0 388.21446473076793
1315.0 388.07858147432
1316.0 387.95080377167994
1317.0 387.8312185241279
1318.0 387.7199772875681
1319.0 387.617131623632
1320.0 387.5227365258559
1321.0 387.43690055654406
1322.0 387.3596579153759
1323.0 387.29106535662413
1324.0 387.23123056619215
1325.0 387.1802396962879
1326.0 387.13808111439994
1327.0 387.104843192
1328.0 387.08058406961595
1329.0 387.06532785585614
1330.0 387.059184900928
1331.0 387.0621310300321
1332.0 387.07430364212814
1333.0 387.0956963095201
1334.0 387.12635984300806
1335.0 387.16630120031994
1336.0 387.21554480856
1337.0 387.274135672688
1338.0 387.34215275656004
1339.0 387.419587565632
1340.0 387.506503952544
1341.0 387.6028557110881
1342.0 387.70865570708804
1343.0 387.82400911233606
1344.0 387.94890875923204
1345.0 388.08333628228803
1346.0 388.227383658224
1347.0 388.381010525296
1348.0 388.5442705283522
1349.0 388.717237182
1350.0 388.89980714646384
1351.0 389.09199953014394
1352.0 389.29383677577613
1353.0 389.5053463791841
1354.0 389.7265004672321
1355.0 389.9573839960639
1356.0 390.1979638349123
1357.0 390.44831761395204
1358.0 390.70837316328
1359.0 390.97818173705593
1360.0 391.25763972683205
1361.0 391.54668978414406
1362.0 391.84535443403195
1363.0 392.153586562224
1364.0 392.4713933687681
1365.0 392.79880121900794
1366.0 393.1357484173442
1367.0 393.4822176642241
1368.0 393.83825414531185
1369.0 394.20374448142394
1370.0 394.57869503665586
1371.0 394.96302366193606
1372.0 395.35673506624005
1373.0 395.75981878231994
1374.0 396.17210829627186
1375.0 396.59361603900805
1376.0 397.02439807392
1377.0 397.46425624289606
1378.0 397.913245592544
1379.0 398.37131402782404
1380.0 398.838346629344
1381.0 399.3142995995522
1382.0 399.799238523312
1383.0 400.2930550687359
1384.0 400.7956498271359
1385.0 401.30699194254396
1386.0 401.8269443604642
1387.0 402.35547030016005
1388.0 402.892552268672
1389.0 403.43810901633594
1390.0 403.9920912127041
1391.0 404.5543243477599
1392.0 405.1248894556959
1393.0 405.70366859305597
1394.0 406.2905390935841
1395.0 406.8854498910881
1396.0 407.48823953883203
1397.0 408.098865665664
1398.0 408.7173772214081
1399.0 409.34359692652794
1400.0 409.9775206894239
1401.0 410.6189602967519
1402.0 411.26788095763203
1403.0 411.92425290131195
1404.0 412.58786505872
1405.0 413.25872059640005
1406.0 413.93664548262404
1407.0 414.62160694667216
1408.0 415.31339938257605
1409.0 416.01201503145603
1410.0 416.7172857704319
1411.0 417.4291626355842
1412.0 418.14742940998394
1413.0 418.87217785539207
1414.0 419.60319621584006
1415.0 420.34035789713596
1416.0 421.08366471342407
1417.0 421.8329505509761
1418.0 422.588113693312
1419.0 423.349026490096
1420.0 424.11558347604796
1421.0 424.88767044428795
1422.0 425.66508086527995
1423.0 426.44781736510396
1424.0 427.23573409112
1425.0 428.0286080563039
1426.0 428.8263261165442
1427.0 429.62877312235196
1428.0 430.43581132662376
1429.0 431.24733840968
1430.0 432.06313721899187
1431.0 432.88313177657585
1432.0 433.707189441952
1433.0 434.5353078757441
1434.0 435.36722075492787
1435.0 436.2029175985599
1436.0 437.04222692822395
1437.0 437.885003678432
1438.0 438.7311128558081
1439.0 439.58050880195213
1440.0 440.43289873438397
1441.0 441.28825402721594
1442.0 442.1463627919999
1443.0 443.0071429692158
1444.0 443.87045596596806
1445.0 444.736170719184
1446.0 445.6040652617121
1447.0 446.4740526204162
1448.0 447.34599572105583
1449.0 448.21981887270374
1450.0 449.09532379646396
1451.0 449.97232726788815
1452.0 450.8507297867839
1453.0 451.73037708480007
1454.0 452.6111853087999
1455.0 453.49296790713606
1456.0 454.375656764624
1457.0 455.2590126966719
1458.0 456.1428686592959
1459.0 457.02714536643197
1460.0 457.9117040378081
1461.0 458.79648813542406
1462.0 459.68119574823993
1463.0 460.56574304401613
1464.0 461.4499879149761
1465.0 462.333792526592
1466.0 463.2169346390721
1467.0 464.09930540201606
1468.0 464.98074438409594
1469.0 465.8611405751202
1470.0 466.74031094680004
1471.0 467.6181596940639
1472.0 468.494477671952
1473.0 469.36907470638414
1474.0 470.241922965408
1475.0 471.11281884793596
1476.0 471.98164066836796
1477.0 472.84815444696005
1478.0 473.7123377843521
1479.0 474.573916495776
1480.0 475.43286449216004
1481.0 476.2890004729919
1482.0 477.1421795618721
1483.0 477.99222138988796
1484.0 478.83904669043187
1485.0 479.68253686427215
1486.0 480.52245444398403
1487.0 481.3588048527038
1488.0 482.1912965554079
1489.0 483.0198826988161
1490.0 483.8444140726082
1491.0 484.66462520428803
1492.0 485.4804438112481
1493.0 486.2917539157602
1494.0 487.09834490116793
1495.0 487.9001263349761
1496.0 488.69691519817604
1497.0 489.4887127749598
1498.0 490.27528215953606
1499.0 491.05646279460814
1500.0 491.8321867383361
1501.0 492.60222808793577
1502.0 493.3664678663041
1503.0 494.1248576561441
1504.0 494.87715168104006
1505.0 495.6232547823682
1506.0 496.3630474650239
1507.0 497.0964597072001
1508.0 497.8233469140161
1509.0 498.5435709483839
1510.0 499.25696713687995
1511.0 499.96342056862414
1512.0 500.66286213745605
1513.0 501.3552321167519
1514.0 502.0404083253279
1515.0 502.71812126535985
1516.0 503.38832499934387
1517.0 504.05086748155225
1518.0 504.7056905195358
1519.0 505.35256701316774
1520.0 505.9915413424321
1521.0 506.62233143118385
1522.0 507.24488505400006
1523.0 507.8591910633121
1524.0 508.46503631286384
1525.0 509.0623886025602
1526.0 509.651013687568
1527.0 510.23084327911994
1528.0 510.80184146131216
1529.0 511.363930977872
1530.0 511.91711248070396
1531.0 512.4612166564
1532.0 512.9961768670561
1533.0 513.521898380224
1534.0 514.0382741173921
1535.0 514.545131789888
1536.0 515.0423731003038
1537.0 515.5300065661442
1538.0 516.0078377509597
1539.0 516.475843384976
1540.0 516.9338664441277
1541.0 517.3819179403199
1542.0 517.8198551882881
1543.0 518.247686495456
1544.0 518.665315616736
1545.0 519.072668814048
1546.0 519.4696838335201
1547.0 519.8562060452481
1548.0 520.2322654224001
1549.0 520.5977548093122
1550.0 520.9526031631839
1551.0 521.2967684239037
1552.0 521.6300972382079
1553.0 521.9526274161759
1554.0 522.2642572847038
1555.0 522.5649650839521
1556.0 522.854640418912
1557.0 523.1333797909919
1558.0 523.401144375264
1559.0 523.6578612291843
1560.0 523.903509252352
1561.0 524.137976040816
1562.0 524.3612553657601
1563.0 524.573251013824
1564.0 524.7739630808321
1565.0 524.9634019314719
1566.0 525.141492395424
1567.0 525.3082609750402
1568.0 525.4636021749923
1569.0 525.6075179712478
1570.0 525.7399806057601
1571.0 525.861036810096
1572.0 525.970617261808
1573.0 526.0686964123681
1574.0 526.15524976072
1575.0 526.2303226498719
1576.0 526.2939482919679
1577.0 526.3461663555358
1578.0 526.3870257996319
1579.0 526.4165455192482
1580.0 526.434621211328
1581.0 526.441259111936
1582.0 526.43646252448
1583.0 526.4202239994399
1584.0 526.3926525167842
1585.0 526.3536973601922
1586.0 526.303390250464
1587.0 526.2417593732638
1588.0 526.1688288516319
1589.0 526.0846028252
1590.0 525.9891454699841
1591.0 525.88248802696
1592.0 525.7645886868802
1593.0 525.6355199285122
1594.0 525.4953903050401
1595.0 525.344149386128
1596.0 525.1818402998397
1597.0 525.0084459315361
1598.0 524.824075232416
1599.0 524.628739663328
1600.0 524.4224834286559
1601.0 524.205415586432
1602.0 523.9775248785601
1603.0 523.7389797177759
1604.0 523.4897489464
1605.0 523.2299202065121
1606.0 522.9595267976322
1607.0 522.678759748912
1608.0 522.3875534292799
1609.0 522.0859486906882
1610.0 521.7740357476479
1611.0 521.4518534480482
1612.0 521.119493146336
1613.0 520.7769887222241
1614.0 520.4245163555681
1615.0 520.0620382985601
1616.0 519.689746641808
1617.0 519.3075709140161
1618.0 518.915803232512
1619.0 518.5143684491521
1620.0 518.1034449548961
1621.0 517.68310107704
1622.0 517.2534337307038
1623.0 516.8145785509117
1624.0 516.3665564826559
1625.0 515.909474219792
1626.0 515.443333348496
1627.0 514.9683122561121
1628.0 514.4845200063361
1629.0 513.9920960279679
1630.0 513.491038883136
1631.0 512.9814361828638
1632.0 512.4634082812479
1633.0 511.93710201020815
1634.0 511.40265061915187
1635.0 510.86017335331206
1636.0 510.30971521086394
1637.0 509.75134778376025
1638.0 509.1852439189123
1639.0 508.61154529307197
1640.0 508.0303775319042
1641.0 507.4417366861122
1642.0 506.8458202896321
1643.0 506.24275763857594
1644.0 505.6327361482239
1645.0 505.0158570089761
1646.0 504.39220038193605
1647.0 503.76192838847976
1648.0 503.12509943336
1649.0 502.48192827371196
1650.0 501.83248664094407
1651.0 501.17689455212815
1652.0 500.51533914246403
1653.0 499.84796412304013
1654.0 499.17488644819207
1655.0 498.49619750092825
1656.0 497.81201671232003
1657.0 497.122367348048
1658.0 496.427450222688
1659.0 495.72742098998395
1660.0 495.022421636768
1661.0 494.3126023224959
1662.0 493.59808568848
1663.0 492.87895802788796
1664.0 492.1554561624481
1665.0 491.42771324507186
1666.0 490.6958550722561
1667.0 489.96000362150414
1668.0 489.22036812494406
1669.0 488.4770327241441
1670.0 487.73020111446385
1671.0 486.9799999438079
1672.0 486.22655707038405
1673.0 485.46999753768006
1674.0 484.7104622422241
1675.0 483.94816931081596
1676.0 483.183202201504
1677.0 482.41568853016014
1678.0 481.645776176976
1679.0 480.87373672259207
1680.0 480.099690172352
1681.0 479.32384854232004
1682.0 478.5463711975358
1683.0 477.767327118928
1684.0 476.98689164259184
1685.0 476.20521077480026
1686.0 475.4224498337759
1687.0 474.63874626376
1688.0 473.854227739664
1689.0 473.06903995662407
1690.0 472.2834000494719
1691.0 471.49747909363185
1692.0 470.7113260202561
1693.0 469.92514314124793
1694.0 469.13910263942415
1695.0 468.3532176307839
1696.0 467.56780780483194
1697.0 466.782907342192
1698.0 465.99879389995203
1699.0 465.21562538507203
1700.0 464.4336028776
1701.0 463.652819605536
1702.0 462.87345896174395
1703.0 462.095781769552
1704.0 461.319846059184
1705.0 460.54582316223986
1706.0 459.7739341909602
1707.0 459.00429900910393
1708.0 458.237020723504
1709.0 457.4723259707199
1710.0 456.71028380489605
1711.0 455.9510391263839
1712.0 455.194756478944
1713.0 454.44153332881604
1714.0 453.69156822547194
1715.0 452.9450796148161
1716.0 452.2022203683041
1717.0 451.4630681213119
1718.0 450.7278983593918
1719.0 449.9967993953761
1720.0 449.26992609952003
1721.0 448.547423554576
1722.0 447.829428433184
1723.0 447.11609470350413
1724.0 446.40751286328
1725.0 445.70389084849603
1726.0 445.00544209276785
1727.0 444.31217422319986
1728.0 443.6242904687039
1729.0 442.94199484931187
1730.0 442.26544189808
1731.0 441.5946534649922
1732.0 440.929816046592
1733.0 440.27105879623997
1734.0 439.6185193345761
1735.0 438.9723256936319
1736.0 438.332557406144
1737.0 437.699408026496
1738.0 437.072960895344
1739.0 436.45332249433596
1740.0 435.8406689331042
1741.0 435.2351256899042
1742.0 434.636900658992
1743.0 434.0460512229758
1744.0 433.4627924411681
1745.0 432.88714434860805
1746.0 432.31935900328
1747.0 431.7594190440799
1748.0 431.2075365307361
1749.0 430.663913250304
1750.0 430.1285544926238
1751.0 429.60158971582393
1752.0 429.08315344886387
1753.0 428.5733654529122
1754.0 428.07227216248003
1755.0 427.5799914278724
1756.0 427.096703393632
1757.0 426.622521455584
1758.0 426.15756999403203
1759.0 425.70189764193583
1760.0 425.25562733552016
1761.0 424.81882038393616
1762.0 424.39161535620815
1763.0 423.97395934944024
1764.0 423.5659481854881
1765.0 423.16781147894415
1766.0 422.77956052628787
1767.0 422.40142815920007
1768.0 422.033321964896
1769.0 421.67536827023986
1770.0 421.3277297393599
1771.0 420.990428645296
1772.0 420.6635257178559
1773.0 420.34711012099217
1774.0 420.041292362688
1775.0 419.7461551894241
1776.0 419.46174648888007
1777.0 419.18817735697587
1778.0 418.92544634379203
1779.0 418.67366139383995
1780.0 418.43288754571205
1781.0 418.20325611974397
1782.0 417.98476326483194
1783.0 417.7774652036481
1784.0 417.58138008590396
1785.0 417.39668544441594
1786.0 417.223250105008
1787.0 417.06118332161606
1788.0 416.91054859729604
1789.0 416.7713957458401
1790.0 416.64381627251186
1791.0 416.52780456441604
1792.0 416.4234473600959
1793.0 416.33068109540807
1794.0 416.2495603939839
1795.0 416.1801283367199
1796.0 416.122421606064
1797.0 416.0764866009282
1798.0 416.0423820511519
1799.0 416.02012311054403
1800.0 416.0097010218401
1801.0 416.01116335147196
1802.0 416.0245199471841
1803.0 416.0498500876
1804.0 416.0871335603039
1805.0 416.136362512048
1806.0 416.1977084624479
1807.0 416.27105164628813
1808.0 416.35644825315194
1809.0 416.45380122819205
1810.0 416.5631126064959
1811.0 416.684504394768
1812.0 416.8179076755199
1813.0 416.96334308619214
1814.0 417.1207944622721
1815.0 417.29026417423995
1816.0 417.4716958656001
1817.0 417.66502787687995
1818.0 417.870310487648
1819.0 418.08759516727997
1820.0 418.316823573888
1821.0 418.5579123101119
1822.0 418.81089285243206
1823.0 419.07577118028814
1824.0 419.35253430577603
1825.0 419.64113718379195
1826.0 419.9415079064159
1827.0 420.25361200814393
1828.0 420.577455910672
1829.0 420.9130030949762
1830.0 421.26020806588804
1831.0 421.6190403754082
1832.0 421.98945500526435
1833.0 422.37141717844787
1834.0 422.7648824550562
1835.0 423.16979354329595
1836.0 423.58614499915194
1837.0 424.0139234650238
1838.0 424.4529980025601
1839.0 424.90338519607997
1840.0 425.3649109902879
1841.0 425.837642315072
1842.0 426.32148526028806
1843.0 426.816360337472
1844.0 427.3221161070559
1845.0 427.83881888553606
1846.0 428.3663313691201
1847.0 428.90464337288006
1848.0 429.45364232014407
1849.0 430.01326686793584
1850.0 430.58344917070406
1851.0 431.1641244443679
1852.0 431.75518607150417
1853.0 432.356586999936
1854.0 432.96814176456
1855.0 433.5897872576161
1856.0 434.22149210627197
1857.0 434.8631806261601
1858.0 435.514765522768
1859.0 436.1761373441439
1860.0 436.8471719227521
1861.0 437.5278095892001
1862.0 438.2179218433439
1863.0 438.91743203875194
1864.0 439.6262284752
1865.0 440.344197624768
1866.0 441.071215446848
1867.0 441.8072332999358
1868.0 442.55207025958407
1869.0 443.30566284115196
1870.0 444.0679242367199
1871.0 444.8386679299201
1872.0 445.61780017931204
1873.0 446.4051978419519
1874.0 447.200765281808
1875.0 448.0043995557762
1876.0 448.8159560428321
1877.0 449.635250156688
1878.0 450.46216506937606
1879.0 451.29659805907215
1880.0 452.138527159456
1881.0 452.987733899936
1882.0 453.84407379252815
1883.0 454.707441771136
1884.0 455.57772340417597
1885.0 456.45464766569586
1886.0 457.33820854839985
1887.0 458.22830037940804
1888.0 459.1247089606879
1889.0 460.0273987206239
1890.0 460.936163783088
1891.0 461.85084905515214
1892.0 462.7713581950079
1893.0 463.6974815021441
1894.0 464.62907491711996
1895.0 465.56609623494415
1896.0 466.50837975222413
1897.0 467.4557191200641
1898.0 468.40801455815983
1899.0 469.36516047014413
1900.0 470.32696617902394
1901.0 471.29324841219204
1902.0 472.2639771138241
1903.0 473.23894464601597
1904.0 474.2180722080162
1905.0 475.2011780528479
1906.0 476.1881871517279
1907.0 477.1789175460799
1908.0 478.1732017204158
1909.0 479.1709619519361
1910.0 480.1719070136161
1911.0 481.17595545651204
1912.0 482.18301245942405
1913.0 483.1929173922719
1914.0 484.20550470100795
1915.0 485.2206554645601
1916.0 486.238203277296
1917.0 487.258012392448
1918.0 488.27989184235196
1919.0 489.30373318008003
1920.0 490.32937521249625
1921.0 491.3565734563522
1922.0 492.3852012576638
1923.0 493.41519549249614
1924.0 494.44635982732814
1925.0 495.478693854304
1926.0 496.5119079769917
1927.0 497.54592204155205
1928.0 498.580532387056
1929.0 499.61548908108807
1930.0 500.650715031136
1931.0 501.6860842853599
1932.0 502.7214104369602
1933.0 503.7564831791039
1934.0 504.791111277328
1935.0 505.82529230502416
1936.0 506.85883716363213
1937.0 507.89160715892797
1938.0 508.9234734130561
1939.0 509.9542705931843
1940.0 510.9837922140159
1941.0 512.0118631466238
1942.0 513.0384434950081
1943.0 514.0634056630244
1944.0 515.0864687036476
1945.0 516.1075095587681
1946.0 517.126350136848
1947.0 518.1429669421761
1948.0 519.1570890844798
1949.0 520.1685911541919
1950.0 521.1774498355356
1951.0 522.183375246144
1952.0 523.1863739624159
1953.0 524.1863016956481
1954.0 525.1830153044
1955.0 526.1763477143361
1956.0 527.1661888235042
1957.0 528.15243233232
1958.0 529.13480929264
1959.0 530.1132262460801
1960.0 531.087525406032
1961.0 532.057481204016
1962.0 533.0232085352479
1963.0 533.9843442171039
1964.0 534.940803779648
1965.0 535.8925138387838
1966.0 536.8392632701118
1967.0 537.7810402329121
1968.0 538.7176566615359
1969.0 539.6490677804159
1970.0 540.5750844555201
1971.0 541.4956581070719
1972.0 542.4106235091363
1973.0 543.3198773926079
1974.0 544.2231947818559
1975.0 545.1205263521919
1976.0 546.011740539024
1977.0 546.896710882656
1978.0 547.7753788353762
1979.0 548.6476181232962
1980.0 549.5133527426718
1981.0 550.3723269856158
1982.0 551.2245964489441
1983.0 552.0699355452962
1984.0 552.9082887885281
1985.0 553.7395742650721
1986.0 554.563659748304
1987.0 555.3804898711359
1988.0 556.1899004570241
1989.0 556.9918039075678
1990.0 557.7861764149918
1991.0 558.5727816977599
1992.0 559.3515294598882
1993.0 560.1222868268
1994.0 560.8850532090562
1995.0 561.639671329232
1996.0 562.3860619706559
1997.0 563.1241018696481
1998.0 563.8537306968641
1999.0 564.574871698928
2000.0 565.287403139296
2001.0 565.9913124465919
2002.0 566.6865605876
2003.0 567.3730507776158
2004.0 568.0507291950082
2005.0 568.719408827984
2006.0 569.3790993651837
2007.0 570.029666240784
2008.0 570.6710488828638
2009.0 571.303200561136
2010.0 571.9261319233759
2011.0 572.5397602706558
2012.0 573.1439086905918
2013.0 573.738565352624
2014.0 574.323641509184
2015.0 574.8991755078721
2016.0 575.4650613182719
2017.0 576.0211833840638
2018.0 576.567559903712
2019.0 577.104113694624
2020.0 577.63070728696
2021.0 578.147425734496
2022.0 578.6543599199841
2023.0 579.151362162976
2024.0 579.6382954571839
2025.0 580.1151638851201
2026.0 580.5820044752961
2027.0 581.0387049164959
2028.0 581.485150438288
2029.0 581.9214116167038
2030.0 582.3473012186244
2031.0 582.7630015505922
2032.0 583.1683842948158
2033.0 583.5634740787998
2034.0 583.9482634461598
2035.0 584.3227461626241
2036.0 584.6869349241758
2037.0 585.0407731758721
2038.0 585.384263311648
2039.0 585.7173487065921
2040.0 586.0400097201442
2041.0 586.352196248976
2042.0 586.6539237258078
2043.0 586.9452916707521
2044.0 587.226160874832
2045.0 587.4966880883038
2046.0 587.756831969408
2047.0 588.0066594559679
2048.0 588.2462046589601
2049.0 588.4754836550399
2050.0 588.6942895465121
2051.0 588.9028368224797
2052.0 589.1011073783998
2053.0 589.2891398104961
2054.0 589.466833309568
2055.0 589.6343065037761
2056.0 589.7915545360479
2057.0 589.93859840264
2058.0 590.0753541112323
2059.0 590.201972464448
2060.0 590.3184377858563
2061.0 590.4249825320159
2062.0 590.521506712576
2063.0 590.6079827936159
2064.0 590.6845153010881
2065.0 590.7512085824801
2066.0 590.8080304055999
2067.0 590.855020987728
2068.0 590.8923054783043
2069.0 590.9197971680322
2070.0 590.9376015978562
2071.0 590.9457823865121
2072.0 590.94436991936
2073.0 590.93344406736
2074.0 590.9129896458558
2075.0 590.8830881810719
2076.0 590.8437378757762
2077.0 590.7949806957439
2078.0 590.7370109899837
2079.0 590.6698064243682
2080.0 590.5934587257123
2081.0 590.508096099248
2082.0 590.4137695832799
2083.0 590.3105237754239
2084.0 590.1985039277757
2085.0 590.0777883077759
2086.0 589.9482661262558
2087.0 589.8101503866562
2088.0 589.66358031616
2089.0 589.5084487516963
2090.0 589.3449333014241
2091.0 589.1730354513119
2092.0 588.9930063872956
2093.0 588.804822222736
2094.0 588.608506037376
2095.0 588.404248571552
2096.0 588.1921175896481
2097.0 587.972319493104
2098.0 587.7447696314719
2099.0 587.5096123245279
2100.0 587.2670880522398
2101.0 587.017143095088
2102.0 586.75995971856
2103.0 586.4956119104639
2104.0 586.224233830752
2105.0 585.94595550248
2106.0 585.6607872505439
2107.0 585.3689669861922
2108.0 585.0705455364962
2109.0 584.765672906864
2110.0 584.4543702413281
2111.0 584.1368493982402
2112.0 583.8131509357279
2113.0 583.4834024408799
2114.0 583.147656849248
2115.0 582.8062258436321
2116.0 582.4591651468479
2117.0 582.106541117472
2118.0 581.7484097470239
2119.0 581.3848421548162
2120.0 581.015934931008
2121.0 580.64189350824
2122.0 580.2627577030881
2123.0 579.8787603056002
2124.0 579.4899880136961
2125.0 579.0965502552001
2126.0 578.6984657485759
2127.0 578.2959856468
2128.0 577.889236750928
2129.0 577.4783992985277
2130.0 577.063539804752
2131.0 576.64491835864
2132.0 576.2225690635838
2133.0 575.7965599494721
2134.0 575.3671091656161
2135.0 574.9342784950879
2136.0 574.4983627873282
2137.0 574.0594115889442
2138.0 573.6174734700479
2139.0 573.17279002448
2140.0 572.7253819409759
2141.0 572.275331516784
2142.0 571.822899300592
2143.0 571.3682162796958
2144.0 570.9113350208796
2145.0 570.4524894002876
2146.0 569.9916578971842
2147.0 569.5290597251038
2148.0 569.0648363592961
2149.0 568.599114341808
2150.0 568.132114223856
2151.0 567.6638145691999
2152.0 567.1943499863681
2153.0 566.723775742016
2154.0 566.2523182901759
2155.0 565.780200220464
2156.0 565.307494946928
2157.0 564.8343545932642
2158.0 564.3609586730239
2159.0 563.887372075984
2160.0 563.4138797277759
2161.0 562.9403327392802
2162.0 562.4670531728801
2163.0 561.9941048941122
2164.0 561.5215596379682
2165.0 561.0495875458239
2166.0 560.5783429314878
2167.0 560.107963843568
2168.0 559.6386167030079
2169.0 559.1702860961283
2170.0 558.703162519888
2171.0 558.237379558
2172.0 557.7730318212
2173.0 557.3103624838402
2174.0 556.8494657320161
2175.0 556.3905319672319
2176.0 555.933583611744
2177.0 555.478740998464
2178.0 555.026203012336
2179.0 554.576068319904
2180.0 554.128512951872
2181.0 553.6835285705281
2182.0 553.241320591072
2183.0 552.802074288128
2184.0 552.365846365856
2185.0 551.93267029872
2186.0 551.502766808416
2187.0 551.0760980067998
2188.0 550.6529185562882
2189.0 550.2332537908959
2190.0 549.8173334478079
2191.0 549.4052700683199
2192.0 548.9972032151998
2193.0 548.5932483652961
2194.0 548.1936208367678
2195.0 547.7983874343838
2196.0 547.4076358006242
2197.0 547.0214512886879
2198.0 546.6400252238882
2199.0 546.2634205870402
2200.0 545.8917753830881
2201.0 545.525141676592
2202.0 545.163724942912
2203.0 544.80746564992
2204.0 544.4565987202079
2205.0 544.1112653933919
2206.0 543.771522008608
2207.0 543.437455043696
2208.0 543.109124596736
2209.0 542.7866766789281
2210.0 542.4701679385281
2211.0 542.1597756666079
2212.0 541.8555856567043
2213.0 541.557712513168
2214.0 541.2661613129283
2215.0 540.9810154350719
2216.0 540.7022786418722
2217.0 540.4300602400003
2218.0 540.1644735445282
2219.0 539.905604607952
2220.0 539.653620623152
2221.0 539.4084649179201
2222.0 539.1702958435841
2223.0 538.9392475509119
2224.0 538.7152741732959
2225.0 538.49847854608
2226.0 538.2889957201759
2227.0 538.0868134847999
2228.0 537.891946259856
2229.0 537.7046216327681
2230.0 537.5247835730879
2231.0 537.3526042652318
2232.0 537.1881116869761
2233.0 537.0312612513919
2234.0 536.8821627565919
2235.0 536.7408905645437
2236.0 536.6075295721919
2237.0 536.482106043936
2238.0 536.364709541664
2239.0 536.255305322368
2240.0 536.154012755632
2241.0 536.06079218304
2242.0 535.975681569024
2243.0 535.8988139351839
2244.0 535.8300930176641
2245.0 535.7697067509919
2246.0 535.717663709152
2247.0 535.674049135024
2248.0 535.6388701000161
2249.0 535.612211734064
2250.0 535.5940564065762
2251.0 535.584458509136
2252.0 535.5832891130243
2253.0 535.5907774641761
2254.0 535.6069470792959
2255.0 535.6316839120482
2256.0 535.6651133890239
2257.0 535.7072933553438
2258.0 535.758198967648
2259.0 535.8177597420001
2260.0 535.8860455128481
2261.0 535.963104264272
2262.0 536.0488332231362
2263.0 536.1434086194882
2264.0 536.2468322044639
2265.0 536.3591215112164
2266.0 536.4802220760481
2267.0 536.6101229837601
2268.0 536.7488614636002
2269.0 536.8965348902561
2270.0 537.0530238163199
2271.0 537.2182951667999
2272.0 537.3923797906236
2273.0 537.5751888958879
2274.0 537.7667589466082
2275.0 537.9671142717601
2276.0 538.1761771830561
2277.0 538.3940072476802
2278.0 538.6204895919841
2279.0 538.8556420716001
2280.0 539.0994099165604
2281.0 539.3518131373281
2282.0 539.6127932687199
2283.0 539.8823603762079
2284.0 540.1605166607677
2285.0 540.447138576304
2286.0 540.7422290801439
2287.0 541.04577419272
2288.0 541.357617100656
2289.0 541.677853861232
2290.0 542.0063757018239
2291.0 542.343261141968
2292.0 542.6883734660157
2293.0 543.041711199632
2294.0 543.403177498
2295.0 543.7726575800639
2296.0 544.1502406609121
2297.0 544.535942885728
2298.0 544.9296373620799
2299.0 545.331394849632
2300.0 545.7409754993599
2301.0 546.1582837711519
2302.0 546.583472432464
2303.0 547.0163058809279
2304.0 547.4567904875361
2305.0 547.9048807681279
2306.0 548.3605311345439
2307.0 548.823575046272
2308.0 549.294010570016
2309.0 549.7719074056961
2310.0 550.2569464362562
2311.0 550.7490782288958
2312.0 551.248317780768
2313.0 551.7544929564962
2314.0 552.2675734820959
2315.0 552.7874282028961
2316.0 553.314042884384
2317.0 553.84731159216
2318.0 554.387128044368
2319.0 554.933511267104
2320.0 555.4863031148159
2321.0 556.0453426680319
2322.0 556.6106404424321
2323.0 557.1820298715999
2324.0 557.759458748032
2325.0 558.3427753997281
2326.0 558.9318750075998
2327.0 559.5267445662878
2328.0 560.127153133472
2329.0 560.7330736294882
2330.0 561.344346574464
2331.0 561.9609885195842
2332.0 562.5828185135359
2333.0 563.2097977840799
2334.0 563.841761508064
2335.0 564.4786325632797
2336.0 565.1203694033599
2337.0 565.766780402432
2338.0 566.4179384293761
2339.0 567.073624464176
2340.0 567.733784620464
2341.0 568.3982256800161
2342.0 569.0668659688638
2343.0 569.739570656976
2344.0 570.4162227666719
2345.0 571.0966042430562
2346.0 571.7807539615038
2347.0 572.4684571246881
2348.0 573.159662577296
2349.0 573.8542187075684
2350.0 574.5518548500319
2351.0 575.2524991983998
2352.0 575.9561000906399
2353.0 576.6624785670559
2354.0 577.3716358331202
2355.0 578.083343895504
2356.0 578.7975509860321
2357.0 579.5141045762559
2358.0 580.232892014192
2359.0 580.9539217608638
2360.0 581.6770533521278
2361.0 582.402145617728
2362.0 583.1290168391681
2363.0 583.8575933307201
2364.0 584.5876660763358
2365.0 585.319145253216
2366.0 586.0518181688158
2367.0 586.78573493944
2368.0 587.5207491712961
2369.0 588.2566982836964
2370.0 588.9934917525601
2371.0 589.730928883008
2372.0 590.468975205392
2373.0 591.2074595773123
2374.0 591.9463213376318
2375.0 592.685309376816
2376.0 593.4244252845762
2377.0 594.1635332657121
2378.0 594.9024751450238
2379.0 595.6410911499678
2380.0 596.3792831915201
2381.0 597.116995620848
2382.0 597.8540775152961
2383.0 598.5904413392961
2384.0 599.325910121344
2385.0 600.0604769370559
2386.0 600.793916900528
2387.0 601.5261515641122
2388.0 602.2569610028161
2389.0 602.986268610224
2390.0 603.7139540198879
2391.0 604.4399774604799
2392.0 605.1641601926719
2393.0 605.88645079848
2394.0 606.6065512286561
2395.0 607.3244262689917
2396.0 608.039987832336
2397.0 608.7530997639839
2398.0 609.463623692336
2399.0 610.1714569845923
2400.0 610.8763882426081
2401.0 611.5783461455678
2402.0 612.2771908435037
2403.0 612.9728441019522
2404.0 613.665197202288
2405.0 614.3540327803837
2406.0 615.0393828148802
2407.0 615.7210635043998
2408.0 616.3990113010881
2409.0 617.0730783134561
2410.0 617.7430942632639
2411.0 618.4090312194879
2412.0 619.0708203207201
2413.0 619.7282339493124
2414.0 620.3811786804799
2415.0 621.029623342608
2416.0 621.6732889809762
2417.0 622.312105777472
2418.0 622.946044332208
2419.0 623.5749607178242
2420.0 624.198762150432
2421.0 624.8174459806561
2422.0 625.4307953743362
2423.0 626.0387544075195
2424.0 626.6412813584163
2425.0 627.2383306896797
2426.0 627.829660274064
2427.0 628.4152205601761
2428.0 628.9948965950399
2429.0 629.568610695136
2430.0 630.136366513088
2431.0 630.6979318830083
2432.0 631.2534592937761
2433.0 631.8026646867199
2434.0 632.3455586944958
2435.0 632.881958996976
2436.0 633.4118419015203
2437.0 633.9350943539356
2438.0 634.4517495300158
2439.0 634.9617396092159
2440.0 635.4649213634242
2441.0 635.9611738754078
2442.0 636.4503659013119
2443.0 636.9324090665598
2444.0 637.4073444027679
2445.0 637.8751003959358
2446.0 638.3355844192319
2447.0 638.7887171775361
2448.0 639.234339819376
2449.0 639.6723472061759
2450.0 640.1028614001757
2451.0 640.5257491784321
2452.0 640.9409721506238
2453.0 641.3484281623041
2454.0 641.748079227472
2455.0 642.1399022747995
2456.0 642.523856301072
2457.0 642.9000195231678
2458.0 643.2683107340962
2459.0 643.6286339186238
2460.0 643.9810408137281
2461.0 644.325496168992
2462.0 644.661818981088
2463.0 644.9900232728962
2464.0 645.3100302632798
2465.0 645.6218689643363
2466.0 645.925550888656
2467.0 646.221009339008
2468.0 646.5081485281763
2469.0 646.7869947046878
2470.0 647.057529502352
2471.0 647.3196553350242
2472.0 647.5733550544161
2473.0 647.818541480048
2474.0 648.055222139184
2475.0 648.2834364217599
2476.0 648.5032911534715
2477.0 648.714740704256
2478.0 648.917786400192
2479.0 649.1123766141761
2480.0 649.2984417546081
2481.0 649.4759433596803
2482.0 649.6448375017279
2483.0 649.80526665304
2484.0 649.9570845725921
2485.0 650.1002750435839
2486.0 650.2349151892638
2487.0 650.3609823392478
2488.0 650.4785816591359
2489.0 650.5877176018396
2490.0 650.6883109971358
2491.0 650.7804224897279
2492.0 650.864055397808
2493.0 650.9392326591521
2494.0 651.0060115388003
2495.0 651.0641333656162
2496.0 651.1138528005921
2497.0 651.1551602619836
2498.0 651.18802241976
2499.0 651.212631418064
2500.0 651.2290917770239
2501.0 651.2373625429439
2502.0 651.2374346799203
2503.0 651.2292758115678
2504.0 651.2130219962239
2505.0 651.1887041855521
2506.0 651.1563458661119
2507.0 651.115997420304
2508.0 651.067583811712
2509.0 651.011171015104
2510.0 650.9468411400801
2511.0 650.8746284229761
2512.0 650.7945968422722
2513.0 650.706846593968
2514.0 650.6112376797761
2515.0 650.5079782504321
2516.0 650.396978858032
2517.0 650.2782515920642
2518.0 650.152051390224
2519.0 650.0183938674081
2520.0 649.8774159058881
2521.0 649.7290935235361
2522.0 649.5734162902082
2523.0 649.4106143711199
2524.0 649.2407288909919
2525.0 649.0638604495681
2526.0 648.8799702471682
2527.0 648.689129114736
2528.0 648.491462384368
2529.0 648.2870464879838
2530.0 648.075971886512
2531.0 647.8583100270238
2532.0 647.6341382891039
2533.0 647.40356181696
2534.0 647.1665672907362
2535.0 646.9233200422243
2536.0 646.6739082412798
2537.0 646.4183245477759
2538.0 646.1566604451043
2539.0 645.8890511011357
2540.0 645.615631010096
2541.0 645.33657719136
2542.0 645.0518308817279
2543.0 644.7616243032962
2544.0 644.4658813633281
2545.0 644.1648706221121
2546.0 643.8585917113923
2547.0 643.547073643232
2548.0 643.2304921229277
2549.0 642.9088783388637
2550.0 642.5825043624002
2551.0 642.2514613185599
2552.0 641.9157327914401
2553.0 641.5755896271199
2554.0 641.2311346864478
2555.0 640.882300505152
2556.0 640.529403221488
2557.0 640.1724352437283
2558.0 639.8116016122079
2559.0 639.4469747216483
2560.0 639.07864338384
2561.0 638.7066892293118
2562.0 638.3312086994241
2563.0 637.9523489833758
2564.0 637.570242443104
2565.0 637.1849712973437
2566.0 636.7966537788162
2567.0 636.4054219908321
2568.0 636.0114285742242
2569.0 635.6147498656638
2570.0 635.2154159973597
2571.0 634.813604320064
2572.0 634.4093647028798
2573.0 634.0029104368003
2574.0 633.5943705675679
2575.0 633.183917634432
2576.0 632.7716055091203
2577.0 632.3575404622397
2578.0 631.941793462848
2579.0 631.5247166748958
2580.0 631.1063295372
2581.0 630.6869142813923
2582.0 630.2666539926402
2583.0 629.845487306704
2584.0 629.423648731904
2585.0 629.001100005296
2586.0 628.5781384244801
2587.0 628.1547734095523
2588.0 627.7311306251679
2589.0 627.3073758553601
2590.0 626.8835982211357
2591.0 626.4601031208158
2592.0 626.0368274074718
2593.0 625.61383482512
2594.0 625.191346829344
2595.0 624.769465777216
2596.0 624.3484377193117
2597.0 623.928283111136
2598.0 623.5091328460479
2599.0 623.0912105693762
2600.0 622.6745301213441
2601.0 622.2592930241763
2602.0 621.8456301402722
2603.0 621.4335785765601
2604.0 621.0234114133123
2605.0 620.6151813052
2606.0 620.209029799792
2607.0 619.80511088528
2608.0 619.403497530976
2609.0 619.004335655168
2610.0 618.6078029133439
2611.0 618.2140418854241
2612.0 617.823076234688
2613.0 617.4350735654559
2614.0 617.0501535936802
2615.0 616.6683715868483
2616.0 616.28986510448
2617.0 615.9148133107203
2618.0 615.5433978498397
2619.0 615.1757083408959
2620.0 614.8118300872641
2621.0 614.451988759584
2622.0 614.0962553354082
2623.0 613.7447141605596
2624.0 613.3973268791042
2625.0 613.0543743662083
2626.0 612.715913101744
2627.0 612.38209308192
2628.0 612.053054787136
2629.0 611.7289023525278
2630.0 611.40972200712
2631.0 611.0955419493597
2632.0 610.7864804687199
2633.0 610.4827317615521
2634.0 610.1844867266079
2635.0 609.891697359296
2636.0 609.6045140749918
2637.0 609.3230592394079
2638.0 609.0474265993922
2639.0 608.77765100576
2640.0 608.5138008211359
2641.0 608.255993409984
2642.0 608.0042999916161
2643.0 607.7588595863679
2644.0 607.519797967952
2645.0 607.2872133912797
2646.0 607.061126673696
2647.0 606.84166365312
2648.0 606.628958212448
2649.0 606.423218936384
2650.0 606.2244199393438
2651.0 606.032701624224
2652.0 605.8481780047844
2653.0 605.6708595580477
2654.0 605.5008232019679
2655.0 605.3381336975359
2656.0 605.18295475224
2657.0 605.0353728182401
2658.0 604.895501554272
2659.0 604.7633494552798
2660.0 604.6389298508001
2661.0 604.5224796468
2662.0 604.4139422162718
2663.0 604.3135884895361
2664.0 604.2212780732798
2665.0 604.1371545416799
2666.0 604.0612868057761
2667.0 603.993747600544
2668.0 603.9346605792477
2669.0 603.8839503195356
2670.0 603.841831601632
2671.0 603.8082118033599
2672.0 603.783233313856
2673.0 603.7670112345278
2674.0 603.7595465853599
2675.0 603.760937474992
2676.0 603.7712111294082
2677.0 603.7903991353919
2678.0 603.8186299302563
2679.0 603.8560053980962
2680.0 603.9024802873121
2681.0 603.958197139424
2682.0 604.0231768184482
2683.0 604.097417659152
2684.0 604.1809584730079
2685.0 604.2737334324481
2686.0 604.375961269712
2687.0 604.48755599304
2688.0 604.6086359480959
2689.0 604.7391473022881
2690.0 604.879226155024
2691.0 605.0287975041922
2692.0 605.1878946865597
2693.0 605.3566193945601
2694.0 605.5348505617281
2695.0 605.7227128153439
2696.0 605.9201254092
2697.0 606.1272821444961
2698.0 606.3440970363044
2699.0 606.5705649374879
2700.0 606.8067041174079
2701.0 607.0525403671998
2702.0 607.3081607995362
2703.0 607.5735174558239
2704.0 607.848649066832
2705.0 608.1335452191362
2706.0 608.4283055969439
2707.0 608.7330061265122
2708.0 609.047637236176
2709.0 609.3721066270243
2710.0 609.7065322297121
2711.0 610.050905541072
2712.0 610.4050894016001
2713.0 610.7691595607523
2714.0 611.1431524686243
2715.0 611.5268662590561
2716.0 611.9204271112322
2717.0 612.3237125298243
2718.0 612.736789953808
2719.0 613.1596157628801
2720.0 613.59217364576
2721.0 614.0344770468799
2722.0 614.4864373953759
2723.0 614.94808151264
2724.0 615.419436988336
2725.0 615.9003648435042
2726.0 616.3908796564161
2727.0 616.8908600953919
2728.0 617.400379944288
2729.0 617.9192976914566
2730.0 618.4476616943841
2731.0 618.9854085749919
2732.0 619.53252882304
2733.0 620.0890938514724
2734.0 620.6549043724801
2735.0 621.2298264360641
2736.0 621.8139798146079
2737.0 622.4073456096639
2738.0 623.0097928153922
2739.0 623.6213089951359
2740.0 624.2419413256321
2741.0 624.8715702003518
2742.0 625.5101931511841
2743.0 626.1576050812478
2744.0 626.8137538432641
2745.0 627.4785559419363
2746.0 628.1519290619678
2747.0 628.8338129628162
2748.0 629.524137709456
2749.0 630.2228453228001
2750.0 630.9298130344962
2751.0 631.6449880453121
2752.0 632.3683625120482
2753.0 633.0996896263039
2754.0 633.8389927299679
2755.0 634.586146645296
2756.0 635.341142468096
2757.0 636.1040824741601
2758.0 636.87471014728
2759.0 637.6528897534561
2760.0 638.4386691374402
2761.0 639.2318787868481
2762.0 640.032406992704
2763.0 640.8402003450241
2764.0 641.65517419912
2765.0 642.4772294585921
2766.0 643.306272544528
2767.0 644.1421781681439
2768.0 644.9848445291202
2769.0 645.8341924318399
2770.0 646.6901191734557
2771.0 647.5525374700802
2772.0 648.4212990808
2773.0 649.2963314605123
2774.0 650.17756190176
2775.0 651.064941937328
2776.0 651.9584145871838
2777.0 652.8578341257439
2778.0 653.7631050512159
2779.0 654.6739396831356
2780.0 655.5904329683518
2781.0 656.5124525919039
2782.0 657.4398090415358
2783.0 658.3724309868478
2784.0 659.3100857386561
2785.0 660.252736102768
2786.0 661.2002926204798
2787.0 662.1525689472155
2788.0 663.1096236296319
2789.0 664.0711435075361
2790.0 665.037124843728
2791.0 666.0073854704959
2792.0 666.9819536915519
2793.0 667.9604489693281
2794.0 668.9429714303523
2795.0 669.9293017322401
2796.0 670.9194030619841
2797.0 671.9131284359679
2798.0 672.9102815758722
2799.0 673.9107110084319
2800.0 674.9143293759039
2801.0 675.9209065580001
2802.0 676.9303647741601
2803.0 677.9425097762877
2804.0 678.9572451475841
2805.0 679.9743728006883
2806.0 680.9938995548318
2807.0 682.015613925984
2808.0 683.0394957030562
2809.0 684.0652507119198
2810.0 685.0928709756479
2811.0 686.122108008496
2812.0 687.152770150608
2813.0 688.1849774515042
2814.0 689.2183719448321
2815.0 690.2530202666242
2816.0 691.2885939388481
2817.0 692.3249491338722
2818.0 693.3621200176638
2819.0 694.3998065908479
2820.0 695.4379234451998
2821.0 696.47640864464
2822.0 697.5149508257919
2823.0 698.5535247652479
2824.0 699.5919215541923
2825.0 700.6300166089279
2826.0 701.667745548544
2827.0 702.7050438223202
2828.0 703.7416905027841
2829.0 704.7775820826723
2830.0 705.8124306274723
2831.0 706.846121710816
2832.0 707.878605405184
2833.0 708.9097865189117
2834.0 709.9394245427198
2835.0 710.9674435421281
2836.0 711.9937750628162
2837.0 713.0182494931362
2838.0 714.040746189232
2839.0 715.0610301106401
2840.0 716.078915064944
2841.0 717.0944489634081
2842.0 718.107378732592
2843.0 719.1175733636962
2844.0 720.1251655678241
2845.0 721.1297716833922
2846.0 722.1313429087843
2847.0 723.1296684274719
2848.0 724.1248682534563
2849.0 725.116747178928
2850.0 726.1052440399038
2851.0 727.09005827552
2852.0 728.0711956036318
2853.0 729.048496609664
2854.0 730.0219110639679
2855.0 730.9912393811835
2856.0 731.956367776304
2857.0 732.9170638149918
2858.0 733.8732614172317
2859.0 734.824833691648
2860.0 735.7716564805603
2861.0 736.713566537824
2862.0 737.6505220214879
2863.0 738.5822751052157
2864.0 739.5089146322721
2865.0 740.4301881266878
2866.0 741.346063675104
2867.0 742.2564708778561
2868.0 743.1613106755839
2869.0 744.060367426704
2870.0 744.9535414068957
2871.0 745.840875635696
2872.0 746.7222847182077
2873.0 747.5975588104322
2874.0 748.4666753784161
2875.0 749.3295513408319
2876.0 750.185975867344
2877.0 751.0359785970243
2878.0 751.8793604520961
2879.0 752.7160615397764
2880.0 753.5461275340158
2881.0 754.3693332748478
2882.0 755.1856183530398
2883.0 755.9949849404319
2884.0 756.7973581744801
2885.0 757.5925163888162
2886.0 758.3805341076002
2887.0 759.1611306016481
2888.0 759.9343930589121
2889.0 760.7001414400642
2890.0 761.4582284112479
2891.0 762.2085892187363
2892.0 762.9511136260479
2893.0 763.685766236208
2894.0 764.4125010734881
2895.0 765.1311702191841
2896.0 765.8418179115039
2897.0 766.5442264252159
2898.0 767.238390184704
2899.0 767.9242636205599
2900.0 768.601790192352
2901.0 769.2708511188159
2902.0 769.9313448846723
2903.0 770.583264961456
2904.0 771.2265359424957
2905.0 771.861180195088
2906.0 772.4871237310239
2907.0 773.1042202043357
2908.0 773.7124320479519
2909.0 774.3117091138884
2910.0 774.901919425008
2911.0 775.4830838978719
2912.0 776.0551371469599
2913.0 776.6179168113598
2914.0 777.1714108790719
2915.0 777.715575819168
2916.0 778.2503280034721
2917.0 778.775674440544
2918.0 779.2915434236481
2919.0 779.7979739051362
2920.0 780.2948419531202
2921.0 780.7821919163199
2922.0 781.2599564702077
2923.0 781.7281995901922
2924.0 782.1867759620957
2925.0 782.63575497624
2926.0 783.0749099120479
2927.0 783.5045166127201
2928.0 783.92445776416
2929.0 784.334599675824
2930.0 784.735078199232
2931.0 785.12563878096
2932.0 785.5062756446719
2933.0 785.8772512544317
2934.0 786.2383627005597
2935.0 786.5896226544803
2936.0 786.9311384555199
2937.0 787.2627121167998
2938.0 787.5844878398559
2939.0 787.896324083312
2940.0 788.198402649904
2941.0 788.4905696123197
2942.0 788.77278943128
2943.0 789.0452369483198
2944.0 789.3077739202238
2945.0 789.5604894384318
2946.0 789.803491804256
2947.0 790.0366657495679
2948.0 790.2599665927359
2949.0 790.4734910128959
2950.0 790.6772470558719
2951.0 790.8713541107197
2952.0 791.0558069608799
2953.0 791.2305477961761
2954.0 791.3956126215198
2955.0 791.5510510170078
2956.0 791.6969048375679
2957.0 791.8332073223679
2958.0 791.9600671932319
2959.0 792.0774391016319
2960.0 792.1854651267358
2961.0 792.2841554912475
2962.0 792.3736026392801
2963.0 792.4539253576318
2964.0 792.52499317376
2965.0 792.5869373137597
2966.0 792.6398266270719
2967.0 792.6836351895843
2968.0 792.7183955685282
2969.0 792.7442899501439
2970.0 792.7613000703843
2971.0 792.7694232107355
2972.0 792.7688566918398
2973.0 792.7595565653761
2974.0 792.7417189079843
2975.0 792.7153252834881
2976.0 792.6804047062561
2977.0 792.6369698708
2978.0 792.5853056000636
2979.0 792.5253267145122
2980.0 792.4569789713921
2981.0 792.3805959650402
2982.0 792.2961820655362
2983.0 792.2038993545759
2984.0 792.1036539821602
2985.0 791.9957195460165
2986.0 791.879884789264
2987.0 791.7563995450242
2988.0 791.6252499673121
2989.0 791.48661688456
2990.0 791.3404313422877
2991.0 791.1867928452803
2992.0 791.025917672592
2993.0 790.8579268468482
2994.0 790.6827723697281
2995.0 790.5006443289917
2996.0 790.3116862955361
2997.0 790.1159013706563
2998.0 789.913342063472
2999.0 789.704063243376
3000.0 789.4882839893121
