1.0 0.12163219532055995
2.0 0.33420527947760004
3.0 0.6443163103377599
4.0 1.05304874275168
5.0 1.5607708699360003
6.0 2.1674908016048
7.0 2.873133531427201
8.0 3.6774163471392
9.0 4.580133455072001
10.0 5.580981359985602
11.0 6.679665804468797
12.0 7.8757946713952
13.0 9.168975721628795
14.0 10.5588371505856
15.0 12.044941992996796
16.0 13.626871875536002
17.0 15.304146417547202
18.0 17.076286790574404
19.0 18.942784545584
20.0 20.903150588192
21.0 22.95682516428799
22.0 25.10326591432
23.0 27.34190534425599
24.0 29.672149361615993
25.0 32.093426844928004
26.0 34.605089844816
27.0 37.2065222576
28.0 39.897086108848
29.0 42.676084301024
30.0 45.54286361422401
31.0 48.496725621728004
32.0 51.53698961294399
33.0 54.662932811535995
34.0 57.87384568012802
35.0 61.169013569616006
36.0 64.54767497086401
37.0 68.00910455848
38.0 71.55253083115198
39.0 75.17720578420801
40.0 78.88234677239998
41.0 82.667140097248
42.0 86.53086540092804
43.0 90.47272796537604
44.0 94.49192710551998
45.0 98.58768853817601
46.0 102.75916014091203
47.0 107.00560550078399
48.0 111.32620469532799
49.0 115.72012756414395
50.0 120.18655149926394
51.0 124.72467727544003
52.0 129.33367786865603
53.0 134.01275207083202
54.0 138.76107219441593
55.0 143.577823292544
56.0 148.462179583408
57.0 153.413390254272
58.0 158.4306666776
59.0 163.51315041289598
60.0 168.66010043961606
61.0 173.87062650641602
62.0 179.14397618761603
63.0 184.479297627776
64.0 189.87582276540795
65.0 195.33276271376008
66.0 200.84932968319998
67.0 206.42471764936008
68.0 212.0582170261759
69.0 217.74898766387196
70.0 223.496297851504
71.0 229.2993747934559
72.0 235.15749064419214
73.0 241.0699073663841
74.0 247.03579763998397
75.0 253.05444516830394
76.0 259.1251050874721
77.0 265.24708254199993
78.0 271.4195953192322
79.0 277.64199150945615
80.0 283.913517881424
81.0 290.23346013736
82.0 296.601110748464
83.0 303.01579585873606
84.0 309.47677464262404
85.0 315.98342736334405
86.0 322.535088730864
87.0 329.13103193017594
88.0 335.7706190436
89.0 342.453142672656
90.0 349.177983979152
91.0 355.94451013006403
92.0 362.75204981548814
93.0 369.60011460206414
94.0 376.48800782382403
95.0 383.4150608488962
96.0 390.3807255632961
97.0 397.3844215112801
98.0 404.42549270243205
99.0 411.50346133024016
100.0 418.61770045537617
101.0 425.7676505148318
102.0 432.9527633037281
103.0 440.1724634756641
104.0 447.42621461260796
105.0 454.71348725387213
106.0 462.0336970132159
107.0 469.38628965296004
108.0 476.770851421488
109.0 484.18677223094403
110.0 491.633627910016
111.0 499.1108429948159
112.0 506.6179399652
113.0 514.154469608144
114.0 521.719841431104
115.0 529.3137140016959
116.0 536.935627660208
117.0 544.5850140110722
118.0 552.2614667890241
119.0 559.9646028268801
120.0 567.69396431168
121.0 575.44902494144
122.0 583.2294177808478
123.0 591.0346464783521
124.0 598.8643078987841
125.0 606.7180587816638
126.0 614.5953847935359
127.0 622.4958868316958
128.0 630.4192051803836
129.0 638.3649733545919
130.0 646.33276052056
131.0 654.3222394158239
132.0 662.3330331877921
133.0 670.3646481315842
134.0 678.4168715625601
135.0 686.4892499491359
136.0 694.5814200520161
137.0 702.6929909077919
138.0 710.823651410528
139.0 718.9730012058559
140.0 727.1407258601919
141.0 735.3264121705919
142.0 743.529780522112
143.0 751.7505567573278
144.0 759.9883273910721
145.0 768.2427406756641
146.0 776.5136595176002
147.0 784.8006474372959
148.0 793.103513516864
149.0 801.4218370269281
150.0 809.75534185648
151.0 818.1037558205762
152.0 826.4667432591361
153.0 834.8440526787841
154.0 843.2352587652958
155.0 851.6403109932642
156.0 860.0587992177282
157.0 868.4904464732317
158.0 876.9350287947684
159.0 885.3922209153925
160.0 893.8618614573603
161.0 902.34362127784
162.0 910.8371537646244
163.0 919.3421230044481
164.0 927.858451941424
165.0 936.3858263318082
166.0 944.9240687449285
167.0 953.4729378807518
168.0 962.0319757667203
169.0 970.6011070648798
170.0 979.1799284588476
171.0 987.7684495390398
172.0 996.3662338326243
173.0 1004.973164575568
174.0 1013.5888103188161
175.0 1022.2130456874396
176.0 1030.8456615476798
177.0 1039.4864500733115
178.0 1048.1352043826075
179.0 1056.7915577446404
180.0 1065.4555129806079
181.0 1074.126738620288
182.0 1082.8049328568325
183.0 1091.4899239852798
184.0 1100.1816259247041
185.0 1108.8795971633754
186.0 1117.5838224783363
187.0 1126.2940791493443
188.0 1135.010063534416
189.0 1143.73171300704
190.0 1152.458532536544
191.0 1161.1905358937279
192.0 1169.9275627396
193.0 1178.6691697409283
194.0 1187.415451654704
195.0 1196.1661310899515
196.0 1204.9209115669923
197.0 1213.6796228782725
198.0 1222.44209880272
199.0 1231.2080773112161
200.0 1239.9774392919999
201.0 1248.749885024208
202.0 1257.5250851808478
203.0 1266.303060512784
204.0 1275.0834623208484
205.0 1283.86633678504
206.0 1292.6512416003518
207.0 1301.4381178938395
208.0 1310.2265918896642
209.0 1319.0167005225444
210.0 1327.8081060210238
211.0 1336.600611024608
212.0 1345.3939724880158
213.0 1354.18828253528
214.0 1362.982951023104
215.0 1371.77805621952
216.0 1380.5733087177443
217.0 1389.368598415295
218.0 1398.1637240466562
219.0 1406.9584895112962
220.0 1415.752601292384
221.0 1424.5461195352
222.0 1433.3386943008957
223.0 1442.130254748448
224.0 1450.920606906032
225.0 1459.7094363140316
226.0 1468.4968020078559
227.0 1477.282370879728
228.0 1486.0658060014555
229.0 1494.8473263531043
230.0 1503.6265079980642
231.0 1512.4031218868797
232.0 1521.176992961456
233.0 1529.948015375072
234.0 1538.7160943383835
235.0 1547.481002260433
236.0 1556.2425144516485
237.0 1565.0006137971523
238.0 1573.7548446904007
239.0 1582.5051842407513
240.0 1591.2512638440962
241.0 1599.9930015697123
242.0 1608.7301648631683
243.0 1617.4628195438568
244.0 1626.1905344341917
245.0 1634.9133228570722
246.0 1643.6308582390557
247.0 1652.3431199114232
248.0 1661.0498954411682
249.0 1669.7509305683839
250.0 1678.4461401438725
251.0 1687.1353519775676
252.0 1695.8183737504799
253.0 1704.4948247279037
254.0 1713.164858597184
255.0 1721.8281594137443
256.0 1730.4844423490727
257.0 1739.133755840368
258.0 1747.7756742520803
259.0 1756.4101357294567
260.0 1765.0370093885917
261.0 1773.6559299500318
262.0 1782.2669332018563
263.0 1790.8702054049922
264.0 1799.4650864905602
265.0 1808.0513374051038
266.0 1816.6291190497445
267.0 1825.198214627504
268.0 1833.7583954283189
269.0 1842.309305027488
270.0 1850.8509756169442
271.0 1859.383294284496
272.0 1867.9059017012005
273.0 1876.4189246473761
274.0 1884.922033613392
275.0 1893.4150186120314
276.0 1901.8977273649762
277.0 1910.370259070464
278.0 1918.8322787582874
279.0 1927.2834152171679
280.0 1935.7239265040803
281.0 1944.1531367743362
282.0 1952.5712932035847
283.0 1960.9782328385438
284.0 1969.3735695122555
285.0 1977.7574521152806
286.0 1986.1296566545443
287.0 1994.4898822448322
288.0 2002.8379853427195
289.0 2011.1739367300645
290.0 2019.4976043501597
291.0 2027.8086309216967
292.0 2036.1067688399994
293.0 2044.3922793750885
294.0 2052.664846672704
295.0 2060.9242397073604
296.0 2069.1702630756645
297.0 2077.4028769483675
298.0 2085.622261239423
299.0 2093.8276069738877
300.0 2102.019397372353
301.0 2110.197058343553
302.0 2118.3603402422086
303.0 2126.509324761824
304.0 2134.643951695375
305.0 2142.7640747219857
306.0 2150.869635458608
307.0 2158.960379274656
308.0 2167.0364085526076
309.0 2175.097557719248
310.0 2183.1435711448003
311.0 2191.174012503599
312.0 2199.1892717003193
313.0 2207.189036269665
314.0 2215.1732410184004
315.0 2223.1416295104636
316.0 2231.094124244256
317.0 2239.030417681248
318.0 2246.9507355128476
319.0 2254.8547764765763
320.0 2262.742448129167
321.0 2270.6135289622243
322.0 2278.4679304790234
323.0 2286.305603283888
324.0 2294.1264008057437
325.0 2301.9304612844007
326.0 2309.717356295104
327.0 2317.4872381396476
328.0 2325.239784839104
329.0 2332.9752299486554
330.0 2340.692980988721
331.0 2348.3937703590404
332.0 2356.076722419168
333.0 2363.7417654256647
334.0 2371.389074818848
335.0 2379.018384100096
336.0 2386.6294453689275
337.0 2394.2225140563196
338.0 2401.7973799964793
339.0 2409.353666727217
340.0 2416.8917353771512
341.0 2424.4113193380317
342.0 2431.9119418500804
343.0 2439.394035372112
344.0 2446.8574301345757
345.0 2454.3019904502717
346.0 2461.7275059418716
347.0 2469.1340742400957
348.0 2476.521594602449
349.0 2483.889816004977
350.0 2491.23860115608
351.0 2498.5681569478716
352.0 2505.878433467712
353.0 2513.169142536224
354.0 2520.4402407732805
355.0 2527.6917833441444
356.0 2534.9235315095357
357.0 2542.135826364016
358.0 2549.3283130592636
359.0 2556.5010143977133
360.0 2563.653786646192
361.0 2570.78653992128
362.0 2577.8994734766566
363.0 2584.9921725250715
364.0 2592.0647817951535
365.0 2599.1173008399364
366.0 2606.149504148463
367.0 2613.1613727199683
368.0 2620.152969468256
369.0 2627.124276118704
370.0 2634.0751119378724
371.0 2641.005723428879
372.0 2647.9158985612635
373.0 2654.8054712613603
374.0 2661.6744408312484
375.0 2668.5229536675206
376.0 2675.350518154929
377.0 2682.1573887549293
378.0 2688.943720773679
379.0 2695.7093139517424
380.0 2702.45393010512
381.0 2709.17787605168
382.0 2715.881109338671
383.0 2722.5636930025917
384.0 2729.2251198928634
385.0 2735.865755881872
386.0 2742.4855768200314
387.0 2749.08422941976
388.0 2755.662036909265
389.0 2762.2187100413607
390.0 2768.7542157506564
391.0 2775.2684243951367
392.0 2781.7613695269742
393.0 2788.2335245297922
394.0 2794.6841476561285
395.0 2801.113770467184
396.0 2807.5222317279363
397.0 2813.9095285069443
398.0 2820.2756525071372
399.0 2826.6203388534077
400.0 2832.9440467644486
401.0 2839.246628758399
402.0 2845.527721905009
403.0 2851.787704803936
404.0 2858.0263380139986
405.0 2864.243708731281
406.0 2870.4397763899833
407.0 2876.614348747872
408.0 2882.7675179599837
409.0 2888.899343804688
410.0 2895.010183115631
411.0 2901.0991782847514
412.0 2907.167231204721
413.0 2913.2140405974724
414.0 2919.239582098128
415.0 2925.2439122791366
416.0 2931.2268713933286
417.0 2937.188514069119
418.0 2943.129005583392
419.0 2949.0482118130735
420.0 2954.946042828112
421.0 2960.82298585088
422.0 2966.678232252592
423.0 2972.512385105263
424.0 2978.3253805942886
425.0 2984.1168910478723
426.0 2989.887468511743
427.0 2995.63636812416
428.0 3001.3643434206874
429.0 3007.0709560863042
430.0 3012.756573735522
431.0 3018.4208079324467
432.0 3024.0638545115507
433.0 3029.685721621745
434.0 3035.2862062387517
435.0 3040.8657704648804
436.0 3046.4243406242235
437.0 3051.9615110447207
438.0 3057.4778308114883
439.0 3062.973063373152
440.0 3068.4470584313276
441.0 3073.900029409568
442.0 3079.3321599040787
443.0 3084.743355151855
444.0 3090.1335754314873
445.0 3095.503002768483
446.0 3100.8515519535995
447.0 3106.179111310399
448.0 3111.4857007059677
449.0 3116.7716527894563
450.0 3122.036610532719
451.0 3127.2807345247516
452.0 3132.504110898544
453.0 3137.7068214199185
454.0 3142.8888436909124
455.0 3148.0501854947697
456.0 3153.191107584466
457.0 3158.3111378008007
458.0 3163.4102369686707
459.0 3168.4887822688006
460.0 3173.5471230624644
461.0 3178.5847447970714
462.0 3183.6017252392157
463.0 3188.5983845714095
464.0 3193.5747358631843
465.0 3198.5305628233136
466.0 3203.4658334266887
467.0 3208.380544039921
468.0 3213.275169342705
469.0 3218.149233099504
470.0 3223.0029308348003
471.0 3227.8362274620963
472.0 3232.6492669476797
473.0 3237.4420646656476
474.0 3242.2144613141436
475.0 3246.9666367281443
476.0 3251.6987129607032
477.0 3256.410529353646
478.0 3261.1022315073924
479.0 3265.773539163153
480.0 3270.4247538695354
481.0 3275.0558591774234
482.0 3279.6671742503177
483.0 3284.2580900622074
484.0 3288.828943623071
485.0 3293.379717220175
486.0 3297.9104445358075
487.0 3302.421220336751
488.0 3306.911583084783
489.0 3311.382131755055
490.0 3315.8328985464314
491.0 3320.2633926331036
492.0 3324.6738006321757
493.0 3329.064212123568
494.0 3333.4347977099214
495.0 3337.785244206449
496.0 3342.1157221954563
497.0 3346.4263271379996
498.0 3350.7173989999837
499.0 3354.988462566193
500.0 3359.2398202172
501.0 3363.471599100912
502.0 3367.683582762401
503.0 3371.875659869233
504.0 3376.048098623679
505.0 3380.200926022176
506.0 3384.3340310014223
507.0 3388.446868524113
508.0 3392.5402260678893
509.0 3396.613677732001
510.0 3400.667350457584
511.0 3404.701168393567
512.0 3408.7151849339048
513.0 3412.709684075696
514.0 3416.684384485361
515.0 3420.639583141953
516.0 3424.5749602544975
517.0 3428.4909707940633
518.0 3432.3869541321596
519.0 3436.2638949234884
520.0 3440.121174399616
521.0 3443.959189359488
522.0 3447.7776221034737
523.0 3451.576248454641
524.0 3455.355478434
525.0 3459.1149866206397
526.0 3462.8547678801756
527.0 3466.5751732128797
528.0 3470.2758975095044
529.0 3473.9567889303844
530.0 3477.618129626911
531.0 3481.259688020352
532.0 3484.881542411119
533.0 3488.4834119233433
534.0 3492.0660054700975
535.0 3495.6288474900966
536.0 3499.1717080839835
537.0 3502.6951462308816
538.0 3506.1986195848003
539.0 3509.6823185504
540.0 3513.146422364271
541.0 3516.590718787536
542.0 3520.0156894631996
543.0 3523.4204980395675
544.0 3526.8057042922737
545.0 3530.171329624336
546.0 3533.5176184150237
547.0 3536.8439359282893
548.0 3540.1510185211837
549.0 3543.4383070654867
550.0 3546.706028139567
551.0 3549.954303365088
552.0 3553.1828389303837
553.0 3556.3918320213916
554.0 3559.581225770976
555.0 3562.750797127793
556.0 3565.90075469789
557.0 3569.0310662562247
558.0 3572.1410916710884
559.0 3575.231833470368
560.0 3578.3024587976965
561.0 3581.3530345951513
562.0 3584.384232077505
563.0 3587.395444880848
564.0 3590.386779901489
565.0 3593.358195240174
566.0 3596.309815698529
567.0 3599.241870120368
568.0 3602.154163694288
569.0 3605.046460317649
570.0 3607.9191710772625
571.0 3610.7718576142242
572.0 3613.604944032417
573.0 3616.4179382692478
574.0 3619.2111882147196
575.0 3621.984787072175
576.0 3624.738154743999
577.0 3627.471520419744
578.0 3630.1853158452477
579.0 3632.8790548547686
580.0 3635.5527122736794
581.0 3638.2067857571355
582.0 3640.8407612838246
583.0 3643.454750608015
584.0 3646.0488990473436
585.0 3648.622971922208
586.0 3651.1768769699192
587.0 3653.7110667883344
588.0 3656.2251871658727
589.0 3658.7194604802244
590.0 3661.1936465738736
591.0 3663.6479935260636
592.0 3666.082244892944
593.0 3668.4962054525436
594.0 3670.8902116351674
595.0 3673.2640342717104
596.0 3675.6176228803206
597.0 3677.9509569893285
598.0 3680.264045430881
599.0 3682.5571185298554
600.0 3684.8302874881438
601.0 3687.083109065151
602.0 3689.3161974506256
603.0 3691.5290797140015
604.0 3693.7220020320005
605.0 3695.8946463815664
606.0 3698.04746235832
607.0 3700.1799641821126
608.0 3702.292701127456
609.0 3704.3849519105434
610.0 3706.4572398774094
611.0 3708.509387062431
612.0 3710.541077472399
613.0 3712.552682644927
614.0 3714.5444892653927
615.0 3716.5156271531355
616.0 3718.46715872797
617.0 3720.3985413716628
618.0 3722.3097111076313
619.0 3724.2007347506405
620.0 3726.0721047286233
621.0 3727.9232704958085
622.0 3729.7546783849275
623.0 3731.565789695856
624.0 3733.35688404752
625.0 3735.1278982472168
626.0 3736.878877469649
627.0 3738.609903392574
628.0 3740.321100885936
629.0 3742.012254241103
630.0 3743.6830614599357
631.0 3745.333826782912
632.0 3746.9648471735686
633.0 3748.5755895789125
634.0 3750.1664544894074
635.0 3751.737331340927
636.0 3753.287956150865
637.0 3754.8187031871043
638.0 3756.3292890619987
639.0 3757.820261954993
640.0 3759.291079044446
641.0 3760.742535106977
642.0 3762.1733885760164
643.0 3763.5845564576957
644.0 3764.9761291616
645.0 3766.3477580010563
646.0 3767.6995630334886
647.0 3769.0317643954086
648.0 3770.3439460620007
649.0 3771.6365762542237
650.0 3772.9094871831344
651.0 3774.162447859264
652.0 3775.396038592479
653.0 3776.60996934016
654.0 3777.804048816864
655.0 3778.9786079534874
656.0 3780.1336021627512
657.0 3781.269281359505
658.0 3782.3854254346397
659.0 3783.4825900009296
660.0 3784.5606320343054
661.0 3785.6192613454064
662.0 3786.658295633921
663.0 3787.678390731521
664.0 3788.6791507804473
665.0 3789.6608863653128
666.0 3790.623286150176
667.0 3791.5669527679993
668.0 3792.4912337486894
669.0 3793.396783480767
670.0 3794.283829877217
671.0 3795.1508929729607
672.0 3795.999518133104
673.0 3796.829094823089
674.0 3797.639831408799
675.0 3798.4318838329577
676.0 3799.2050083676477
677.0 3799.9592063518403
678.0 3800.6948613050868
679.0 3801.41184545851
680.0 3802.1099106261295
681.0 3802.7894513436013
682.0 3803.450452172497
683.0 3804.092686380175
684.0 3804.7165052074574
685.0 3805.321956326862
686.0 3805.90905873952
687.0 3806.477892310032
688.0 3807.028917892688
689.0 3807.562043288575
690.0 3808.0769579689754
691.0 3808.5740260024168
692.0 3809.0532796517123
693.0 3809.514452704574
694.0 3809.9579864859056
695.0 3810.3837226098412
696.0 3810.7916824199683
697.0 3811.181965662288
698.0 3811.554679320351
699.0 3811.91001346392
700.0 3812.2476291708954
701.0 3812.5678656517593
702.0 3812.87056299405
703.0 3813.1560980764307
704.0 3813.4242410982565
705.0 3813.674851094992
706.0 3813.9085067063997
707.0 3814.125213946753
708.0 3814.32460774592
709.0 3814.5072103593616
710.0 3814.67274255296
711.0 3814.821779398559
712.0 3814.9537885332816
713.0 3815.0695415632013
714.0 3815.1686665969587
715.0 3815.2506101238396
716.0 3815.3166150256
717.0 3815.365778709762
718.0 3815.3988933255996
719.0 3815.4158373467203
720.0 3815.415989931359
721.0 3815.40013045712
722.0 3815.3680560148778
723.0 3815.319792761118
724.0 3815.25569440768
725.0 3815.1759761963212
726.0 3815.0801155339204
727.0 3814.9687734116787
728.0 3814.841272771361
729.0 3814.698080299519
730.0 3814.539644273759
731.0 3814.3655421478406
732.0 3814.1761748112003
733.0 3813.971296479841
734.0 3813.7511353647997
735.0 3813.5157277204794
736.0 3813.2651671151993
737.0 3812.99945578736
738.0 3812.71869779696
739.0 3812.423284815201
740.0 3812.1127248780804
741.0 3811.787860239999
742.0 3811.4482485974404
743.0 3811.0941385972824
744.0 3810.7253389988814
745.0 3810.3425313416
746.0 3809.945071576799
747.0 3809.533478022399
748.0 3809.1078220355193
749.0 3808.6678408586076
750.0 3808.2141183653425
751.0 3807.746100530625
752.0 3807.2648934883205
753.0 3806.7697331218887
754.0 3806.261041148288
755.0 3805.7388001652785
756.0 3805.2034465720803
757.0 3804.654357448111
758.0 3804.092075434656
759.0 3803.516506847182
760.0 3802.9276600830067
761.0 3802.3256802968012
762.0 3801.710959749201
763.0 3801.082610355968
764.0 3800.441573060689
765.0 3799.7878178731203
766.0 3799.120962686896
767.0 3798.441458697969
768.0 3797.749343826302
769.0 3797.0444226506247
770.0 3796.3269661252643
771.0 3795.597207629773
772.0 3794.8552612431677
773.0 3794.1009688388644
774.0 3793.335168411614
775.0 3792.557084518319
776.0 3791.7672221582716
777.0 3790.9657230168145
778.0 3790.1526124104626
779.0 3789.3277731821277
780.0 3788.491744165807
781.0 3787.6435227921597
782.0 3786.7838025575998
783.0 3785.912775506239
784.0 3785.03053655248
785.0 3784.136756422881
786.0 3783.2321039542394
787.0 3782.3165256112006
788.0 3781.389670366241
789.0 3780.45167628272
790.0 3779.5028845438405
791.0 3778.54377614064
792.0 3777.5739566376005
793.0 3776.5935718360006
794.0 3775.602953526561
795.0 3774.602083079198
796.0 3773.590769273121
797.0 3772.56904868176
798.0 3771.5378675695997
799.0 3770.496253891199
800.0 3769.4449378777595
801.0 3768.384036803231
802.0 3767.31307201859
803.0 3766.232450642639
804.0 3765.1424051028
805.0 3764.042750447712
806.0 3762.9339567319344
807.0 3761.8153557048013
808.0 3760.6879639120793
809.0 3759.5513170911026
810.0 3758.40572459904
811.0 3757.2510834507184
812.0 3756.087801680049
813.0 3754.9155041156955
814.0 3753.734625455935
815.0 3752.54506783184
816.0 3751.346947133648
817.0 3750.1402134895848
818.0 3748.9255018346544
819.0 3747.702396427552
820.0 3746.471088910479
821.0 3745.2316725802084
822.0 3743.983570963296
823.0 3742.7275482739205
824.0 3741.4637035980304
825.0 3740.1917793983184
826.0 3738.911973916095
827.0 3737.624553201008
828.0 3736.3295963065443
829.0 3735.027093442368
830.0 3733.7169816217292
831.0 3732.3999750686867
832.0 3731.0756463950083
833.0 3729.7440142959667
834.0 3728.4053604396177
835.0 3727.0598004735693
836.0 3725.707511160991
837.0 3724.34832680416
838.0 3722.9825447295834
839.0 3721.609696089473
840.0 3720.230560416322
841.0 3718.8450650102386
842.0 3717.4530169846694
843.0 3716.054831408574
844.0 3714.6500901798877
845.0 3713.2395635669427
846.0 3711.8232373424166
847.0 3710.4006208948167
848.0 3708.97244584712
849.0 3707.5384302288644
850.0 3706.098843629296
851.0 3704.6536357702585
852.0 3703.202703190912
853.0 3701.7467491444804
854.0 3700.285167163839
855.0 3698.818350069312
856.0 3697.345758182145
857.0 3695.868026359538
858.0 3694.3851650353763
859.0 3692.897229837855
860.0 3691.4038388324966
861.0 3689.9053476533445
862.0 3688.401870779472
863.0 3686.893711844337
864.0 3685.3806121889925
865.0 3683.8629397135837
866.0 3682.3406751677758
867.0 3680.8134474641606
868.0 3679.2818882844963
869.0 3677.7458793828323
870.0 3676.2054839276802
871.0 3674.660686077088
872.0 3673.1114005997597
873.0 3671.5579940491198
874.0 3670.0002049006407
875.0 3668.43853555088
876.0 3666.87315503072
877.0 3665.3037736980796
878.0 3663.730764318401
879.0 3662.153775838079
880.0 3660.5734114248016
881.0 3658.9893219503997
882.0 3657.4015599974396
883.0 3655.8105172393603
884.0 3654.215803370881
885.0 3652.61797067504
886.0 3651.016706308481
887.0 3649.4115022654396
888.0 3647.803165111679
889.0 3646.191999128479
890.0 3644.5776080864002
891.0 3642.96017451392
892.0 3641.339833831201
893.0 3639.7163954553607
894.0 3638.090409485122
895.0 3636.46132549712
896.0 3634.830136313919
897.0 3633.1961473190395
898.0 3631.5591742873607
899.0 3629.920161216799
900.0 3628.2783154476792
901.0 3626.634204144958
902.0 3624.9879253384
903.0 3623.339260999632
904.0 3621.688205575694
905.0 3620.0349229228646
906.0 3618.379609087215
907.0 3616.7221179614085
908.0 3615.062621799391
909.0 3613.4012317281276
910.0 3611.738301126575
911.0 3610.073606811631
912.0 3608.407566225296
913.0 3606.7400217877744
914.0 3605.07097257064
915.0 3603.4005138895054
916.0 3601.7288217835367
917.0 3600.055620627695
918.0 3598.381466812225
919.0 3596.706108501473
920.0 3595.029876434287
921.0 3593.352661630431
922.0 3591.674584624544
923.0 3589.9959961480795
924.0 3588.316568359809
925.0 3586.636276325104
926.0 3584.9553616304015
927.0 3583.2739325833113
928.0 3581.5920796287346
929.0 3579.90980449347
930.0 3578.227316226736
931.0 3576.5444675854696
932.0 3574.8612648799535
933.0 3573.1780412225125
934.0 3571.4945083602884
935.0 3569.8112306362395
936.0 3568.128229144001
937.0 3566.4454396948945
938.0 3564.7628468525763
939.0 3563.080809353585
940.0 3561.3987316595035
941.0 3559.717059294447
942.0 3558.036080022112
943.0 3556.3554454044634
944.0 3554.675462472032
945.0 3552.9960809076147
946.0 3551.317658246735
947.0 3549.6398242638693
948.0 3547.9630222583996
949.0 3546.286967242463
950.0 3544.612112342065
951.0 3542.9381482382887
952.0 3541.2652499826727
953.0 3539.5935798188
954.0 3537.9231684024344
955.0 3536.2543183354237
956.0 3534.58649681136
957.0 3532.9202373708154
958.0 3531.2552560830386
959.0 3529.5922289761593
960.0 3527.9304998575362
961.0 3526.270549176303
962.0 3524.612279583295
963.0 3522.9560357798864
964.0 3521.301495846818
965.0 3519.6492732411994
966.0 3517.9986166675044
967.0 3516.3505578194554
968.0 3514.7043755770565
969.0 3513.060540386895
970.0 3511.4192333547217
971.0 3509.780078275295
972.0 3508.143453171216
973.0 3506.509153963377
974.0 3504.877551602864
975.0 3503.24823269853
976.0 3501.6215122071676
977.0 3499.99724192584
978.0 3498.3756892934716
979.0 3496.7568482471047
980.0 3495.1413669027033
981.0 3493.5286409197442
982.0 3491.9189607299027
983.0 3490.3124487288173
984.0 3488.7090120283538
985.0 3487.109198132593
986.0 3485.5120375198726
987.0 3483.9182647661446
988.0 3482.3281595928333
989.0 3480.7411892265445
990.0 3479.157381468064
991.0 3477.5770629588633
992.0 3476.0001671571836
993.0 3474.4272446460795
994.0 3472.8577983296805
995.0 3471.292061930704
996.0 3469.73029783136
997.0 3468.1721879058723
998.0 3466.6182910430734
999.0 3465.0679288080623
1000.0 3463.521504861441
1001.0 3461.978927296209
1002.0 3460.440287675984
1003.0 3458.9056599738906
1004.0 3457.3754006771037
1005.0 3455.8491552715705
1006.0 3454.3271818639996
1007.0 3452.8092919487854
1008.0 3451.29576207192
1009.0 3449.786879965217
1010.0 3448.282489373778
1011.0 3446.7827025358247
1012.0 3445.2873790030885
1013.0 3443.796380161328
1014.0 3442.3101964803514
1015.0 3440.828788184224
1016.0 3439.3521179126074
1017.0 3437.879732049633
1018.0 3436.4125081059037
1019.0 3434.9502148035053
1020.0 3433.4927763237124
1021.0 3432.0403537377438
1022.0 3430.5928285948166
1023.0 3429.149879419184
1024.0 3427.7122364752167
1025.0 3426.2795424363367
1026.0 3424.852282141265
1027.0 3423.429775035022
1028.0 3422.0123057761434
1029.0 3420.600413797504
1030.0 3419.1936142068307
1031.0 3417.792184185074
1032.0 3416.396439831199
1033.0 3415.0059485055353
1034.0 3413.6207778446087
1035.0 3412.2411872725256
1036.0 3410.8669013969607
1037.0 3409.49859140016
1038.0 3408.135482356767
1039.0 3406.778285151967
1040.0 3405.4265463779025
1041.0 3404.0804939210075
1042.0 3402.7402365770563
1043.0 3401.405363620432
1044.0 3400.076525918961
1045.0 3398.753482712977
1046.0 3397.4357024773753
1047.0 3396.1239197215828
1048.0 3394.818196094623
1049.0 3393.5183700231837
1050.0 3392.2243675811196
1051.0 3390.9361703695517
1052.0 3389.6541153963203
1053.0 3388.3781530037277
1054.0 3387.108829485328
1055.0 3385.8450561294717
1056.0 3384.5879254833117
1057.0 3383.336664874114
1058.0 3382.091639728992
1059.0 3380.8533904277274
1060.0 3379.621141774353
1061.0 3378.3956290346714
1062.0 3377.1764616541113
1063.0 3375.963762734688
1064.0 3374.7576246705767
1065.0 3373.558217190992
1066.0 3372.36510313864
1067.0 3371.1786211893113
1068.0 3369.999006225886
1069.0 3368.825830499665
1070.0 3367.659562728176
1071.0 3366.500350014913
1072.0 3365.3477234890074
1073.0 3364.2020296754554
1074.0 3363.062707366656
1075.0 3361.930307687888
1076.0 3360.8047134731205
1077.0 3359.6860616469594
1078.0 3358.5741764011204
1079.0 3357.4691302832007
1080.0 3356.3712720676813
1081.0 3355.28032233872
1082.0 3354.1962631401598
1083.0 3353.1195132038397
1084.0 3352.0496969467195
1085.0 3350.98743297856
1086.0 3349.9324106500803
1087.0 3348.8850275833597
1088.0 3347.84455096016
1089.0 3346.81179775056
1090.0 3345.786284996161
1091.0 3344.7680737801575
1092.0 3343.7572565287373
1093.0 3342.754563527183
1094.0 3341.7590878951205
1095.0 3340.771646598655
1096.0 3339.7920578689764
1097.0 3338.820145450592
1098.0 3337.856086536608
1099.0 3336.8997540693126
1100.0 3335.9513347402085
1101.0 3335.010945866097
1102.0 3334.078167249969
1103.0 3333.1533944705275
1104.0 3332.2363608306086
1105.0 3331.3270942432805
1106.0 3330.42598076115
1107.0 3329.5326248710553
1108.0 3328.647865503232
1109.0 3327.7708496097766
1110.0 3326.90210078496
1111.0 3326.0415711436967
1112.0 3325.189048383073
1113.0 3324.3453382473926
1114.0 3323.509581308209
1115.0 3322.6819787574086
1116.0 3321.8633547726095
1117.0 3321.0530013781126
1118.0 3320.2511346902074
1119.0 3319.457678780384
1120.0 3318.672999458032
1121.0 3317.897180354321
1122.0 3317.129617100784
1123.0 3316.3707383924143
1124.0 3315.6209901983993
1125.0 3314.8799853199366
1126.0 3314.1478489967676
1127.0 3313.424817050209
1128.0 3312.7108366658226
1129.0 3312.0059463334233
1130.0 3311.3101272896006
1131.0 3310.623717660943
1132.0 3309.946111925824
1133.0 3309.2778226878545
1134.0 3308.618500545393
1135.0 3307.9687089109757
1136.0 3307.328167287598
1137.0 3306.6968364187837
1138.0 3306.074993589761
1139.0 3305.462723052048
1140.0 3304.8600474061777
1141.0 3304.266343623231
1142.0 3303.68223591208
1143.0 3303.108346976097
1144.0 3302.543753140385
1145.0 3301.9891966158402
1146.0 3301.4439440091674
1147.0 3300.908951943441
1148.0 3300.383812375825
1149.0 3299.868812950544
1150.0 3299.3636029302397
1151.0 3298.8687217027837
1152.0 3298.383941337088
1153.0 3297.9092167725917
1154.0 3297.444752730417
1155.0 3296.990454244912
1156.0 3296.5461159127517
1157.0 3296.11219333936
1158.0 3295.6881839072325
1159.0 3295.2745947594244
1160.0 3294.8714366324157
1161.0 3294.4788852428633
1162.0 3294.0965201206564
1163.0 3293.725199865888
1164.0 3293.3635747759845
1165.0 3293.012800101585
1166.0 3292.6728981670713
1167.0 3292.3432842059206
1168.0 3292.024657128687
1169.0 3291.7166440439673
1170.0 3291.4192174915056
1171.0 3291.1329783519045
1172.0 3290.857200314177
1173.0 3290.5927766316468
1174.0 3290.3392582242573
1175.0 3290.0969249779205
1176.0 3289.86559142192
1177.0 3289.64536111712
1178.0 3289.43608822736
1179.0 3289.2381011734387
1180.0 3289.0507847073595
1181.0 3288.8748486174386
1182.0 3288.71006615472
1183.0 3288.5563684868803
1184.0 3288.4139427985597
1185.0 3288.2831344852807
1186.0 3288.1634263822416
1187.0 3288.0552659451196
1188.0 3287.9586781374396
1189.0 3287.8737250766403
1190.0 3287.800475718241
1191.0 3287.7386410011195
1192.0 3287.688607541279
1193.0 3287.6500628897606
1194.0 3287.6230200544014
1195.0 3287.6075248311995
1196.0 3287.6039937769588
1197.0 3287.6124745449597
1198.0 3287.632414093919
1199.0 3287.664493815999
1200.0 3287.7087575636797
1201.0 3287.7648044924813
1202.0 3287.8333041702413
1203.0 3287.91399609712
1204.0 3288.0070077937607
1205.0 3288.1122033625593
1206.0 3288.2301611145595
1207.0 3288.3602306849593
1208.0 3288.5028438539207
1209.0 3288.6575864897604
1210.0 3288.8249484083194
1211.0 3289.004736788481
1212.0 3289.197085540801
1213.0 3289.4016622849595
1214.0 3289.6189607524807
1215.0 3289.8488364296
1216.0 3290.0912916449597
1217.0 3290.3463708671998
1218.0 3290.613986229952
1219.0 3290.894127742128
1220.0 3291.1871539879503
1221.0 3291.4928244565936
1222.0 3291.811241972272
1223.0 3292.142361866161
1224.0 3292.486582366016
1225.0 3292.8433778468325
1226.0 3293.2132150091684
1227.0 3293.59562919488
1228.0 3293.9908972895364
1229.0 3294.399777167295
1230.0 3294.8212956061443
1231.0 3295.256515199841
1232.0 3295.7048754452794
1233.0 3296.166745557329
1234.0 3296.641694127952
1235.0 3297.129674670705
1236.0 3297.6307253402547
1237.0 3298.145637220816
1238.0 3298.6741554069436
1239.0 3299.215962513711
1240.0 3299.7714110499046
1241.0 3300.3403125115838
1242.0 3300.9226509139517
1243.0 3301.51808390136
1244.0 3302.1271635468315
1245.0 3302.7496288333277
1246.0 3303.3857901556175
1247.0 3304.035241031089
1248.0 3304.698800070016
1249.0 3305.376143462193
1250.0 3306.0668160257765
1251.0 3306.771267844848
1252.0 3307.4892509612314
1253.0 3308.2207513141593
1254.0 3308.9661967069756
1255.0 3309.7254826796
1256.0 3310.4980824317113
1257.0 3311.2847253174705
1258.0 3312.0849865961745
1259.0 3312.898766401072
1260.0 3313.7263746439507
1261.0 3314.5671590264174
1262.0 3315.4219837336955
1263.0 3316.290636651281
1264.0 3317.172556319648
1265.0 3318.068331162638
1266.0 3318.977657373905
1267.0 3319.9009590559995
1268.0 3320.838193691776
1269.0 3321.7890625385758
1270.0 3322.7535352724663
1271.0 3323.7319394189135
1272.0 3324.7241191407857
1273.0 3325.730160809585
1274.0 3326.7495704837775
1275.0 3327.782819212319
1276.0 3328.830016513007
1277.0 3329.891174136671
1278.0 3330.966099164384
1279.0 3332.054927303009
1280.0 3333.1570665796635
1281.0 3334.2735640085607
1282.0 3335.4033922520953
1283.0 3336.5473553544484
1284.0 3337.705065729552
1285.0 3338.876203122238
1286.0 3340.0611317999364
1287.0 3341.2597616899993
1288.0 3342.4724599544948
1289.0 3343.6984902231825
1290.0 3344.938617906226
1291.0 3346.1926104482227
1292.0 3347.46035281968
1293.0 3348.7419481573756
1294.0 3350.0371495276477
1295.0 3351.3460558294078
1296.0 3352.6686429703827
1297.0 3354.004978985936
1298.0 3355.3552172702243
1299.0 3356.719365093584
1300.0 3358.096966366432
1301.0 3359.4883819464476
1302.0 3360.8938504019197
1303.0 3362.3126964148482
1304.0 3363.7455443318236
1305.0 3365.19207830397
1306.0 3366.6518901552326
1307.0 3368.1258841749914
1308.0 3369.613407502384
1309.0 3371.114780774383
1310.0 3372.630186894929
1311.0 3374.159016504719
1312.0 3375.7017721811667
1313.0 3377.2582447119044
1314.0 3378.8278581064324
1315.0 3380.4115879468472
1316.0 3382.0085342545126
1317.0 3383.6195575483994
1318.0 3385.2440661967676
1319.0 3386.881768111312
1320.0 3388.5334595490885
1321.0 3390.198586569856
1322.0 3391.8772117687695
1323.0 3393.569364993872
1324.0 3395.2757708082413
1325.0 3396.994916300288
1326.0 3398.7276071753126
1327.0 3400.4737348248796
1328.0 3402.2334973107195
1329.0 3404.006077595247
1330.0 3405.792270080321
1331.0 3407.591634907024
1332.0 3409.40457503144
1333.0 3411.2310649727688
1334.0 3413.071101460576
1335.0 3414.9248110108174
1336.0 3416.7916570236957
1337.0 3418.6722123142413
1338.0 3420.565989348784
1339.0 3422.473064007793
1340.0 3424.3931844355516
1341.0 3426.326817925824
1342.0 3428.2738854983995
1343.0 3430.2341789552324
1344.0 3432.207817589072
1345.0 3434.194651533984
1346.0 3436.194816423871
1347.0 3438.2086292289923
1348.0 3440.235487149407
1349.0 3442.275468731201
1350.0 3444.3289410999214
1351.0 3446.395613438576
1352.0 3448.474822448751
1353.0 3450.5674472971345
1354.0 3452.6729026953753
1355.0 3454.791458601615
1356.0 3456.922936006128
1357.0 3459.067489326609
1358.0 3461.224898787954
1359.0 3463.3950812318085
1360.0 3465.578444692751
1361.0 3467.774445972094
1362.0 3469.9831552606556
1363.0 3472.2045817408493
1364.0 3474.4389866287515
1365.0 3476.6862190673614
1366.0 3478.9458897877603
1367.0 3481.2183290383355
1368.0 3483.503078620129
1369.0 3485.800627895711
1370.0 3488.1105083767056
1371.0 3490.432759523746
1372.0 3492.7675895993284
1373.0 3495.1148406467823
1374.0 3497.4745775471515
1375.0 3499.8466513020476
1376.0 3502.2309066907683
1377.0 3504.6278353382086
1378.0 3507.0365652328474
1379.0 3509.4577833695366
1380.0 3511.890643430048
1381.0 3514.335370983935
1382.0 3516.7920820875197
1383.0 3519.260336955346
1384.0 3521.740930648129
1385.0 3524.233321363137
1386.0 3526.737207106447
1387.0 3529.253295454432
1388.0 3531.780580079376
1389.0 3534.3196750832312
1390.0 3536.869563601775
1391.0 3539.431088657232
1392.0 3542.003930120143
1393.0 3544.5880901441124
1394.0 3547.183275921937
1395.0 3549.7900383725123
1396.0 3552.4085898645135
1397.0 3555.0379369678253
1398.0 3557.678414163008
1399.0 3560.3297864379842
1400.0 3562.992427852849
1401.0 3565.665984987919
1402.0 3568.3500173397906
1403.0 3571.044738029135
1404.0 3573.750342968369
1405.0 3576.4663817672313
1406.0 3579.193612468737
1407.0 3581.9314571292794
1408.0 3584.6794455716795
1409.0 3587.4378415956808
1410.0 3590.2064747356794
1411.0 3592.9855161006403
1412.0 3595.77450379136
1413.0 3598.57358542464
1414.0 3601.382657514559
1415.0 3604.201729263201
1416.0 3607.0303926801585
1417.0 3609.8691019027187
1418.0 3612.7173407800015
1419.0 3615.5750410996793
1420.0 3618.442107575359
1421.0 3621.3185938545603
1422.0 3624.2041149992
1423.0 3627.0994768406404
1424.0 3630.0038641643196
1425.0 3632.9174560219362
1426.0 3635.840332923583
1427.0 3638.7719545130094
1428.0 3641.7121879548313
1429.0 3644.6616553207195
1430.0 3647.6201630189926
1431.0 3650.5868490729445
1432.0 3653.5626298532966
1433.0 3656.5466598521607
1434.0 3659.5394920334707
1435.0 3662.5404926488955
1436.0 3665.549919957856
1437.0 3668.5676710521925
1438.0 3671.592921051551
1439.0 3674.6264770037124
1440.0 3677.66799249112
1441.0 3680.7172565350256
1442.0 3683.774625195473
1443.0 3686.8396248904814
1444.0 3689.9124803533145
1445.0 3692.9927838402095
1446.0 3696.080220408704
1447.0 3699.1754762465434
1448.0 3702.277740876977
1449.0 3705.3874612014056
1450.0 3708.5041466693597
1451.0 3711.6279009294076
1452.0 3714.7588757949766
1453.0 3717.8963104427835
1454.0 3721.0409474678077
1455.0 3724.192467228079
1456.0 3727.350165291407
1457.0 3730.514524386672
1458.0 3733.6852849442243
1459.0 3736.86213243776
1460.0 3740.045696209551
1461.0 3743.234778944993
1462.0 3746.429998467007
1463.0 3749.631694730254
1464.0 3752.8394402129125
1465.0 3756.0530437706084
1466.0 3759.2723295862233
1467.0 3762.4970129938397
1468.0 3765.7273009191367
1469.0 3768.962971756976
1470.0 3772.204115816
1471.0 3775.4501772853137
1472.0 3778.701571767633
1473.0 3781.958249345776
1474.0 3785.2192305715043
1475.0 3788.4853873823995
1476.0 3791.756453891904
1477.0 3795.032432105184
1478.0 3798.3125706999353
1479.0 3801.5972314070737
1480.0 3804.886187944162
1481.0 3808.179877728304
1482.0 3811.477791103824
1483.0 3814.779327609519
1484.0 3818.085232907232
1485.0 3821.3943153790387
1486.0 3824.7075181642554
1487.0 3828.024418550017
1488.0 3831.3450288363683
1489.0 3834.6686583673936
1490.0 3837.996109512256
1491.0 3841.3262864706085
1492.0 3844.6598483464163
1493.0 3847.9961704084308
1494.0 3851.3355428761597
1495.0 3854.678215486737
1496.0 3858.0234969014236
1497.0 3861.371314813008
1498.0 3864.7219268155677
1499.0 3868.0753067114556
1500.0 3871.431070223423
1501.0 3874.7893534647837
1502.0 3878.14979041672
1503.0 3881.512827272271
1504.0 3884.8777144356
1505.0 3888.244640101858
1506.0 3891.6134349143526
1507.0 3894.9840326344975
1508.0 3898.3565154453436
1509.0 3901.730414265119
1510.0 3905.1058930646877
1511.0 3908.48303663629
1512.0 3911.861367911457
1513.0 3915.241122570783
1514.0 3918.6222803075207
1515.0 3922.0041409855053
1516.0 3925.3868366165602
1517.0 3928.770539762976
1518.0 3932.154703419567
1519.0 3935.5394482059214
1520.0 3938.9248773251347
1521.0 3942.3104812223523
1522.0 3945.6965954362713
1523.0 3949.083712334815
1524.0 3952.4706056347204
1525.0 3955.8576265947204
1526.0 3959.2449686038876
1527.0 3962.63230157859
1528.0 3966.0196723137133
1529.0 3969.406912922369
1530.0 3972.7932910504
1531.0 3976.1796354749267
1532.0 3979.5655967418083
1533.0 3982.9511971150087
1534.0 3986.3364874692497
1535.0 3989.721253403282
1536.0 3993.1050063791054
1537.0 3996.48798098168
1538.0 3999.8697503691205
1539.0 4003.251031743743
1540.0 4006.631111387664
1541.0 4010.0100445814874
1542.0 4013.3877624572633
1543.0 4016.7637637019207
1544.0 4020.138365544786
1545.0 4023.5113130409773
1546.0 4026.8833136940643
1547.0 4030.253471256992
1548.0 4033.621900789538
1549.0 4036.9890965311997
1550.0 4040.3543480787985
1551.0 4043.7174148024314
1552.0 4047.078851020992
1553.0 4050.4376602862403
1554.0 4053.7943857460805
1555.0 4057.148757732016
1556.0 4060.5009664480494
1557.0 4063.850563492944
1558.0 4067.1980187127338
1559.0 4070.542782112113
1560.0 4073.884795987952
1561.0 4077.2241317757116
1562.0 4080.5614424169594
1563.0 4083.895627257055
1564.0 4087.226795567169
1565.0 4090.555152784704
1566.0 4093.8804641668166
1567.0 4097.202833480449
1568.0 4100.521767232482
1569.0 4103.83787049056
1570.0 4107.150287046239
1571.0 4110.459691051999
1572.0 4113.765724979519
1573.0 4117.068288919681
1574.0 4120.367415584963
1575.0 4123.662966792323
1576.0 4126.95523078512
1577.0 4130.243643474239
1578.0 4133.528556053504
1579.0 4136.809675060225
1580.0 4140.0866387392
1581.0 4143.360367761408
1582.0 4146.629905200767
1583.0 4149.895566343567
1584.0 4153.157863668031
1585.0 4156.415916934705
1586.0 4159.670472232994
1587.0 4162.920590994912
1588.0 4166.166451512286
1589.0 4169.407899011123
1590.0 4172.645374354224
1591.0 4175.878752084257
1592.0 4179.107182060208
1593.0 4182.331302607662
1594.0 4185.550716278382
1595.0 4188.765334371825
1596.0 4191.975416793681
1597.0 4195.180679806113
1598.0 4198.381217622095
1599.0 4201.578041387072
1600.0 4204.769248339265
1601.0 4207.95610489456
1602.0 4211.137648594624
1603.0 4214.314145882367
1604.0 4217.485872953295
1605.0 4220.652244862113
1606.0 4223.814177167278
1607.0 4226.971488789296
1608.0 4230.123376682336
1609.0 4233.269650140977
1610.0 4236.410756782048
1611.0 4239.546636418351
1612.0 4242.677290950143
1613.0 4245.802757761968
1614.0 4248.922571979232
1615.0 4252.037126034802
1616.0 4255.145715103216
1617.0 4258.249076041824
1618.0 4261.347581091295
1619.0 4264.440075814881
1620.0 4267.527488275022
1621.0 4270.6092615348625
1622.0 4273.684880135504
1623.0 4276.754637956495
1624.0 4279.818917750179
1625.0 4282.877328497552
1626.0 4285.930088272065
1627.0 4288.977040131473
1628.0 4292.017822349184
1629.0 4295.052624932368
1630.0 4298.081086348031
1631.0 4301.1035548228965
1632.0 4304.119566857905
1633.0 4307.129540121824
1634.0 4310.133104126017
1635.0 4313.130117169136
1636.0 4316.1205137165925
1637.0 4319.10429560483
1638.0 4322.081661498878
1639.0 4325.052768464862
1640.0 4328.016820545023
1641.0 4330.974801766048
1642.0 4333.925554075648
1643.0 4336.870170328898
1644.0 4339.807753266782
1645.0 4342.738627651217
1646.0 4345.663057057362
1647.0 4348.580227079984
1648.0 4351.491183134289
1649.0 4354.3954426549435
1650.0 4357.292819515134
1651.0 4360.183329702975
1652.0 4363.0668185168
1653.0 4365.943032103345
1654.0 4368.812146240463
1655.0 4371.673642343009
1656.0 4374.5277210616005
1657.0 4377.374809682287
1658.0 4380.214349494449
1659.0 4383.046328881121
1660.0 4385.870759359873
1661.0 4388.688016107922
1662.0 4391.497496677201
1663.0 4394.299434308543
1664.0 4397.093481755521
1665.0 4399.880329573743
1666.0 4402.659709014386
1667.0 4405.431081610559
1668.0 4408.194488652079
1669.0 4410.950606591328
1670.0 4413.698694283808
1671.0 4416.438855070721
1672.0 4419.170987757472
1673.0 4421.89476794648
1674.0 4424.611051821056
1675.0 4427.319581335936
1676.0 4430.019420273951
1677.0 4432.711698013552
1678.0 4435.395410219265
1679.0 4438.071074194894
1680.0 4440.738439530049
1681.0 4443.397408393166
1682.0 4446.048235086256
1683.0 4448.690654087038
1684.0 4451.324489182527
1685.0 4453.949724113087
1686.0 4456.5662950885935
1687.0 4459.174143111136
1688.0 4461.773503017089
1689.0 4464.364679896558
1690.0 4466.946933020768
1691.0 4469.520727671696
1692.0 4472.085765007536
1693.0 4474.6422399963685
1694.0 4477.189657349119
1695.0 4479.728648893087
1696.0 4482.258214386447
1697.0 4484.779050918495
1698.0 4487.29115494008
1699.0 4489.793682654736
1700.0 4492.287658526767
1701.0 4494.772637608159
1702.0 4497.248625035312
1703.0 4499.7158198130255
1704.0 4502.174385586846
1705.0 4504.624255235536
1706.0 4507.064915568224
1707.0 4509.497010776159
1708.0 4511.919717809215
1709.0 4514.333623120082
1710.0 4516.738745049585
1711.0 4519.1346020492165
1712.0 4521.5211637746415
1713.0 4523.89846032528
1714.0 4526.266230321807
1715.0 4528.624785544865
1716.0 4530.974145043585
1717.0 4533.314313374113
1718.0 4535.645471650079
1719.0 4537.966906014082
1720.0 4540.27912332376
1721.0 4542.58161241936
1722.0 4544.8749326916495
1723.0 4547.159098872273
1724.0 4549.433783449838
1725.0 4551.698529386255
1726.0 4553.953951088015
1727.0 4556.199631628048
1728.0 4558.436463656176
1729.0 4560.66319913259
1730.0 4562.880655219233
1731.0 4565.088261409457
1732.0 4567.286226384656
1733.0 4569.474753198914
1734.0 4571.653466080848
1735.0 4573.822781722479
1736.0 4575.982383553887
1737.0 4578.132212315216
1738.0 4580.272566134032
1739.0 4582.403515978383
1740.0 4584.52436667328
1741.0 4586.63584509539
1742.0 4588.738138717584
1743.0 4590.830990060896
1744.0 4592.914102015886
1745.0 4594.987528142144
1746.0 4597.052063220688
1747.0 4599.106717879376
1748.0 4601.152283722815
1749.0 4603.1882430856795
1750.0 4605.2142892436
1751.0 4607.230639948495
1752.0 4609.237826576784
1753.0 4611.235126195424
1754.0 4613.222881540081
1755.0 4615.2010066944
1756.0 4617.169738865935
1757.0 4619.128666162642
1758.0 4621.078355294432
1759.0 4623.018940529568
1760.0 4624.950108955921
1761.0 4626.871840085888
1762.0 4628.7838470904
1763.0 4630.68619345139
1764.0 4632.580232443825
1765.0 4634.463990504768
1766.0 4636.33891251176
1767.0 4638.204404898001
1768.0 4640.060030822961
1769.0 4641.906656494927
1770.0 4643.743782175473
1771.0 4645.57164008771
1772.0 4647.389970567521
1773.0 4649.19875747504
1774.0 4650.997807584321
1775.0 4652.787312013757
1776.0 4654.567832545598
1777.0 4656.338955512642
1778.0 4658.100877650111
1779.0 4659.853556338241
1780.0 4661.597307766029
1781.0 4663.33120281197
1782.0 4665.0558024228
1783.0 4666.771422578654
1784.0 4668.477611805297
1785.0 4670.174731378514
1786.0 4671.862747362993
1787.0 4673.541392468319
1788.0 4675.211058988832
1789.0 4676.871203031474
1790.0 4678.5223189991675
1791.0 4680.164012844254
1792.0 4681.796550993216
1793.0 4683.419815392833
1794.0 4685.033805562096
1795.0 4686.638851146927
1796.0 4688.234738084543
1797.0 4689.821941962129
1798.0 4691.399745628784
1799.0 4692.968698167742
1800.0 4694.5280688241455
1801.0 4696.078449577503
1802.0 4697.619585029168
1803.0 4699.151841504479
1804.0 4700.6749770696
1805.0 4702.189584003201
1806.0 4703.6950399977595
1807.0 4705.191790614881
1808.0 4706.679300323842
1809.0 4708.15797510096
1810.0 4709.62804660192
1811.0 4711.088905700322
1812.0 4712.541390704002
1813.0 4713.98458381344
1814.0 4715.419484508959
1815.0 4716.844954172
1816.0 4718.262160724159
1817.0 4719.67033406544
1818.0 4721.070434693761
1819.0 4722.461515778081
1820.0 4723.84422668608
1821.0 4725.218285702242
1822.0 4726.5839246308815
1823.0 4727.94072529888
1824.0 4729.28893083776
1825.0 4730.62836433824
1826.0 4731.959482217919
1827.0 4733.28219560576
1828.0 4734.596188508639
1829.0 4735.901553905443
1830.0 4737.198738806882
1831.0 4738.486815739519
1832.0 4739.766525630403
1833.0 4741.037829330237
1834.0 4742.300354654721
1835.0 4743.554536075038
1836.0 4744.799857916159
1837.0 4746.036885698881
1838.0 4747.265024621441
1839.0 4748.484758770401
1840.0 4749.695665558559
1841.0 4750.89825324464
1842.0 4752.09281108816
1843.0 4753.27812671328
1844.0 4754.45578019104
1845.0 4755.625501921921
1846.0 4756.786372920961
1847.0 4757.939131430559
1848.0 4759.083965386721
1849.0 4760.22062946784
1850.0 4761.34910581584
1851.0 4762.469038673312
1852.0 4763.58110185827
1853.0 4764.685302466112
1854.0 4765.780770133073
1855.0 4766.868193525136
1856.0 4767.9475079066715
1857.0 4769.018549135262
1858.0 4770.081488118016
1859.0 4771.13617955813
1860.0 4772.18249325648
1861.0 4773.220994274288
1862.0 4774.2512754358095
1863.0 4775.272914111296
1864.0 4776.286186960961
1865.0 4777.291339846625
1866.0 4778.288462513328
1867.0 4779.277378176127
1868.0 4780.258482142097
1869.0 4781.231328780063
1870.0 4782.1963147357765
1871.0 4783.153517909041
1872.0 4784.102608205647
1873.0 4785.043498711393
1874.0 4785.976698686079
1875.0 4786.902148547568
1876.0 4787.819856482382
1877.0 4788.72956614453
1878.0 4789.631630012991
1879.0 4790.525567952464
1880.0 4791.412031286239
1881.0 4792.290634587887
1882.0 4793.16159536717
1883.0 4794.024704214238
1884.0 4794.8796537339185
1885.0 4795.7271582059375
1886.0 4796.56710192856
1887.0 4797.399023756941
1888.0 4798.2242330737445
1889.0 4799.04123609256
1890.0 4799.85049057643
1891.0 4800.651762532832
1892.0 4801.445785824114
1893.0 4802.23267633005
1894.0 4803.011893057329
1895.0 4803.78366882885
1896.0 4804.54748386019
1897.0 4805.3042442527185
1898.0 4806.05346625312
1899.0 4806.795311422113
1900.0 4807.529850931374
1901.0 4808.257238828832
1902.0 4808.977173048045
1903.0 4809.690025718064
1904.0 4810.395638318751
1905.0 4811.09469295197
1906.0 4811.7859948717905
1907.0 4812.470014563967
1908.0 4813.147151643377
1909.0 4813.817329508481
1910.0 4814.480437037216
1911.0 4815.136628426159
1912.0 4815.785736926816
1913.0 4816.428213650994
1914.0 4817.0635902587655
1915.0 4817.692198533344
1916.0 4818.31360179715
1917.0 4818.92850257867
1918.0 4819.536246028079
1919.0 4820.137573741456
1920.0 4820.732017343071
1921.0 4821.319320676848
1922.0 4821.900378785198
1923.0 4822.474514399103
1924.0 4823.042154380129
1925.0 4823.60279969923
1926.0 4824.1566675149425
1927.0 4824.704090316751
1928.0 4825.24410498864
1929.0 4825.777306585888
1930.0 4826.303771930768
1931.0 4826.823791031138
1932.0 4827.33661107776
1933.0 4827.842890483136
1934.0 4828.34291289664
1935.0 4828.836342022512
1936.0 4829.323465074623
1937.0 4829.804186661409
1938.0 4830.278633746561
1939.0 4830.747112441393
1940.0 4831.209110265025
1941.0 4831.665535609985
1942.0 4832.1153401000165
1943.0 4832.558694546462
1944.0 4832.996206530321
1945.0 4833.427857493343
1946.0 4833.853371875906
1947.0 4834.272896055583
1948.0 4834.6865307894095
1949.0 4835.093884265454
1950.0 4835.495161035697
1951.0 4835.890802726513
1952.0 4836.2803513679355
1953.0 4836.66438539592
1954.0 4837.04221813531
1955.0 4837.4143606485095
1956.0 4837.780572394226
1957.0 4838.141121680032
1958.0 4838.495648821519
1959.0 4838.845077119297
1960.0 4839.188497361584
1961.0 4839.526564151136
1962.0 4839.858719363232
1963.0 4840.185023749679
1964.0 4840.506117233408
1965.0 4840.820999395839
1966.0 4841.130717579888
1967.0 4841.4348491607025
1968.0 4841.7333906706235
1969.0 4842.026501170751
1970.0 4842.314099738575
1971.0 4842.5959587812795
1972.0 4842.872559037522
1973.0 4843.143899353904
1974.0 4843.410359401792
1975.0 4843.671550599696
1976.0 4843.9271941330535
1977.0 4844.178059277072
1978.0 4844.424452455488
1979.0 4844.6662399158395
1980.0 4844.903059801678
1981.0 4845.135622438223
1982.0 4845.363435103951
1983.0 4845.585716069663
1984.0 4845.803836597873
1985.0 4846.017248906771
1986.0 4846.226012547393
1987.0 4846.430196608176
1988.0 4846.629807746914
1989.0 4846.8241111284015
1990.0 4847.014166119039
1991.0 4847.19939527888
1992.0 4847.380118012161
1993.0 4847.556553709759
1994.0 4847.72861851792
1995.0 4847.896191330399
1996.0 4848.0593501992
1997.0 4848.218176993761
1998.0 4848.37217018608
1999.0 4848.522543892481
2000.0 4848.66825969792
2001.0 4848.810339491039
2002.0 4848.94819649392
2003.0 4849.08151655456
2004.0 4849.2112717235195
2005.0 4849.33663752016
2006.0 4849.4581400328
2007.0 4849.57573064128
2008.0 4849.689256096959
2009.0 4849.799063999041
2010.0 4849.905007433282
2011.0 4850.00702999344
2012.0 4850.105557329601
2013.0 4850.200357644641
2014.0 4850.2914740859205
2015.0 4850.37841731216
2016.0 4850.461872271999
2017.0 4850.5417196547205
2018.0 4850.618131577759
2019.0 4850.690838066401
2020.0 4850.759997580319
2021.0 4850.825365706878
2022.0 4850.887335357278
2023.0 4850.945692958079
2024.0 4851.001384189119
2025.0 4851.0538738345585
2026.0 4851.103017597758
2027.0 4851.14943824448
2028.0 4851.19258493856
2029.0 4851.23289667216
2030.0 4851.26965418672
2031.0 4851.303577313121
2032.0 4851.3345398736
2033.0 4851.361990393922
2034.0 4851.3866230390395
2035.0 4851.408694110081
2036.0 4851.428531533761
2037.0 4851.444981165279
2038.0 4851.45881742928
2039.0 4851.470084612161
2040.0 4851.478388220001
2041.0 4851.484720826561
2042.0 4851.488360262081
2043.0 4851.489737032961
2044.0 4851.48865757168
2045.0 4851.484617127999
2046.0 4851.478371076321
2047.0 4851.46981189264
2048.0 4851.458797204482
2049.0 4851.445342217439
2050.0 4851.42933841136
2051.0 4851.411582023518
2052.0 4851.391386254081
2053.0 4851.369185486719
2054.0 4851.345333415361
2055.0 4851.31871707264
2056.0 4851.290219938656
2057.0 4851.259970564095
2058.0 4851.227516458432
2059.0 4851.193133513984
2060.0 4851.157126786994
2061.0 4851.11903483544
2062.0 4851.079091861551
2063.0 4851.036970709136
2064.0 4850.99343152576
2065.0 4850.947394808977
2066.0 4850.899960911631
2067.0 4850.850957037951
2068.0 4850.7996734365115
2069.0 4850.746894025807
2070.0 4850.692742422319
2071.0 4850.637381471793
2072.0 4850.580138314352
2073.0 4850.5219388012165
2074.0 4850.46245837232
2075.0 4850.401616277345
2076.0 4850.339201273025
2077.0 4850.275423466655
2078.0 4850.2102848668
2079.0 4850.144128923026
2080.0 4850.07557921915
2081.0 4850.005986161808
2082.0 4849.935530530255
2083.0 4849.864223309232
2084.0 4849.791595387951
2085.0 4849.718026500382
2086.0 4849.643287379616
2087.0 4849.568061168096
2088.0 4849.4909980944485
2089.0 4849.413132192721
2090.0 4849.333900911374
2091.0 4849.254031921825
2092.0 4849.173183438785
2093.0 4849.091184459474
2094.0 4849.007913290863
2095.0 4848.923911606898
2096.0 4848.838580923615
2097.0 4848.7528820445905
2098.0 4848.665687620817
2099.0 4848.577615769824
2100.0 4848.488542180656
2101.0 4848.398918207071
2102.0 4848.308550712143
2103.0 4848.217559114608
2104.0 4848.125449041474
2105.0 4848.033233205776
2106.0 4847.940130262861
2107.0 4847.846405084623
2108.0 4847.752198807902
2109.0 4847.657519203071
2110.0 4847.561954829887
2111.0 4847.466270537103
2112.0 4847.369688458288
2113.0 4847.272808712386
2114.0 4847.175634924193
2115.0 4847.0781684688
2116.0 4846.979914924113
2117.0 4846.8816257912495
2118.0 4846.783173694509
2119.0 4846.683968626143
2120.0 4846.585203915521
2121.0 4846.485316451793
2122.0 4846.3850045670715
2123.0 4846.2841817836825
2124.0 4846.183391492479
2125.0 4846.081854303199
2126.0 4845.98047640432
2127.0 4845.87900878016
2128.0 4845.776814358398
2129.0 4845.674629979682
2130.0 4845.572534459998
2131.0 4845.470225712799
2132.0 4845.367868618399
2133.0 4845.265125942562
2134.0 4845.162423044321
2135.0 4845.059256455041
2136.0 4844.956238066238
2137.0 4844.853378242399
2138.0 4844.750133682081
2139.0 4844.64696753053
2140.0 4844.543936650702
2141.0 4844.440346860672
2142.0 4844.33686070368
2143.0 4844.23259928549
2144.0 4844.128720420863
2145.0 4844.024644460655
2146.0 4843.9203242884005
2147.0 4843.815720166016
2148.0 4843.710668207825
2149.0 4843.606255895361
2150.0 4843.501228032416
2151.0 4843.396314708845
2152.0 4843.2918480697435
2153.0 4843.187320675953
2154.0 4843.083254092431
2155.0 4842.979536988595
2156.0 4842.87491399
2157.0 4842.771338202914
2158.0 4842.668024062976
2159.0 4842.564725436049
2160.0 4842.461718506848
2161.0 4842.358104316159
2162.0 4842.254492816991
2163.0 4842.151385142623
2164.0 4842.048390021153
2165.0 4841.944834218176
2166.0 4841.841873181552
2167.0 4841.739040643665
2168.0 4841.636786290141
2169.0 4841.534646612576
2170.0 4841.433478571521
2171.0 4841.332314949599
2172.0 4841.231439461648
2173.0 4841.130624270496
2174.0 4841.030625375359
2175.0 4840.930934530625
2176.0 4840.831702427761
2177.0 4840.732351507283
2178.0 4840.633302404543
2179.0 4840.534577104273
2180.0 4840.436179970783
2181.0 4840.337749634064
2182.0 4840.2400170627525
2183.0 4840.142314589775
2184.0 4840.044767493727
2185.0 4839.947819437441
2186.0 4839.851440234929
2187.0 4839.75597002072
2188.0 4839.661728195808
2189.0 4839.567628720528
2190.0 4839.4743668705105
2191.0 4839.381515617008
2192.0 4839.289517472465
2193.0 4839.19829693208
2194.0 4839.1076482759045
2195.0 4839.017868462896
2196.0 4838.928634695616
2197.0 4838.839784327902
2198.0 4838.752040975392
2199.0 4838.664598374624
2200.0 4838.57770783056
2201.0 4838.490958897488
2202.0 4838.405017886207
2203.0 4838.319376827729
2204.0 4838.234687187647
2205.0 4838.1503795372455
2206.0 4838.067187133585
2207.0 4837.985221703582
2208.0 4837.903219351584
2209.0 4837.822280679489
2210.0 4837.742223531105
2211.0 4837.662720265711
2212.0 4837.58474879845
2213.0 4837.508136951955
2214.0 4837.432173515649
2215.0 4837.357381130209
2216.0 4837.2833982609445
2217.0 4837.210502505535
2218.0 4837.138976045806
2219.0 4837.0687129793105
2220.0 4836.999279533519
2221.0 4836.930771231409
2222.0 4836.863839741344
2223.0 4836.797897062078
2224.0 4836.733336440385
2225.0 4836.6698167048
2226.0 4836.60714522784
2227.0 4836.545825031537
2228.0 4836.4851961838085
2229.0 4836.426429067168
2230.0 4836.368467681951
2231.0 4836.311692360896
2232.0 4836.256444640352
2233.0 4836.202191655041
2234.0 4836.14947345693
2235.0 4836.0975659651685
2236.0 4836.047593399968
2237.0 4835.998561367456
2238.0 4835.951080469456
2239.0 4835.905191996271
2240.0 4835.860516878863
2241.0 4835.817992486419
2242.0 4835.77683228304
2243.0 4835.737406914483
2244.0 4835.6998581878415
2245.0 4835.663981759905
2246.0 4835.629527764882
2247.0 4835.596814235297
2248.0 4835.565701435106
2249.0 4835.535899236896
2250.0 4835.507955966111
2251.0 4835.481337848257
2252.0 4835.456296328689
2253.0 4835.4329482452185
2254.0 4835.411198130609
2255.0 4835.391266298912
2256.0 4835.372336028895
2257.0 4835.355801066914
2258.0 4835.340748832942
2259.0 4835.327600111503
2260.0 4835.316905792272
2261.0 4835.307742861181
2262.0 4835.299816703153
2263.0 4835.2934775650865
2264.0 4835.288999704448
2265.0 4835.286287376446
2266.0 4835.285597658096
2267.0 4835.286953561968
2268.0 4835.290270577072
2269.0 4835.295776736542
2270.0 4835.3033673018235
2271.0 4835.313309531006
2272.0 4835.325386293904
2273.0 4835.339432257569
2274.0 4835.356020264831
2275.0 4835.374366410799
2276.0 4835.394852736783
2277.0 4835.417961535585
2278.0 4835.443964418271
2279.0 4835.472229104832
2280.0 4835.502973121763
2281.0 4835.5366018999175
2282.0 4835.572394810222
2283.0 4835.610784592417
2284.0 4835.651703952208
2285.0 4835.695524395699
2286.0 4835.7421448916
2287.0 4835.791628619534
2288.0 4835.844320208367
2289.0 4835.899946242896
2290.0 4835.9586008841925
2291.0 4836.0200084064
2292.0 4836.084507457521
2293.0 4836.151863930626
2294.0 4836.222499015011
2295.0 4836.296098982351
2296.0 4836.3723897338405
2297.0 4836.452112578785
2298.0 4836.535190902592
2299.0 4836.621682590943
2300.0 4836.711310717538
2301.0 4836.803916195985
2302.0 4836.899682929617
2303.0 4836.998791876942
2304.0 4837.101259312561
2305.0 4837.20738890912
2306.0 4837.316241103935
2307.0 4837.428636175937
2308.0 4837.544905644595
2309.0 4837.6646784459535
2310.0 4837.7883156304
2311.0 4837.915651469855
2312.0 4838.046606602127
2313.0 4838.181459615201
2314.0 4838.320362447522
2315.0 4838.4625822727185
2316.0 4838.609005118977
2317.0 4838.759181996799
2318.0 4838.912700248318
2319.0 4839.070360594384
2320.0 4839.231743408111
2321.0 4839.397030706097
2322.0 4839.566247344655
2323.0 4839.739076536833
2324.0 4839.916197101089
2325.0 4840.0968195861915
2326.0 4840.281622318671
2327.0 4840.470628005791
2328.0 4840.6639666917445
2329.0 4840.861429478992
2330.0 4841.063150105363
2331.0 4841.2686415522885
2332.0 4841.47871129408
2333.0 4841.692583663216
2334.0 4841.911073735696
2335.0 4842.134356762721
2336.0 4842.362001479838
2337.0 4842.593586334398
2338.0 4842.830093332799
2339.0 4843.070705588001
2340.0 4843.315677142238
2341.0 4843.565401735842
2342.0 4843.819625883041
2343.0 4844.0783646712
2344.0 4844.34144814752
2345.0 4844.609300316
2346.0 4844.881785447521
2347.0 4845.158637022398
2348.0 4845.440011530719
2349.0 4845.72626626304
2350.0 4846.017450973278
2351.0 4846.31330841792
2352.0 4846.6134408958405
2353.0 4846.918629145918
2354.0 4847.228135115839
2355.0 4847.54284550416
2356.0 4847.862161924639
2357.0 4848.1861568883205
2358.0 4848.51462749584
2359.0 4848.848429186401
2360.0 4849.187364044319
2361.0 4849.532020698721
2362.0 4849.880864067681
2363.0 4850.23561442992
2364.0 4850.594934506718
2365.0 4850.959573419523
2366.0 4851.32962590592
2367.0 4851.704930430559
2368.0 4852.0853908585605
2369.0 4852.4711702313625
2370.0 4852.861635220482
2371.0 4853.25737824656
2372.0 4853.65833355024
2373.0 4854.06464027616
2374.0 4854.47647657488
2375.0 4854.8934500083205
2376.0 4855.316206642719
2377.0 4855.744536978719
2378.0 4856.17818407712
2379.0 4856.6178815945605
2380.0 4857.063170110718
2381.0 4857.514398576817
2382.0 4857.970537129424
2383.0 4858.432248165583
2384.0 4858.899645790671
2385.0 4859.372478676992
2386.0 4859.851156883555
2387.0 4860.3347631196175
2388.0 4860.824223297008
2389.0 4861.319362407551
2390.0 4861.820319233103
2391.0 4862.327000221471
2392.0 4862.839779247119
2393.0 4863.358275722895
2394.0 4863.882476429824
2395.0 4864.412495238864
2396.0 4864.948962502465
2397.0 4865.491115563394
2398.0 4866.038818241007
2399.0 4866.591661825152
2400.0 4867.150303217759
2401.0 4867.7142012397135
2402.0 4868.283677988527
2403.0 4868.858816384671
2404.0 4869.439293996625
2405.0 4870.025521517311
2406.0 4870.617076974784
2407.0 4871.214071014721
2408.0 4871.817460137102
2409.0 4872.425602642831
2410.0 4873.039822552206
2411.0 4873.659724373922
2412.0 4874.284986176639
2413.0 4874.916629819616
2414.0 4875.553589920766
2415.0 4876.197005773534
2416.0 4876.846363124751
2417.0 4877.501802144801
2418.0 4878.163045751951
2419.0 4878.8301992004
2420.0 4879.502975352736
2421.0 4880.182308951345
2422.0 4880.866795454991
2423.0 4881.557117236704
2424.0 4882.253972321839
2425.0 4882.956279976671
2426.0 4883.664340678321
2427.0 4884.3779670187205
2428.0 4885.097249125761
2429.0 4885.822963382656
2430.0 4886.553670442528
2431.0 4887.290820414881
2432.0 4888.033601979776
2433.0 4888.7818733985905
2434.0 4889.535761397999
2435.0 4890.295504748112
2436.0 4891.061242734895
2437.0 4891.8329791923525
2438.0 4892.610359166578
2439.0 4893.393472817727
2440.0 4894.181987746001
2441.0 4894.977177875136
2442.0 4895.777944524161
2443.0 4896.5842473762905
2444.0 4897.3966285081115
2445.0 4898.215004919804
2446.0 4899.039111592768
2447.0 4899.869276702961
2448.0 4900.704623627059
2449.0 4901.54610425405
2450.0 4902.393820500513
2451.0 4903.247078372976
2452.0 4904.10611542336
2453.0 4904.970933641265
2454.0 4905.8418968905735
2455.0 4906.718643270958
2456.0 4907.601811423647
2457.0 4908.491022178144
2458.0 4909.385961361536
2459.0 4910.2868258229455
2460.0 4911.193975267664
2461.0 4912.107113256464
2462.0 4913.02572574248
2463.0 4913.951125750944
2464.0 4914.882485275168
2465.0 4915.8198087579985
2466.0 4916.763535927937
2467.0 4917.713161005902
2468.0 4918.66899480333
2469.0 4919.629901867972
2470.0 4920.597033042418
2471.0 4921.570024600753
2472.0 4922.549064232562
2473.0 4923.533755000592
2474.0 4924.524475444513
2475.0 4925.520945519438
2476.0 4926.523379496544
2477.0 4927.531976759041
2478.0 4928.546176961712
2479.0 4929.5663727344145
2480.0 4930.592090370287
2481.0 4931.623904261757
2482.0 4932.66174129944
2483.0 4933.705558280528
2484.0 4934.755411794
2485.0 4935.811122387007
2486.0 4936.873188953903
2487.0 4937.940820641617
2488.0 4939.014640434947
2489.0 4940.094339830847
2490.0 4941.180176461714
2491.0 4942.271451628513
2492.0 4943.368711585295
2493.0 4944.471847394513
2494.0 4945.580690529072
2495.0 4946.695303063759
2496.0 4947.815261783426
2497.0 4948.941256762288
2498.0 4950.073071588031
2499.0 4951.21055955448
2500.0 4952.354078055698
2501.0 4953.503505104495
2502.0 4954.658957544913
2503.0 4955.819885335793
2504.0 4956.986686408109
2505.0 4958.15884080752
2506.0 4959.336450763871
2507.0 4960.519281040735
2508.0 4961.708144322435
2509.0 4962.902182795746
2510.0 4964.101643566593
2511.0 4965.3065098390725
2512.0 4966.51669408096
2513.0 4967.732226168591
2514.0 4968.953215864273
2515.0 4970.1792380154075
2516.0 4971.4108730660655
2517.0 4972.647692138242
2518.0 4973.889377876898
2519.0 4975.136854759154
2520.0 4976.389203256896
2521.0 4977.647250280992
2522.0 4978.9100808201765
2523.0 4980.178620038754
2524.0 4981.452458911696
2525.0 4982.731551213008
2526.0 4984.01610737387
2527.0 4985.3061190460485
2528.0 4986.600575069666
2529.0 4987.900227533523
2530.0 4989.205095987011
2531.0 4990.514733379664
2532.0 4991.829629197104
2533.0 4993.149386282305
2534.0 4994.474944307648
2535.0 4995.804995835232
2536.0 4997.140463500145
2537.0 4998.481153032031
2538.0 4999.827507744593
2539.0 5001.178870709599
2540.0 5002.535300429535
2541.0 5003.896996195662
2542.0 5005.2633791978415
2543.0 5006.634741611999
2544.0 5008.010878927647
2545.0 5009.3917835135835
2546.0 5010.777408586656
2547.0 5012.168240924786
2548.0 5013.5641644491825
2549.0 5014.964687644816
2550.0 5016.3698572788
2551.0 5017.77979015944
2552.0 5019.1941461756305
2553.0 5020.6133167183825
2554.0 5022.037298651744
2555.0 5023.465640022785
2556.0 5024.898686258319
2557.0 5026.336359005008
2558.0 5027.778557305218
2559.0 5029.225374895169
2560.0 5030.676824531392
2561.0 5032.132299803455
2562.0 5033.5918869296
2563.0 5035.056021983776
2564.0 5036.524987576051
2565.0 5037.998278868386
2566.0 5039.476167244498
2567.0 5040.958309121921
2568.0 5042.444548665631
2569.0 5043.935174542943
2570.0 5045.430393749199
2571.0 5046.9298654317445
2572.0 5048.4341424923505
2573.0 5049.943134225057
2574.0 5051.456256882145
2575.0 5052.973557393935
2576.0 5054.495151354418
2577.0 5056.020908301806
2578.0 5057.551060031505
2579.0 5059.085436375457
2580.0 5060.623960487297
2581.0 5062.166405460881
2582.0 5063.71217518925
2583.0 5065.26247188032
2584.0 5066.816445462848
2585.0 5068.374422429055
2586.0 5069.936179508974
2587.0 5071.50227345203
2588.0 5073.072001385151
2589.0 5074.644877544671
2590.0 5076.222176448015
2591.0 5077.803658694609
2592.0 5079.38944471544
2593.0 5080.9793344529435
2594.0 5082.573557704415
2595.0 5084.171803613984
2596.0 5085.773776974289
2597.0 5087.379586034049
2598.0 5088.989060906928
2599.0 5090.601615391296
2600.0 5092.218697317215
2601.0 5093.839310234062
2602.0 5095.4638431637595
2603.0 5097.092211879201
2604.0 5098.723882188353
2605.0 5100.359385250945
2606.0 5101.99879384096
2607.0 5103.641598393775
2608.0 5105.288777931521
2609.0 5106.939592508929
2610.0 5108.593867683487
2611.0 5110.251977561586
2612.0 5111.913176862864
2613.0 5113.578257633711
2614.0 5115.247089347169
2615.0 5116.91960382197
2616.0 5118.595399519326
2617.0 5120.274832816895
2618.0 5121.957527983568
2619.0 5123.6431401393465
2620.0 5125.332160633105
2621.0 5127.024236900975
2622.0 5128.719902773489
2623.0 5130.418511405569
2624.0 5132.120445866931
2625.0 5133.8251785484
2626.0 5135.532537398031
2627.0 5137.243174312832
2628.0 5138.956840999598
2629.0 5140.673114342942
2630.0 5142.392952520178
2631.0 5144.115971970845
2632.0 5145.841570809682
2633.0 5147.570367361423
2634.0 5149.3020719428505
2635.0 5151.036655854319
2636.0 5152.773895571458
2637.0 5154.513833779233
2638.0 5156.256372038813
2639.0 5158.002257704514
2640.0 5159.750195894513
2641.0 5161.501138117985
2642.0 5163.254838181486
2643.0 5165.010879228912
2644.0 5166.769833488002
2645.0 5168.531614085904
2646.0 5170.29535706259
2647.0 5172.061554015472
2648.0 5173.830412603758
2649.0 5175.601592348672
2650.0 5177.375101101391
2651.0 5179.151370963058
2652.0 5180.930109557999
2653.0 5182.711539205874
2654.0 5184.4950221877425
2655.0 5186.2801164107705
2656.0 5188.0674604957585
2657.0 5189.857260277327
2658.0 5191.648757479744
2659.0 5193.4424496993415
2660.0 5195.238620072434
2661.0 5197.036995130255
2662.0 5198.837542760989
2663.0 5200.6404782381305
2664.0 5202.445146278737
2665.0 5204.252127490787
2666.0 5206.061088864607
2667.0 5207.871877298256
2668.0 5209.684242040913
2669.0 5211.498948439633
2670.0 5213.314916181631
2671.0 5215.133169738241
2672.0 5216.952850661616
2673.0 5218.774422623841
2674.0 5220.597243539681
2675.0 5222.421101499041
2676.0 5224.247024385279
2677.0 5226.073881009759
2678.0 5227.902333704049
2679.0 5229.733004529617
2680.0 5231.564399999826
2681.0 5233.397500307678
2682.0 5235.2318333929925
2683.0 5237.067296820913
2684.0 5238.90477810464
2685.0 5240.743136341488
2686.0 5242.582998637008
2687.0 5244.424503852128
2688.0 5246.266513037683
2689.0 5248.110300983025
2690.0 5249.954633826479
2691.0 5251.800827869569
2692.0 5253.648018033695
2693.0 5255.496651330373
2694.0 5257.346333339344
2695.0 5259.196489896493
2696.0 5261.047532959026
2697.0 5262.8993825231055
2698.0 5264.75192599768
2699.0 5266.6053050554565
2700.0 5268.45909136117
2701.0 5270.313504536272
2702.0 5272.1684699464495
2703.0 5274.024478079807
2704.0 5275.88084327856
2705.0 5277.737562790484
2706.0 5279.594481554224
2707.0 5281.452129691201
2708.0 5283.309692749824
2709.0 5285.166986753009
2710.0 5287.023945023296
2711.0 5288.881033631184
2712.0 5290.73847123235
2713.0 5292.595256387054
2714.0 5294.452701037824
2715.0 5296.31012006563
2716.0 5298.167181872253
2717.0 5300.024469606144
2718.0 5301.881641440702
2719.0 5303.738438807681
2720.0 5305.595926693934
2721.0 5307.452946648353
2722.0 5309.309870521939
2723.0 5311.16672839739
2724.0 5313.022940453042
2725.0 5314.878590338436
2726.0 5316.733745795006
2727.0 5318.588060767058
2728.0 5320.441990673073
2729.0 5322.295450700127
2730.0 5324.148176637585
2731.0 5325.9995355351675
2732.0 5327.849698005281
2733.0 5329.699384187119
2734.0 5331.5480532231195
2735.0 5333.396005864335
2736.0 5335.243024439937
2737.0 5337.089727593235
2738.0 5338.934691604944
2739.0 5340.779179305886
2740.0 5342.622315185586
2741.0 5344.464481684158
2742.0 5346.305613023869
2743.0 5348.145996298675
2744.0 5349.985165526255
2745.0 5351.822759363088
2746.0 5353.659438352832
2747.0 5355.494524579073
2748.0 5357.328173262225
2749.0 5359.160251068642
2750.0 5360.991012780863
2751.0 5362.820622907616
2752.0 5364.648526360208
2753.0 5366.475079179649
2754.0 5368.299701023677
2755.0 5370.122544884942
2756.0 5371.943696996946
2757.0 5373.762900349985
2758.0 5375.579470476704
2759.0 5377.394135513583
2760.0 5379.206964820316
2761.0 5381.017867832688
2762.0 5382.826405543551
2763.0 5384.633644232337
2764.0 5386.439295454162
2765.0 5388.242971550561
2766.0 5390.044536530018
2767.0 5391.844421816401
2768.0 5393.642233750304
2769.0 5395.437968165408
2770.0 5397.231949310304
2771.0 5399.023904704896
2772.0 5400.813768030688
2773.0 5402.601061750864
2774.0 5404.386408416209
2775.0 5406.168825526018
2776.0 5407.949254787439
2777.0 5409.727139363377
2778.0 5411.502918908174
2779.0 5413.276363855295
2780.0 5415.047497560609
2781.0 5416.815807142271
2782.0 5418.581690942178
2783.0 5420.344851308208
2784.0 5422.10587620763
2785.0 5423.864326895664
2786.0 5425.620812786127
2787.0 5427.3746139071845
2788.0 5429.125654783487
2789.0 5430.873687816304
2790.0 5432.618919898063
2791.0 5434.361869182159
2792.0 5436.1019554616005
2793.0 5437.83953221491
2794.0 5439.574177051648
2795.0 5441.306498074688
2796.0 5443.036303397937
2797.0 5444.763416651456
2798.0 5446.488086645757
2799.0 5448.209999031345
2800.0 5449.92871671123
2801.0 5451.644494557969
2802.0 5453.3573444441445
2803.0 5455.067082692721
2804.0 5456.7739444419985
2805.0 5458.477235562801
2806.0 5460.177962956336
2807.0 5461.875241084945
2808.0 5463.570230991617
2809.0 5465.261634918976
2810.0 5466.950063935282
2811.0 5468.635013648991
2812.0 5470.316193101454
2813.0 5471.994095915215
2814.0 5473.669013293408
2815.0 5475.340205380479
2816.0 5477.007903968368
2817.0 5478.672852589585
2818.0 5480.334401930112
2819.0 5481.992545333998
2820.0 5483.6473632704165
2821.0 5485.297948279807
2822.0 5486.945004438991
2823.0 5488.587861869855
2824.0 5490.227450971566
2825.0 5491.8640558868465
2826.0 5493.49665198419
2827.0 5495.12565343157
2828.0 5496.750488056911
2829.0 5498.372264410691
2830.0 5499.990009795308
2831.0 5501.603739866306
2832.0 5503.214104774703
2833.0 5504.819827525921
2834.0 5506.422920850768
2835.0 5508.021981554096
2836.0 5509.6174010163395
2837.0 5511.208638970096
2838.0 5512.796505607968
2839.0 5514.379717711152
2840.0 5515.9597696688015
2841.0 5517.536131412928
2842.0 5519.108858495505
2843.0 5520.67801249979
2844.0 5522.243338070752
2845.0 5523.805306484848
2846.0 5525.363346771106
2847.0 5526.917833788387
2848.0 5528.468642269712
2849.0 5530.015005354415
2850.0 5531.557907672607
2851.0 5533.096918169837
2852.0 5534.631620190174
2853.0 5536.162197724048
2854.0 5537.689003146128
2855.0 5539.211383342065
2856.0 5540.729483958466
2857.0 5542.243800462738
2858.0 5543.753193929553
2859.0 5545.258834086866
2860.0 5546.759393816001
2861.0 5548.2552488102565
2862.0 5549.747236229024
2863.0 5551.234316574752
2864.0 5552.717032486721
2865.0 5554.195127932882
2866.0 5555.668954019666
2867.0 5557.138720216049
2868.0 5558.603553544526
2869.0 5560.063937392946
2870.0 5561.520099827391
2871.0 5562.971694060477
2872.0 5564.419063384096
2873.0 5565.861549099534
2874.0 5567.299447288831
2875.0 5568.732888019777
2876.0 5570.162046440705
2877.0 5571.586820232159
2878.0 5573.006556174207
2879.0 5574.421920473044
2880.0 5575.832572977424
2881.0 5577.238069512079
2882.0 5578.639857871267
2883.0 5580.037428005407
2884.0 5581.4299055128495
2885.0 5582.817436894447
2886.0 5584.200179180382
2887.0 5585.578229512272
2888.0 5586.951315169007
2889.0 5588.31962162717
2890.0 5589.682685904447
2891.0 5591.040444936879
2892.0 5592.393720595277
2893.0 5593.742292217922
2894.0 5595.085648106145
2895.0 5596.424758509265
2896.0 5597.7593787818705
2897.0 5599.0891420402895
2898.0 5600.413818403006
2899.0 5601.733698117826
2900.0 5603.048790636401
2901.0 5604.359437287198
2902.0 5605.6645257755545
2903.0 5606.9651718449295
2904.0 5608.260569055006
2905.0 5609.551335767746
2906.0 5610.83740797053
2907.0 5612.118016601407
2908.0 5613.39413912728
2909.0 5614.665375230242
2910.0 5615.931182198992
2911.0 5617.192428975503
2912.0 5618.448530307584
2913.0 5619.700328157124
2914.0 5620.947050984689
2915.0 5622.188834847553
2916.0 5623.42557857267
2917.0 5624.65742095776
2918.0 5625.8838066969765
2919.0 5627.105666150594
2920.0 5628.322361359232
2921.0 5629.533661851151
2922.0 5630.740079931698
2923.0 5631.94136268597
2924.0 5633.137417371235
2925.0 5634.328474336944
2926.0 5635.514447533936
2927.0 5636.695483131137
2928.0 5637.871735063185
2929.0 5639.043175190976
2930.0 5640.208968291872
2931.0 5641.370108640032
2932.0 5642.525976108992
2933.0 5643.676996366655
2934.0 5644.822367160529
2935.0 5645.962675912432
2936.0 5647.097767840081
2937.0 5648.227309110385
2938.0 5649.352182153775
2939.0 5650.472195386816
2940.0 5651.586669402081
2941.0 5652.696207812269
2942.0 5653.801327060111
2943.0 5654.901647644338
2944.0 5655.997310418175
2945.0 5657.088393781074
2946.0 5658.174825672671
2947.0 5659.255994036817
2948.0 5660.333054522145
2949.0 5661.405615490959
2950.0 5662.473247356448
2951.0 5663.536419409632
2952.0 5664.595371463505
2953.0 5665.649650676909
2954.0 5666.69931535227
2955.0 5667.744144022772
2956.0 5668.785137129312
2957.0 5669.821811059982
2958.0 5670.8534129899035
2959.0 5671.881047363682
2960.0 5672.904097925968
2961.0 5673.923420657439
2962.0 5674.93904040056
2963.0 5675.95115195552
2964.0 5676.958741584945
2965.0 5677.963168933362
2966.0 5678.963431636725
2967.0 5679.959601460495
2968.0 5680.951810214958
2969.0 5681.940676137538
2970.0 5682.926057645795
2971.0 5683.907139776786
2972.0 5684.884010395215
2973.0 5685.856623036367
2974.0 5686.824866108
2975.0 5687.78902947816
2976.0 5688.748375749295
2977.0 5689.703974634975
2978.0 5690.655633774095
2979.0 5691.603810786655
2980.0 5692.548227613727
2981.0 5693.488829651856
2982.0 5694.424765701743
2983.0 5695.3579979998885
2984.0 5696.286964531726
2985.0 5697.2127102239665
2986.0 5698.134542014464
2987.0 5699.053161278974
2988.0 5699.96798189171
2989.0 5700.8787056705605
2990.0 5701.786318442769
2991.0 5702.690593977505
2992.0 5703.591409543569
2993.0 5704.488660328271
2994.0 5705.382525320271
2995.0 5706.273032861887
2996.0 5707.160149445441
2997.0 5708.043901468192
2998.0 5708.9248500932
2999.0 5709.80282228144
3000.0 5710.677315202975
